id,opinion_0,opinion_1,opinion_2,opinion_3,opinion_4,opinion_5,opinion_6
930000.0,0.1308110872160373,-0.8566276395309114,-0.8811600835990094,0.8271048904007086,-0.4973302853858095,-0.1677695339327323,0.1684790309416444
930001.0,0.5335991254028358,-0.6087404629894206,0.21151419385517078,-0.6296964916121863,-0.8206922483764778,-0.3494899004215646,0.9509169633862389
930002.0,-0.6079842658636931,-0.1519397833516578,0.3507761031579384,-0.7535882897893817,0.4897600738576864,-0.17581728763313453,0.30045555793859835
930003.0,0.8006917859507547,0.27136962838588885,0.02846313447832105,-0.6198076468338058,0.36361057792780116,0.3945530312740264,0.22690111256257106
930004.0,0.1988365451662346,0.42705235367542693,0.020168518934200463,-0.1477531075422498,-0.6066442524257911,0.20192221743651428,-0.7836229050432066
930005.0,-0.8175360478295333,-0.8344977053725731,0.9799058736080863,0.9580784047638224,-0.04370243672281249,0.5725186851698938,-0.22227585078840972
930006.0,0.6854806460438578,-0.3789251619802969,-0.12563652013846993,0.0992982189722389,0.9686181153884921,0.8772635686247023,0.3738363750890643
930007.0,0.02492900058477332,-0.3957265689671865,0.2399720681378732,0.665755914522107,0.1391850829379686,-0.029276098039977105,-0.4350597103280016
930008.0,-0.15472480923612486,-0.2847850880936893,-0.08121762398093435,-0.4468312012962914,-0.8054941055977332,-0.9894474999238818,0.3941236431506714
930009.0,0.22269647149254146,0.5532036704356482,-0.9401531624886996,-0.4876643236227496,-0.6441938882528329,-0.5220073734973969,-0.2636882285886688
930010.0,0.8835946369298564,0.09518722902848098,0.07127580903704978,-0.019947565492485442,0.559113973092433,-0.7818987891370253,-0.8595044825947205
930011.0,-0.35340583680484317,-0.38387372387021657,-0.4350017465428875,0.4189787607781825,0.9012575000760696,0.913307660776695,0.7089196430257816
930012.0,-0.3239294587800081,-0.19307597464772197,0.6220565166010663,-0.20760207043720214,0.7374101688770884,-0.5670822168971661,0.8914538443363735
930013.0,-0.2951409894254706,0.6171738508221769,-0.8850219078397941,0.9753645037727818,0.36431715334696735,-0.8036025694943016,0.5428597048143791
930014.0,-0.3312680434804447,0.5888506203901276,0.1612166034619884,0.6613086354137334,-0.3288709979660718,0.10592184427949713,0.44299733338198055
930015.0,-0.8621557452701798,-0.7434302204143166,0.7503805845587752,0.9185869365159369,0.593218696428119,-0.5013921327218034,0.03435603345970484
930016.0,0.9523387298221337,0.43075698456352907,0.6746408672536957,-0.05344272201739342,0.7716274473031093,-0.8475304744355414,-0.5136638278401153
930017.0,-0.3777786360563584,0.48713318804724604,-0.4122287544361034,-0.8688264313790541,0.574848426758652,-0.5858954477667782,0.12455039212883157
930018.0,-0.9115130737444066,-0.6276246272721195,0.7450564520814258,-0.9403206055433888,-0.466940196577732,-0.3765992583566229,0.8907977701099874
930019.0,-0.4129352077053461,-0.3542361788470696,0.28666087151670494,-0.7615126608714256,0.620768300500842,-0.159297052662968,0.9737728640566925
930020.0,-0.8342086021181341,-0.9438164530511506,0.6792704332726769,-0.07641464923328045,-0.6990146498121215,-0.5485163320590158,-0.22693733526605508
930021.0,-0.13877455745555722,0.7260999565156905,0.16436229222066578,0.46015828214862675,0.3389868673720171,-0.4120523132520939,-0.6895071698252226
930022.0,-0.07265505989507903,0.09149464672104224,-0.39729920263420526,-0.6591804454456482,-0.10313977264366248,0.20863232857246028,0.22115549111176303
930023.0,0.5122636923659638,0.38477642621397234,0.06876229667359768,-0.7299698431281447,-0.6620994612148643,-0.005142886857914197,0.008768565985233456
930024.0,-0.3210798978903584,0.2951380529590448,0.869944668435831,-0.9312008852418958,0.9739676747322064,-0.42165657468395024,-0.6058014313846429
930025.0,-0.14203203554348032,-0.86568985019489,-0.9917746041924524,0.5679182230472124,0.78352194269883,-0.20523676139944658,-0.5241994688935021
930026.0,-0.2727646587883459,0.38976873643529975,0.015187534087815369,-0.9285335850308065,0.10483483169262175,-0.7340507959264362,-0.513280352987924
930027.0,0.5883797280482987,-0.14485703273370465,0.7693077797283518,-0.34465095278565916,0.3163551964600999,0.2647672132760439,0.8645350359918798
930028.0,-0.7656458457750777,-0.5272399906060896,0.40354898845516773,-0.9827117045448572,-0.09171080603498427,-0.7936814576182596,0.482891148722008
930029.0,-0.3688010397609378,-0.7892686607812527,0.7765922661549562,-0.573027430012317,0.498756234619941,0.2796327395193119,0.8641810202172608
930030.0,0.015826333381835367,-0.6660009350884073,-0.44781088899512644,0.16110587614538052,-0.7561368644517614,0.9485118984614096,0.5686143403698611
930031.0,-0.49199437476315167,0.9359996611318901,-0.40790084111256597,-0.36935517540798,-0.8720256883722917,-0.678161405607606,-0.35046387842820836
930032.0,0.5119531277072848,0.7469019074037635,-0.009650156570793378,-0.15129662010132927,-0.1473673155001638,-0.6107077004784793,-0.12612440772812006
930033.0,0.0010408685346774416,-0.4183436289025104,-0.7933362601802978,-0.036677688209135306,0.5908914276961286,0.2969860989952138,0.2631063523522301
930034.0,0.7913639519632392,0.6763975194641496,-0.39864670739080665,0.18396311953090438,-0.8228022428473654,-0.6085557799703749,0.6948633473120682
930035.0,-0.1352334159634332,0.7455226825123862,-0.9884511066984265,-0.03378018356620216,0.8126042959894266,-0.2157412381560706,-0.16387070122973135
930036.0,-0.36939360545308686,-0.03835504471224671,-0.45936678539505515,0.4343982441683718,0.39391142781992117,-0.7482971736880193,-0.8466162363132914
930037.0,-0.2680323742091242,-0.49300516861115495,-0.8903030578087101,-0.964070175515297,-0.0269724532210609,-0.7447842909232836,0.7572951247163415
930038.0,0.6999801277703068,-0.9359247264971573,-0.08484752571034915,0.49446321339268984,0.39804978886602216,0.3950367296956283,-0.45997133270902046
930039.0,-0.4000417522803348,0.09552275319830938,-0.24486874908540557,-0.3339061968518957,0.5739011789341475,0.9731761659699272,0.32764056634226635
930040.0,0.22029057066469626,0.8477561742908215,-0.3090559205821497,0.14827978093358318,-0.3418793981959485,-0.93898379049693,-0.7558789716285315
930041.0,-0.9781743345228975,0.8743173591054185,-0.9540495941998179,0.4585629103791924,-0.862866124488235,-0.6488670042222604,0.5674365686097644
930042.0,0.3601776719867831,-0.45541285061109504,0.5518201530828613,-0.9019639841243756,0.3481612532859977,0.20873880258438549,-0.13433898057838434
930043.0,-0.7055917834782375,0.9161586716984165,0.4809175182477574,0.5409343488635461,-0.99335520766209,-0.9847707026055346,0.9576506373831146
930044.0,0.4993262065695767,-0.8436555550931328,0.9352871544809036,0.2010582878041609,-0.07062645822440738,-0.8720979439554024,-0.26001608103776763
930045.0,-0.2505529144133607,0.2496571253912232,0.16372189946722093,0.3175936916011519,-0.23392371527246603,0.6039270395217637,0.5515663696814164
930046.0,-0.5734263032861298,-0.3332307372505494,0.4410480843803182,-0.44239002421572704,-0.25198836090794896,-0.20611713658746078,0.16002845850223335
930047.0,-0.10109409496442212,0.4049727775351317,0.7006312444371954,0.931028349598219,-0.5068075243613186,-0.3661715492550903,-0.09481097857655363
930048.0,0.17227559921254576,-0.3425247499692332,-0.10866702373899839,-0.37970555161767905,0.7550689594222451,0.8546216572497254,-0.8603332351029302
930049.0,-0.9960546374871129,0.35548299063170363,-0.5096227715422808,-0.44174899069840534,0.7081145394859996,0.4536314762767373,0.9723520601088211
930050.0,0.7193160775673786,-0.8891635744009152,-0.9852051438214176,-0.40313760251128383,0.2354685004878463,0.747925023561816,0.46268161673247077
930051.0,0.6453139168575135,-0.9695065318800131,0.20244287173702058,0.9226215214303943,-0.44515037284780856,-0.4133984453627022,-0.08416577991965801
930052.0,0.8321338180107132,0.19851474242176326,-0.5118235202100714,-0.8187560296737237,0.04260272943266186,-0.8023736284058589,0.23928924390689854
930053.0,0.21437150959118867,-0.341241349028633,0.5555401377631153,0.1012212288662786,0.5816199185925559,-0.01877117952640095,0.48462067695148314
930054.0,0.5816902161487594,0.5946857200099445,0.957941581884467,0.4921565479671297,0.7389091753728418,-0.1085358884612373,-0.7680242594619173
930055.0,0.9983857508222693,0.4112389677214314,-0.27903595503988,-0.48751386751880954,0.9940996786570209,-0.09562813400394976,-0.13326072936598554
930056.0,-0.4453490184063065,-0.3542470664548978,0.4959998632340479,0.5876077149280192,-0.3000392758439019,-0.8572161913809668,-0.4515278400744678
930057.0,-0.7264094034907336,0.35120681944503396,0.2383177599938311,0.9566852686577196,-0.8742900678844132,-0.23877082567008867,-0.4941567022244384
930058.0,0.6565459217738254,0.7611828228966573,-0.9373096878223073,0.11121920117150386,-0.3112093593226073,0.8020113839648548,-0.21273527173971885
930059.0,0.47575664874363555,0.1914132432810065,0.4128672114974168,-0.13534873415884952,0.4835142085247468,-0.5844968899658187,-0.22752028700211513
930060.0,-0.6813789750900281,0.019927400023100228,-0.10672748348908612,-0.40328543044606047,-0.07240622341922442,-0.39536269040079164,0.2291022547765893
930061.0,0.270756159912815,0.016329814830532863,-0.18702017527512993,-0.33225564216434345,-0.6662245229983874,-0.6419184697226441,0.9121764385092745
930062.0,0.614627779502408,-0.7508702800267255,0.3711673752725988,0.21513815671467929,0.4481994424199618,0.21493608499038386,0.9026547482065073
930063.0,0.38488936335586676,0.2942846648454829,0.7013649502376655,-0.586718749754245,0.95974853472935,-0.4966573104166756,-0.7047131299260683
930064.0,-0.23868438025844374,-0.988296827478429,-0.15781768975191168,-0.4380717198872053,0.9208649179600954,-0.18729480556926292,0.16019048091219124
930065.0,-0.839854952213124,-0.5667775612796162,-0.4590804896097247,-0.7584491581423487,0.2520014417851917,0.9260930790451114,0.3996752216828101
930066.0,-0.17255802506828166,0.64112754585395,-0.1125479713526385,-0.14873318530763413,0.7674350597910136,-0.8772008333694385,-0.30692633271735303
930067.0,-0.0903605738401223,0.32888960419870217,-0.8472583101532172,-0.038056731584713344,0.24259337007887405,0.314656617706464,-0.03900724303623471
930068.0,0.6510085407599646,-0.44072587316570355,0.5246005946532215,0.25389325301227195,-0.9150586965341825,0.25543454893855055,0.11332012017893622
930069.0,0.6170890545648344,0.30684225006638854,-0.2991127580828483,0.8618581337899307,-0.7311237442229799,-0.5823365903349678,-0.9984882024881112
930070.0,-0.17479181508301367,0.3535691289478877,0.39241910495607124,-0.8720228633586697,0.34874303548704844,-0.23329723566477933,0.016019074175303682
930071.0,0.11696619811448428,-0.9239336631770225,0.8234414024408203,-0.4891439765495522,0.9302875881088573,0.29175891911028473,0.31055340959879896
930072.0,-0.20764292446440957,-0.051676827324623975,-0.7058820030271062,0.30001296864373894,-0.5861661120735009,0.03445575047134364,0.9641019764519845
930073.0,-0.39884479515466986,-0.06623310164079776,0.5143175751687645,0.5960490445621178,0.9739134858262275,0.586438912729804,0.3182173405624378
930074.0,-0.3084614634246219,-0.3470256859856624,-0.3434636935137003,-0.2433362929163143,0.8309347831370735,-0.03810280519436504,0.4453702903700758
930075.0,-0.35111552940569113,-0.07850349268756518,0.8261097645210937,0.9017358339060946,-0.27692759623049557,0.2311766037384002,0.3848814629648942
930076.0,0.45393458488045435,-0.09834128911374873,-0.9833235938427574,-0.8935736658227684,-0.7232924232359466,-0.026074963565350773,-0.26082692241147165
930077.0,-0.38627541179505,0.09532646439584647,0.5709141767409656,0.15918717239533864,0.6701494467452189,0.16129571009094557,0.15601002450309953
930078.0,0.5254648290879387,-0.6064346147720423,0.08781507882740747,0.7150240548389253,-0.37843352266587615,0.20979379861022052,0.26803370675442206
930079.0,0.027427490556995338,-0.4394043672892318,-0.68150291254225,-0.48949766642385195,0.5202431925447653,-0.5420999988881312,0.14747231904795566
930080.0,0.2888095285451,-0.09251588862918703,0.28171746205216674,0.39733635578026405,0.5938117873544753,0.15991962130826942,0.5672523787852959
930081.0,-0.5395702888445668,-0.2804121248997524,0.4772413386672669,0.1653092005697676,-0.26986080450712135,0.07275252828542245,0.5612944647156721
930082.0,0.010832273258794212,-0.659487080677094,-0.17781429772247326,0.12334641210517394,0.8012916200585318,0.5157146928155472,-0.030958085415682346
930083.0,-0.47505625086994674,-0.7583237251557058,0.38861164369373746,-0.3737226793837469,-0.40758142676548426,-0.9682452327948008,0.00580178226978223
930084.0,-0.3662172215488202,0.8751667748361991,0.2928173205526805,-0.24430016594424653,-0.2983777399352605,0.9433322291925912,0.3070766120003203
930085.0,-0.09856864949941757,-0.6722678117977703,0.7631745962487744,-0.9208202704421906,0.2926113085592461,0.6991522150072518,-0.06405566200074064
930086.0,0.9841799094146413,-0.20711708731176004,-0.582369781200867,0.3095114924833362,-0.24567746898366938,0.057444804749603895,-0.07513612784562018
930087.0,-0.11617508102014162,-0.9620369450350976,0.45017397956487537,0.9576924180867641,0.0269313346423512,-0.7288416745986173,-0.6021343983535852
930088.0,-0.03702024861495823,-0.23705805366635957,-0.13096364122086102,-0.8376673643973243,-0.3520900646408627,0.11007743390428071,-0.3580995798312281
930089.0,-0.7302238323566006,0.7793073591497139,-0.38962966355967543,0.7574016957812149,0.27167806463425404,-0.23044593231541155,0.7399998557723315
930090.0,0.8633606037346251,0.7927075481698127,0.2422304454837707,-0.973705864486073,-0.1406328527138565,-0.14230331275386066,0.8757328268735154
930091.0,-0.07770684081589097,0.10969683292978694,0.679458334033787,-0.5555519229360499,-0.43679762772660147,-0.43173684147806335,-0.8492754479548492
930092.0,0.138683013285396,0.8500452187172138,-0.36712209964336484,-0.7677279008636317,-0.9515326251844594,-0.013153372699087562,-0.2092068826507516
930093.0,-0.22304663329071595,0.6142529398153271,-0.8413700622312077,0.2367071194357222,-0.22030119341049348,0.7130496973380522,-0.5457002159845155
930094.0,0.7842540806041609,-0.9682992574448179,0.31150938599916866,0.3552101943604944,-0.5382301934574212,0.7327703346849774,-0.37166558166925
930095.0,0.8153908158807242,0.13360870472969677,-0.10873187830729636,0.2331922647891067,0.5016471111860079,-0.06399818606067642,0.2879634025441469
930096.0,-0.7255070260822909,-0.915497239758331,-0.5816914076448843,-0.06543363761805665,0.7092566523971666,-0.19797966533352462,-0.7619049780674163
930097.0,-0.07702793132269292,0.4954711946285082,-0.11750442394809024,0.9905200471881677,0.03586186885368492,-0.6435245254000521,-0.3907672654105834
930098.0,-0.3130209468007994,0.8316009722426188,0.4531051579456893,0.045490388746771915,0.5324907802692849,-0.10517372002533643,-0.1042395807042229
930099.0,0.548848632637873,-0.7660700762705857,0.25731373453447093,-0.8275806047297729,-0.8249622741329781,-0.07214606484934283,0.06956907649021238
930100.0,0.44253274919291274,-0.4602246567790884,-0.2633535223310992,0.07005138674719924,-0.036296950779212356,0.9208068879947444,-0.38548177264653005
930101.0,-0.2125294645187885,-0.027460505821897074,0.8114752037793247,0.35099858261449657,0.5720609315817851,-0.34583789760095596,-0.8666078921405749
930102.0,0.9219680131270529,0.8574825423565777,0.22464879230734103,-0.6750487974132962,-0.19011317461577937,-0.5863484903762459,0.8725786073277628
930103.0,0.4560783149126524,0.0492363974651322,-0.48716887983044654,0.5468849524818538,0.23715553602515294,0.8567332785681019,0.36058969688120723
930104.0,-0.8013869833681158,0.2290205236015288,0.6842034776719097,-0.05533979764365404,-0.23936406067204619,-0.6677353959251262,-0.4548331273620103
930105.0,-0.6043745590000626,0.4963866397048735,0.11763086253657518,-0.21582628263944037,-0.11862931115064757,-0.09805115707196577,-0.38522365977997675
930106.0,-0.48094199794460946,-0.30157187878203895,0.47737970160712795,-0.3092386060588015,-0.031226053106536922,-0.041580202152234014,0.7536812941503752
930107.0,0.9618051847806088,-0.01649976848903778,0.34216720313165294,0.49893102944245094,0.5781671014893859,-0.11013069998502822,0.4727532039025166
930108.0,-0.8253544813568026,0.1837992662896224,0.021057912803222,-0.18299862954478452,0.08383028663593861,0.3587189967868587,-0.16362571186327024
930109.0,0.3659095889168569,-0.9639631366817221,-0.9793508805288225,0.9764238759691437,0.7810604106297305,0.5516120897879584,-0.5978348168715553
930110.0,-0.42739397133618895,-0.5031870837877697,-0.5338679379080042,-0.6775813442153389,0.41268369475050615,0.28226903725889696,-0.3630669338266317
930111.0,0.3986698302568066,0.9095006816826412,-0.35315499653366844,-0.7071152603737632,-0.9494141961133453,0.02435139090869587,0.1875349646423441
930112.0,0.9945658689586607,0.15515166164403849,-0.6191039638849059,-0.2715595289597075,-0.3764826309791558,0.8568958680287055,-0.3370867191651332
930113.0,-0.008412523359111024,-0.29436348524678957,0.8460678880991226,-0.4058043370890507,0.7750066278811152,-0.6929380429508605,0.8817073718625628
930114.0,0.8873639801284507,-0.03373458593737966,0.8894432945085959,-0.7582334669209363,0.09004359968096587,-0.6861179721377133,-0.5993288839337296
930115.0,-0.45217736278096177,0.5668498340287713,-0.5949207943571075,0.4296495993901499,0.015468363394050222,-0.6881930370458014,0.9925697946303496
930116.0,-0.6868709704407701,-0.4140895990244986,-0.5374054067087559,0.6620544952706406,0.14153245515634527,0.03635236807325737,-0.5787107837130898
930117.0,0.2926085343609408,-0.6804659683633545,-0.8136003133593777,-0.9957278916785695,-0.03996046748052873,0.7736774442594063,-0.043264391194094864
930118.0,0.2365958617502102,-0.010051669688191156,0.6325128966939908,-0.2856934543398808,0.28226508026388486,-0.8041104787214317,-0.13296793989932842
930119.0,-0.37841526526735003,0.14373186703175556,-0.8463062213247015,0.06619477162274512,-0.5951381273842247,0.7483652258824693,0.20016327690966373
930120.0,0.6843987212124034,0.38518562955225244,0.4528360285021851,-0.8992063518376481,-0.43599403800566816,-0.038777983597171106,0.7379862106881034
930121.0,0.19399056559332628,0.026468873346893407,-0.4107983405137865,0.7900155339534038,-0.29934002543571725,0.3028988948618523,-0.2531082952963304
930122.0,-0.4338157412234005,0.5982485753466789,0.01293716240757381,-0.2629329121823474,0.7664312928306058,0.2795598641749253,0.7400401351061432
930123.0,-0.5791170536113044,0.3804667407978901,-0.5572082816707422,0.7382370195451364,0.8332770701088474,-0.5345004410747813,-0.12410810207308942
930124.0,0.3701786352320213,0.6848593233206839,0.1544349590844516,0.48168198176696664,0.9997666832352452,-0.3701774522941115,-0.2984124984842651
930125.0,-0.17965360230010252,0.30810604919048346,0.43786118392239204,-0.35498326228160315,-0.7054713327214888,0.8784828295532521,0.053487874840093985
930126.0,0.5296253043244881,-0.9972954051306959,-0.4448061925035174,0.07766437880236943,0.6084202181292262,-0.8009022716198257,0.840868804336248
930127.0,0.9413321538337052,-0.8945043213113413,0.19050601210505502,-0.9486781568573073,-0.6526042303001458,0.8830346880751083,0.5586858522888605
930128.0,0.06256531506972851,0.656486676088861,-0.06444448618280463,-0.5609243054990962,0.23193807410882905,0.5214117818867998,-0.5224682834973406
930129.0,-0.008551371178079137,0.8084995378439725,0.5196877409385974,0.9487371201400703,-0.0465189130415653,-0.7073879026608507,0.4640381599708341
930130.0,0.6945146811499561,-0.2638235822729542,0.32392884556170265,0.7770269711103559,0.08683808366039258,0.9515128127744898,-0.7356528878620316
930131.0,-0.03792434978936088,-0.7124134534008699,0.5217589361964159,0.1959684537944517,0.9943453673567775,-0.6596173334146707,-0.8404105532023329
930132.0,0.11636536832036071,0.24352799504503597,-0.7823114050207343,0.45713559372196655,0.4688983862794973,-0.14336458133147167,0.8872652395910177
930133.0,-0.9494097293176069,-0.25636633004731246,0.815969848994774,-0.99570215894911,0.06857075700569637,0.8196541928131813,0.8833384546402998
930134.0,-0.3227976994040451,0.9925009547907309,0.5300432881185682,0.12962314233699113,0.6199967321955331,-0.22581486850471189,-0.5234924859855072
930135.0,0.14631768182000804,0.07728891916879532,0.9885476820027788,0.12414389753255284,0.16602357119140132,-0.6223829406957473,-0.6780991434110089
930136.0,-0.2646058465043104,-0.8802093784905007,0.25937773571924594,0.4102927872593001,0.4847988140844022,-0.8046395400545907,-0.3296292112229007
930137.0,0.7743208617161279,0.3285698579188421,0.21787953419243267,0.1061433457917309,-0.6379022865862674,0.9004848929897793,0.9089372974623231
930138.0,0.24124587896996963,0.17699212043477064,0.3847630247245464,-0.2664235483369515,0.4447539107869998,-0.5077706117633702,-0.5569360758778783
930139.0,-0.256432223163618,0.20419124760862872,0.5674363520695231,0.9261936305764007,-0.2506062159090683,-0.41096243808202737,-0.8924909867372668
930140.0,0.2636448836879355,-0.9461857574633394,0.3682492209566055,0.3306955970693428,0.9938176092963102,0.62439669073677,-0.19145130138113275
930141.0,-0.6519818621600693,-0.18037175524930005,0.3987124650537268,0.23315198660959235,-0.52728898265672,-0.8106982580360629,0.08581968796832284
930142.0,-0.4942590899418329,0.18324098022516555,0.9049808963760684,-0.20449700767789247,-0.27562109760875386,-0.6602678390931127,0.34824080040046335
930143.0,-0.9642223022802472,-0.7398688270874847,-0.4906803842335252,-0.12016907908933705,0.4056761057576237,0.8488282236790687,-0.7317682980504046
930144.0,-0.4171347136569665,0.5800692823692497,-0.340075627613849,0.6450852755086618,-0.8602275309772185,-0.5638581089998986,0.5190713694981564
930145.0,0.6705438518781532,-0.9857713289668091,-0.5510258392096634,0.0005653664550260284,0.4549605352345578,0.3146615423910082,0.2544372226122358
930146.0,0.8051426285585095,-0.27825906081482144,0.007759991951309608,-0.46733306567656974,0.6483144885912417,0.009162016301281106,0.1515354114014522
930147.0,0.7967826924864316,0.5538623017154425,-0.5874560187435138,0.04587976630988888,-0.8466821955256258,0.8564002713553824,-0.5747715651435898
930148.0,0.09929622986298492,-0.5217338642816272,-0.6923340959037492,-0.5600604963785774,-0.43639681213058035,-0.6656152623231137,0.9191619797632957
930149.0,-0.4487566991623786,0.7775516989952505,-0.6016927008557384,0.2200972678455606,0.15552017786110817,-0.7013237826735432,0.07083132448482465
930150.0,-0.0072847505193700535,0.9013905157731441,0.5056391362134403,-0.970158103848755,-0.09574287245845436,0.20176702781451872,0.9762757888649916
930151.0,-0.6932170530540143,-0.20096091342596978,0.38048050835431413,0.19588018012715325,-0.1523121282710893,0.9538041520210008,0.7490244738071195
930152.0,0.08657802376777757,0.7371745052878445,0.6663947461700508,-0.32802257690247005,0.7335754148787097,-0.7283304379166158,0.2835161191747655
930153.0,-0.13662752532158073,-0.04199182057247253,0.09302435944452436,0.4023587639614461,0.6864081002264106,-0.5894773095194878,0.860557001953052
930154.0,-0.07526360988831549,0.22569650427279986,-0.36192132813704814,0.2498937985169647,-0.3139582783272279,-0.8974429866502387,0.4837085197654267
930155.0,0.13392800852556208,0.997735570547734,-0.5122364755804727,0.7971595949934644,0.48914013232330733,-0.011372491644417115,0.21090526867327908
930156.0,-0.47728801316580327,0.23177547187653036,-0.4323828765088109,0.783659201975073,-0.49606710200674176,0.5873686456594955,0.7011329275496954
930157.0,-0.30671941392831115,0.5329632371489132,-0.5664821180151498,0.6848865053561175,0.7316972854783199,0.47059055919680914,-0.021553726151751773
930158.0,0.9601138207643563,0.8530286491644172,-0.07177022570451896,-0.9187333779472677,-0.4575827158137149,-0.6800869848060407,-0.05689615210028798
930159.0,-0.7814217253027569,0.09484137103289059,0.8040384481534222,-0.5403035771576246,-0.2562375623455131,0.7912156772609353,-0.9699059459220893
930160.0,-0.7502803148749762,-0.7738535865183338,-0.33033570065040996,-0.895159463036378,0.0017974546143693093,0.8693587379919427,0.6923861647173313
930161.0,-0.2442052861652,0.9144668174785284,-0.3920921319931385,-0.2019897272388027,-0.616969564199078,0.9441656056719401,-0.6113678948221553
930162.0,0.970068204460028,-0.5147419018469477,-0.6995261690418213,0.6241415506949064,-0.967824869592568,-0.0923877433854492,0.40536010337071415
930163.0,-0.8432932249284171,0.006532378980702358,0.5164500632274309,-0.9232521170610173,-0.9691715819809299,-0.4611262256903652,0.11151339789414694
930164.0,-0.4525550207080944,0.4914389541955073,0.49752472326672503,0.8945392002902299,-0.08705207384975666,0.7331040021881325,-0.853478346279195
930165.0,-0.9400846866425117,-0.8620146717865955,0.9970744015786455,-0.09202693336621603,-0.9459155811216613,0.825676587976905,-0.5719063789833816
930166.0,-0.8864618632525882,0.5940128209214426,-0.7635516169889061,0.5491391865216912,-0.8255177704272765,-0.306342744230395,0.3744564984447689
930167.0,-0.9907640140206502,0.07188477278233951,0.5058791328627417,0.5448428212897192,-0.32917113883895843,0.06144134204730056,-0.879181505731307
930168.0,0.6893450387629994,-0.03281714779354683,0.21094835076375928,0.5272065991224582,0.7883973888964289,-0.42624863750154796,0.92031726828733
930169.0,-0.3799462063629777,-0.5788801767304901,0.47869241377356087,-0.04020075478674445,-0.09682035242486142,0.3703583430248456,-0.7864969711556562
930170.0,-0.9077534324712946,-0.7836018894661803,0.7541528955019872,0.011690329310625858,0.4082407125294234,-0.11255706582859082,0.2968738525744694
930171.0,0.45043531347215215,0.8404782135763349,0.7240818067122945,-0.7152022803820426,0.6547496812625002,0.7152780609655116,-0.29580628319494284
930172.0,-0.662964675169416,-0.9130062549206461,0.2532325328725338,-0.935126387161294,-0.9311448579118817,-0.4041957375869778,-0.9133277780268587
930173.0,0.40265679659420006,-0.8080954957554598,-0.5661834168953619,-0.8384953401447883,-0.3452093611419935,0.5145039487618261,0.09122463108491496
930174.0,-0.4957860936007983,0.0018509143268341521,-0.45639839709539465,0.7208650338794389,0.47912522013016523,0.6924387514877073,0.3087980864505073
930175.0,-0.0625985822046966,0.916677460024514,0.1347356778157811,-0.876959566184202,0.6945478773686362,0.883525618293914,-0.9262179979046361
930176.0,-0.01936029479461232,-0.7279680449960593,0.40839700263250256,-0.010394489864160805,-0.5671679034235206,0.3677240464429212,0.8088753576564536
930177.0,0.02799326406945024,0.644595974839925,-0.5186691381554824,-0.37243493085703916,0.13263528030265026,0.49976373378597927,0.0035534022190233383
930178.0,0.4425023855250063,0.5610201543148139,0.8304697282620663,0.9283932098657677,-0.3271460645742168,0.24569700920639592,0.8395701961563735
930179.0,-0.6544965578189448,0.8734564435047358,0.6408400541696442,-0.7210712567778101,-0.0250277470762319,-0.6802535417038791,-0.6674007594382927
930180.0,-0.5081773852854725,-0.04590487573062929,0.20277435188230908,-0.9512645948412379,0.9082182513797219,-0.9657157282153788,-0.05230617667084747
930181.0,0.7613849818615197,-0.7329313559879265,-0.4326208761440533,0.2459804230260163,0.510750795773339,-0.8231189872067877,-0.8571940857179094
930182.0,-0.5302363046256502,0.28415902959633055,0.7815367186607958,-0.9702966947637934,0.01753352520907936,-0.3547843518907865,-0.6758169525078486
930183.0,-0.6767920013824067,0.39390467334987767,-0.47589516946660537,-0.9028744218804732,-0.25844803860218835,0.28784278093306015,-0.6113161135994034
930184.0,0.8650776607575121,-0.09534059561788077,0.5029400841707015,-0.726103484575036,0.3679688115094768,-0.027000983935550504,0.4994584907705948
930185.0,-0.8700024549086831,-0.6380858287716697,0.7967180062600392,0.4985415030744651,-0.06559352755660197,0.11116330073994174,0.3619036585197586
930186.0,0.1269996448932429,0.7023165525345372,-0.6759813824129637,0.1797083913715518,-0.4101109217851331,0.7402593594268747,0.4153156706598835
930187.0,-0.6305297671887062,-0.14556210061354302,0.114187042062313,-0.7067918935696738,-0.6246018073455863,0.22231594150927236,0.09380465157913598
930188.0,-0.6271316042066708,0.06844161750268651,-0.03499005238401853,0.5088174126352283,0.13651958848498014,-0.5702176290051997,0.6787982026876482
930189.0,0.8932576169311128,0.6175118342234425,-0.5993309328480227,-0.6952524968192992,0.19621557983395554,-0.24600694267340883,-0.15673793993099028
930190.0,0.9967028654153991,0.11754939964810318,-0.31265259898052244,-0.6220063769190132,-0.334842323906807,-0.7268948888811964,0.4454260397143568
930191.0,-0.7537926903805197,-0.7703369940661569,0.21833350660633766,-0.04781237237091185,0.17401162269639125,-0.37244637967140437,-0.31042038700412333
930192.0,0.2879033887933167,0.6883564042651173,-0.14513959106476482,0.058935738525748516,0.2124375031165724,-0.8494700022201196,-0.18285769210895264
930193.0,0.2807891250190342,0.17446338568787678,-0.9934522284758172,-0.6729495393336862,0.4856435818145928,-0.6445527930806461,-0.36998870064946665
930194.0,-0.3113382899112316,-0.22465895957874693,-0.12227552714235124,0.8281036819656178,-0.05633448556917542,-0.404580790637858,-0.9916228542630574
930195.0,-0.06465767087760566,0.35009771013739654,-0.10951090138935116,0.8454349280119471,0.14092710046624757,-0.06197652830349076,-0.02904655242631815
930196.0,0.2865225178006421,0.34241107984406116,0.3061462804551902,-0.3278160476798728,-0.11047298915351766,0.32082018665091927,-0.6076740595276697
930197.0,-0.7495017408988542,-0.5303921569729335,0.5031439748833326,0.46791931522844976,0.1537477103315601,0.30800061562982073,0.8078998659315031
930198.0,-0.33912990037039714,0.8285124752362647,-0.1625250025365521,-0.9094475291807687,0.9072870686774528,0.5230191147121135,0.5726007318996349
930199.0,-0.88856694118926,0.9598621379855481,-0.8455775685710407,-0.45708822416094685,0.2751058902677095,0.5181924401354823,0.1956094119514793
930200.0,-0.09425251530407697,0.7637547276324383,0.389104896883705,0.5349712882654785,0.4828168218397142,0.48437980101813505,0.8614203209139459
930201.0,-0.33314601661311016,-0.5315127830585542,0.7792943441013671,0.7774270036108595,0.6650973478935986,-0.3354796499020998,0.946815837832444
930202.0,-0.5414151509769889,-0.28514616600813203,0.4197020013439483,0.9456015069550245,0.5017728003851916,-0.3934145581469275,-0.12385950595034001
930203.0,-0.1551581701916913,-0.4539764424126418,-0.9056675795584597,-0.3303554362721919,0.21835812558877343,-0.5275101893106275,0.2571935099656393
930204.0,0.8530307960116248,0.2791297686590333,-0.5540870970546237,-0.9085964428193842,-0.5425805061434237,0.9264907096281347,0.14494565997594555
930205.0,0.3092468752612203,-0.48767631281494017,0.01638443154263225,0.21924026568684596,0.4478857997559318,0.8699260205833133,-0.9924515898233945
930206.0,-0.2617953911018023,-0.13795579073841435,-0.49810977082746,0.3799161545808898,-0.37532947936425654,-0.09539738106199591,0.79734329642006
930207.0,-0.29726508841898736,0.223287748139269,-0.0434087918974122,0.5556375474198296,0.7794568924657994,0.5047514209996342,-0.8110612987849775
930208.0,-0.9048834429130388,0.49354961886632065,-0.440995034556555,0.3197393997228739,0.12836930507656574,0.5933087085010458,-0.6267587647597741
930209.0,0.2913477262593378,-0.8617920775110295,0.032959755580658445,-0.44358773434063825,-0.11212315845272647,0.22388695102014888,0.5116092425241527
930210.0,0.6403304167369372,-0.1389034891262022,0.48484128705892604,0.754362382074588,0.5550619893553184,0.7980125350762268,0.4032234716681582
930211.0,-0.767733900791608,0.061552759147922576,0.7303204173152351,0.28247121995248325,-0.24195038467254504,0.2534990893150597,0.982564267200865
930212.0,-0.2176082669444266,0.5993687250137811,0.11169373264808713,0.9770509497408175,0.20807263019427924,-0.28077158879351805,0.2467679404335712
930213.0,-0.5356864989045913,0.9781905037114829,0.4766853459547711,0.13984310116786247,-0.9341265512624177,0.3660361610753129,0.6771829702857814
930214.0,-0.03414156818757319,-0.29185871577014444,-0.6146236775045895,0.32265374609341735,0.17675802289986864,0.40496692905172194,0.19513071115931235
930215.0,-0.2985825232930337,-0.8302887516587545,-0.7991810560154924,-0.5012556793441423,0.08394049110568136,-0.8091116861458696,0.5693220984957297
930216.0,-0.7640744012071656,0.3691991540873101,0.12798828605317514,0.6921994906898219,0.5872891742744086,0.4845156429573978,-0.35625903586159735
930217.0,-0.36609198794601294,0.2674530315415975,0.9773191405879997,0.13753725562716745,0.17794042007790334,0.5841665559893772,-0.40503809771102794
930218.0,0.49283413344912574,-0.846080987177448,-0.8739322544987083,-0.7276644364417437,0.8394054945736207,-0.00734127869307466,0.39149544702915406
930219.0,0.7548664070069169,0.43856364201945186,0.015143272597690771,-0.5711072135765596,-0.27866291901980755,-0.8722891368062529,0.18153195701674418
930220.0,0.8263160257989259,0.45545725170420615,0.6826086197374113,0.9391188037377101,-0.8771998335419968,-0.8153427276159155,-0.6064216374774991
930221.0,0.442601736397471,0.12298685825565747,0.057678933761467155,0.5875639553754433,0.3593148954546548,0.9994252061422753,0.45119154086276136
930222.0,-0.8100103931303659,-0.460647363754521,0.7575554945588707,0.1818621556661535,0.8741680018775404,-0.6719067658250615,0.637320448193675
930223.0,-0.12910133253432843,-0.13132450868063894,0.6715468986850524,0.8603598894004549,-0.2527750132450166,-0.6689338596077943,0.6272112405417705
930224.0,0.2510067700194252,0.5368179290326518,0.8910500717045582,-0.680510925445911,-0.3150177848519311,-0.6291977152267985,0.41692121508742463
930225.0,-0.03557433064247828,0.6274308435177736,-0.6947689993859667,-0.2174513922056247,0.45972150454189076,0.6870761412350801,-0.4401416810477614
930226.0,0.9783383325015063,0.800485275298727,-0.2254662345594738,-0.665838541445293,0.6941249042925057,-0.7598033048843569,0.1914989785956258
930227.0,-0.835021077235784,-0.40371576867770753,-0.542468399432577,0.6552384022456799,0.11041153354926592,-0.17991386287448408,-0.8488977532882513
930228.0,0.8300473416016485,-0.5529007351687685,0.5076891711437816,-0.9117263782803491,0.9064096031725903,0.6389361273217491,0.7087407447552887
930229.0,-0.6751227791340404,0.46871671120950786,-0.13895829426531203,0.6226113354716212,-0.7306289286984122,-0.4762527529408054,-0.9868292545516635
930230.0,-0.8615694293347709,-0.36819972196020734,-0.15701460541914858,0.5437521281280957,0.012741239364552737,0.3621693946340485,-0.05906937121461375
930231.0,-0.8989016269132251,0.44922649455962005,0.5352014652853554,0.37736517676842807,0.9743218993543095,0.8024049033503511,-0.8811905415259484
930232.0,0.37032899838658295,-0.0703073693167171,0.44924576411211103,0.09303081665227197,0.7353565686748396,-0.49529760390535116,0.19585905955125749
930233.0,0.12309185829011127,-0.1231395560090709,0.18420547163186485,0.27436840363513526,-0.5258511435122,0.20106267488045448,-0.46288594875405886
930234.0,-0.8131227933663789,0.9399619047998495,0.6844216279154427,-0.9977618002713204,-0.2027508172911754,-0.9840847024191122,-0.23399935642905145
930235.0,-0.563002240438722,-0.4877283238767305,-0.42195511783798634,-0.3252027211555195,-0.8172228061527476,0.4869970385404938,-0.871343229268752
930236.0,-0.24240880270993226,-0.49285911717541997,0.4515073178015905,0.34568123406572604,0.987556064454566,-0.3814828417738214,-0.16944420419823714
930237.0,0.988668016797726,0.8427532633401826,-0.9051027270283694,0.586503860316673,0.06769970228118627,0.7973151106745131,-0.5535992215058589
930238.0,-0.231242577128429,0.2132648870572218,-0.642808852601515,-0.1229727480135352,-0.20177837609948024,-0.12996750295904813,0.0864875982809199
930239.0,-0.9971496423865445,-0.772286784847994,-0.44237226704953425,0.5491605546335956,-0.023287150484512686,-0.48783904702407477,0.5897464939278905
930240.0,-0.5755954925933264,0.7350497251013213,0.639013286256481,0.30734418354210935,-0.38022359867044386,0.307549424623776,0.9226145554226928
930241.0,0.9521112777121696,0.8029064498062086,0.5181860401207008,-0.9735015976483814,0.09508051516077254,0.0700229452823089,-0.6151260760985227
930242.0,0.6973256052358856,0.36211417269422963,0.5136607034184764,-0.9498158425861205,-0.2728273491462454,-0.8803117458659748,-0.27432396399326553
930243.0,-0.07522366342622377,0.24961512010967946,-0.7148706729313241,0.6952786969524374,-0.04134958099644814,0.31407430526048374,0.10156582297715366
930244.0,0.6801013247901961,0.8561868469363503,-0.8511567513679481,-0.4089062977179676,0.03290742983731909,0.6303556672292265,-0.7942473833197545
930245.0,0.9494785898944889,-0.3498130521340639,0.12626559949388816,-0.9310477293541393,0.0827551142904881,-0.19062469146683014,0.9174684457983615
930246.0,0.5543035016880824,0.3415009495718,0.5369972788984592,0.30430077135779476,0.36562841081723874,-0.9105954227186608,-0.5875176266977298
930247.0,-0.7197517009981238,-0.8929136557838524,-0.2493158831472564,0.1472273676084137,-0.09002226423110393,-0.9078894766967152,-0.048509481383816944
930248.0,0.8688052683743483,0.3295145516046094,0.8712441922952416,-0.9361247374494177,-0.6116876334612893,0.03194443981325801,-0.7910974366187911
930249.0,0.5743771193504639,-0.3816622374197185,0.763787270814158,-0.4164056211679623,0.6095354115849068,-0.38824550677794645,0.6728157413515274
930250.0,0.8666520441156493,0.4657207916805326,0.11956706387695148,-0.8885328303523068,0.5002660463200612,0.26443853508167425,0.1528139394436674
930251.0,-0.19951453279456044,0.9411971249386824,0.4299451308574991,0.11733425399581354,0.4455979118200313,0.5633492357144372,0.334028767936992
930252.0,0.010125854701680037,0.3496519844329957,0.2663266448276631,-0.049691714666398656,0.829131972000509,0.880676344540132,0.6682921465844727
930253.0,0.9599595794463434,0.5879418760297797,0.2772175526370404,-0.9123286386099856,-0.3006469065916837,-0.7391241279133132,0.8996290758417929
930254.0,-0.7558604395755184,-0.1453100751380938,0.8870972190277031,-0.923606117925692,0.14401147083337706,0.9152336230328291,-0.9233854190543824
930255.0,0.8943316915617363,-0.8582143385623429,0.7926492907867286,-0.23792748253345097,0.18206619878007269,0.22078972094580496,0.8919471867132127
930256.0,0.7614092717459298,-0.33627281002652154,-0.6704059415757895,0.7550036483809563,-0.8427969107372439,0.03660394427641256,0.7879193811556833
930257.0,0.3936019231527341,0.8921506165574817,-0.8681996887572567,-0.9280551546357341,-0.6490629002501827,0.04079779408244821,-0.6541454781753036
930258.0,-0.16252266312974162,0.4773439472162202,-0.8301208515767156,-0.979677690999027,0.7353155113366858,0.7179306894161439,0.20545166365518974
930259.0,-0.21470335631210924,0.2079574866110654,0.007281954182010164,0.47770457147841716,-0.4266035203198768,-0.8970151536556699,-0.24594582758541028
930260.0,0.34160759565752175,-0.9457094397854255,0.16693334179559693,-0.27025275208161936,-0.35529417554029297,0.7090502123969962,-0.48938422751948996
930261.0,0.6560998139045953,0.6583738527481418,0.8400415343384544,0.77560633309785,0.13035996186463494,-0.5452863036388897,0.17973042236848635
930262.0,0.06299259941660629,-0.3847834236793446,-0.8705720103157315,0.7354700703319192,-0.3361025974769509,0.5487989202286954,-0.7304735251931715
930263.0,0.9338085200503476,-0.5799611230567683,-0.8471980757140136,-0.972288272527575,-0.21470309990555503,0.04927967922093379,0.21591581364473056
930264.0,0.3110873320548495,-0.8133352671001293,-0.9655622245597799,0.33896642356289686,-0.6178415001988486,0.2687606668974576,0.8470178577651384
930265.0,0.9193986161203458,0.212504886313448,0.1463969449189595,-0.6248605801014206,0.7843801318198509,-0.4996636894123565,-0.9231523145069573
930266.0,-0.5847579285880045,0.015676722551545286,-0.11731288775872817,0.2764339760942962,0.8580089434263682,0.761814263714677,0.11412453043789195
930267.0,0.5174730769950677,0.1882791224241922,-0.5506446577011765,0.9119272401618062,0.4138787179171788,0.16609252450035106,0.4862651763722279
930268.0,-0.7305244795791705,0.7711229129786312,0.35199562228419357,0.997672472931967,0.05834698394045201,0.8238948310223497,-0.008572945640404894
930269.0,-0.5500154243520454,0.31498949588329306,-0.6315121053210484,-0.6618145279347207,0.45158734333455297,0.7347528672449821,0.9531416181843868
930270.0,-0.537243075864456,0.5261433067020129,0.052656711308595616,0.30971698097027645,-0.4455890454947371,0.8435378912792895,-0.025575356672336458
930271.0,0.39915650785389234,0.5802491136905665,0.32073482260470887,-0.7555699713081032,-0.4638940410194523,-0.9410291031002258,0.24918742656551074
930272.0,-0.9471045128365292,0.4166820702603182,0.9501636182742987,0.050422491789066326,0.20503479626867716,-0.5732462088771366,0.7167064982281453
930273.0,0.7908879614545408,0.11015800626958705,0.9907217948091869,-0.6648965773327753,-0.7812147353883885,-0.6090153715654654,-0.44434911623932516
930274.0,-0.8457612973649034,-0.1658789132863312,0.2759108026904724,0.756169093220046,-0.3808028405495505,0.8104040919833309,0.4264723026911317
930275.0,-0.962696760179951,0.3678704055868498,-0.6467606437546838,0.8624205932727513,0.13386481732608968,-0.792734835812857,-0.5405316262453179
930276.0,0.22990027820269265,-0.7878723716967113,-0.6402629882998985,0.9247418101206151,0.4672431767866112,0.3700515293903148,-0.32357716749387366
930277.0,0.17315950412698422,-0.0492660497189259,0.06123162266174331,-0.20522072877290976,0.07658128311452694,0.7012690788161071,0.8173805267294183
930278.0,0.9352550480868298,0.381434193049323,0.26160572166771145,0.5632477406090577,0.5490837552560814,0.974501189891136,0.9383723820538385
930279.0,-0.17602829514533802,0.769723400577214,0.8747241107461465,0.4429017826929431,-0.10211388942159516,0.7658718197350598,0.35736666790302896
930280.0,0.5526502139394331,-0.4332752139049276,-0.6431813385138783,0.034761396705214054,0.8711177665923755,-0.9167644254331093,-0.9428522998824629
930281.0,-0.5313201009674762,0.9088541218147703,-0.116492197108639,-0.6747801107296609,0.9110042646771472,0.5062713477698262,0.8758776845337413
930282.0,-0.44232580549902,0.9612927454276392,-0.38261868398811716,-0.6339201388685665,-0.9542188860476759,0.41153557775402305,-0.09809080255047364
930283.0,0.9401232630009615,0.5749070961915266,-0.10743504603564569,-0.3995345998991664,-0.012349098563927186,0.728083340768197,-0.9179199721526696
930284.0,-0.9091881452467785,0.15323955551035073,-0.4921129109399214,0.6540704492505618,0.8701652636821267,-0.5868880123764504,0.2687167242693398
930285.0,0.016678557629645763,-0.6828092161872565,0.7433992863137824,0.34349759827475856,0.5215070856721646,-0.42230788262663577,-0.9087694870601299
930286.0,0.37720549023162575,-0.22406346365567664,0.5943763884005271,-0.15611895917645602,-0.21703496875357686,0.7711593001740684,-0.5883991041801273
930287.0,-0.4909278703222306,0.07133583743906025,0.15529400779587332,-0.04483508023051441,-0.17535561693857593,-0.02308201945701782,0.5137405783520608
930288.0,-0.5403039214906666,-0.41540421726643006,0.4340781783646055,-0.08039895385102191,-0.17583048245294042,-0.18490712221191297,0.493869751464177
930289.0,0.21368153860686134,0.21133740178212523,-0.8601013873641723,0.5759319877447391,-0.1633996610892927,-0.05569453281706971,-0.5766175305713852
930290.0,0.16846386979287997,0.4987827559226492,0.4221998524184025,-0.9875379302854497,-0.765050802421076,-0.8014339268774686,0.43002359999062056
930291.0,-0.9334010852482979,0.028958930988870035,-0.6921844607107099,-0.03693139040114679,-0.6979165884423115,-0.40569018787310474,0.838383281251639
930292.0,0.033646569738150944,-0.32325432978355595,-0.684964455489965,-0.8860609428486415,-0.5047166540593544,-0.6811107375930208,0.03142643714872895
930293.0,0.8458958333806017,0.028709765077679528,0.13208823666774672,-0.02517047001420014,-0.20814998169170296,0.3472809271778181,-0.13880097970001892
930294.0,0.2104159806193664,0.9628401327730058,-0.45398832120477395,-0.9211188565850228,-0.5931349369014602,-0.9233324395319356,0.6802208149528455
930295.0,-0.009359324329886398,0.30566514231145336,0.7357441730370746,-0.3442098579667916,-0.5383814963472635,-0.8204565995659363,-0.44644846937138505
930296.0,-0.861241677649871,-0.5600263623417383,-0.2166697752622957,-0.8391793123254616,0.2643053440141201,-0.16930207616223747,-0.7653136287167626
930297.0,-0.6218119102930479,0.7517040803134731,-0.42839352215848825,-0.7661761672611516,0.666085612081931,0.4749082945301375,0.23856131557453208
930298.0,-0.027263696035371154,-0.18934962483434292,-0.76173684595607,0.08762250883174905,0.5961090935913977,0.6355595590982435,0.3220364182206161
930299.0,-0.09372528408650993,0.17178278071684372,0.9003125302773507,0.7551031429967423,0.23788711659718387,-0.01568818501782876,-0.13689214642216152
930300.0,-0.8673267217953735,-0.6941743029835192,0.8286511707059121,-0.7960229001186989,0.28823344658712946,0.9987035797967254,-0.27598680016087385
930301.0,-0.3591231461928046,0.8180448851136226,-0.36631195257890625,-0.2412258828954985,0.8378094460684189,-0.6015708731398604,-0.9944386591125953
930302.0,0.9868301613804942,-0.7182826015734209,-0.8222288319497608,-0.11117450668074036,0.664979751959579,-0.6534323836095413,-0.8296580961704769
930303.0,0.43812654208615,-0.4507529544847111,-0.6499890859335555,0.19387722688584708,0.26238300665946723,-0.876173844162798,-0.3274268346846525
930304.0,0.6325275270476649,-0.6691052115589256,0.5017248882942376,-0.8499624341043808,0.9907066007941658,0.5557443181324266,-0.8023413028386108
930305.0,0.05587398302667812,0.3406558334581624,0.2619220091547505,0.6715524273700471,0.05870464649125351,0.4977885602059098,-0.17354696831439353
930306.0,-0.48473093895057073,0.1823688408053088,0.6302114859545696,-0.11639449070122554,-0.7632107115624662,0.6265486480054927,0.07380982368633204
930307.0,0.4891321217597282,0.5734328323412323,0.14061314231308697,-0.12422464555628898,0.29558755284736526,0.27432451973701877,0.2105549119318484
930308.0,-0.46320212658209625,0.7057173697587591,-0.6540521666653059,0.11995450639117933,0.4692142577384337,0.42053377913334145,-0.4335763804511412
930309.0,0.4472245305059832,0.26448180558792744,0.7180950020245014,0.6493855597902245,0.5374968490790637,0.6183804395000152,0.12175265691834025
930310.0,-0.6041679598313963,0.556264596273863,0.7126432201784509,0.5773290751784579,-0.4034048297623156,-0.9929986820142773,0.21886378704476006
930311.0,0.26279573206868934,0.3308661710071734,0.839115386073463,-0.05692361280410907,-0.003537164188571529,0.07735535417370931,0.7108498777632029
930312.0,-0.09985840038204907,-0.8538858624743786,-0.3877160178119805,0.7659577216331475,-0.8866382831552739,-0.7707785582583515,-0.901042316251899
930313.0,-0.451665242798295,-0.8137067508694644,-0.989799833097798,0.9941422771014141,0.6935891434651769,0.45186312737937895,-0.8001120387222425
930314.0,-0.26108136332999243,0.05865819317554899,-0.7705911668282504,-0.05825897578808248,-0.06515924036102883,-0.45066015426353867,-0.8628710196717333
930315.0,-0.2440294393305562,0.8596843381484227,-0.6739687304332898,-0.0474793511702829,-0.9772755911827031,-0.6784826694795907,0.452025163411091
930316.0,0.6335500256546958,0.31182408421373564,-0.8417110243431034,-0.9487667893578506,0.901350993017169,-0.7534541371568146,-0.602715595702429
930317.0,0.4045016341619361,0.10373863396554173,0.1850049284966364,0.7254839009352716,-0.6026415623318293,-0.6669552846903677,0.2027118469481306
930318.0,-0.35102386940765307,0.8222667129819659,0.34141487871586484,0.23025283555852805,0.5599658192318426,-0.3355886606198448,-0.650973476965715
930319.0,0.07821133444560946,0.6278653752480332,0.3715449899156267,-0.564356889387164,0.4503923423391376,0.62214086892509,0.12896475869181878
930320.0,-0.5477199580167356,-0.12455147131379807,-0.7419841498215489,0.1907583250058198,-0.026111575742416404,-0.5398966247321819,-0.15698287426563873
930321.0,0.8884578310453597,0.9720770043211204,0.44345646259143323,0.7323209786253932,0.152010159937773,0.2608513458112163,0.11490802030583969
930322.0,-0.5275302180245083,-0.2421892490911708,-0.6822602311412518,0.14001071123655406,-0.6118153497573029,0.20558898228494504,0.3518494604923068
930323.0,0.8949066636395882,-0.24015337228583333,-0.23700123992658662,0.4139694099772373,0.5816707977678603,-0.8364708961838918,0.9644663167773817
930324.0,0.6423163724338004,-0.1331689343203355,0.039455644828755965,0.5907965859609681,0.7258978965418772,0.11956046438472745,0.24202184716766717
930325.0,0.6249677309010393,-0.6122137284998617,-0.7063975523867947,0.8651207017094167,-0.746331793910894,0.17919154772674628,-0.043423604379841496
930326.0,0.7680382098648264,0.673473757776407,0.5663768729837249,0.5018697904664124,0.3238073875959584,-0.9472764804622849,-0.5105611601747579
930327.0,-0.1693331834905396,-0.6779180760050745,-0.9252004827672347,-0.0670150087051975,0.7317073781314534,0.11183963188558077,0.350877758067647
930328.0,-0.053802454689007906,-0.4376092012696524,0.06201622042283739,0.3524194617220493,-0.17632542171902,-0.13817124751223409,0.8758626163858909
930329.0,-0.21572035087875396,0.7677990336287588,-0.6327549621318369,-0.6842586974393661,0.7574660031644451,-0.46668872356159774,0.8115401797894353
930330.0,0.4542764585397243,0.21560496246975625,0.7482715341545954,-0.12450221310231346,-0.11004482861823872,-0.9824106010246307,-0.014413802794452701
930331.0,-0.6064526495797136,0.29332642588549573,-0.03446320942267711,-0.4163793399857332,0.7583780208548887,-0.09030520644114404,-0.17911645759541095
930332.0,-0.6608679270755287,0.06594869065401432,-0.9691511797270875,-0.6861626781700321,-0.888561319303051,-0.9254869703649038,-0.8631851415884948
930333.0,0.9282217154071937,0.4118410035419364,0.9304199729729166,0.9461613567684335,0.20103101691433856,-0.7209641899468118,-0.20515092549214908
930334.0,-0.6493136202918,-0.47585345107741195,-0.8438978667924435,-0.03561259643549364,0.17305260180314463,0.36373775501659256,0.337924139518639
930335.0,0.336185214188389,0.9855025074763062,-0.5069261071368216,0.6307159628409058,-0.5696532302476924,-0.9602577148837965,0.14031016754438874
930336.0,0.84356293961824,0.29425580152970476,-0.9970263853675854,-0.6600251625810014,0.7841077107288137,0.44247036126845796,-0.27367437709679043
930337.0,-0.4367126485563577,0.08027811709848076,-0.4940235429207136,0.3267267652455552,-0.1636069271004954,0.821786603120664,0.9108792056611859
930338.0,0.20470942936688896,-0.3697811861188587,0.18903875487911992,-0.8266259198856576,0.7957924918915098,0.6272793284222289,-0.06685269604059751
930339.0,-0.24374163414273875,0.542140672296991,-0.7118289638453781,-0.44324672051973346,-0.590869457095804,-0.8563180770907783,-0.14991806280089381
930340.0,0.5598485956253185,0.9124475301607917,0.20650142965012952,-0.46722702539155603,0.4119784766034138,-0.6401929455272131,-0.0890121201623868
930341.0,-0.7230027437318429,0.6911174625822047,-0.22651030168713215,0.45512568921945795,0.925191474810515,-0.7775672225204515,-0.4975420155681516
930342.0,0.3733231192183575,-0.8825287430708761,0.7159714359152538,0.2270678482283488,0.641132674915857,0.6267609021419227,-0.29638505320325015
930343.0,-0.5868269051597157,0.6385663663180758,0.018048070938157412,-0.215645140669799,-0.47025968705563703,-0.5608887417920396,-0.6663419782260582
930344.0,0.9754230520357379,0.5064024940310832,0.5774088215970772,-0.6014894360690939,0.6182868135992341,0.20604189022172537,-0.29952650035561956
930345.0,0.38607583739754214,0.6738309545280448,0.7728529336819736,0.22600126361562878,-0.6127117892817149,-0.5431532951205968,-0.3783232745143621
930346.0,0.24200958700962905,0.2997077841523583,0.28052316853375103,0.38401893111958274,0.10182186537515969,0.5779831152540256,0.0450045807731414
930347.0,0.396070096377078,-0.4635774495976035,-0.5460657725616973,0.8130781525988953,0.5802861900050638,-0.7458736934980719,0.11455768753546258
930348.0,-0.18342412529510876,0.34700101382912796,-0.7117340288934579,0.3808888396688035,-0.8088330964270374,0.8803407744404768,0.18049644022282973
930349.0,0.14190712272886508,0.897422943838939,0.3138465235649208,-0.04510208938380211,0.6355652358805897,-0.9096441136313398,-0.41444699651976546
930350.0,0.3372199523409469,0.8478966749936803,0.8635370018638835,0.4937152678348731,-0.7567414355781934,-0.02536000327193033,-0.7377992498836987
930351.0,0.23003288828040058,0.4558114354090883,0.8272560261896602,-0.17049121944206025,0.1697616697351998,0.6657899988588958,-0.3429095170703933
930352.0,0.3387435585255414,-0.09258240529007344,0.7270550380971326,-0.1804348408802816,-0.25150805862225356,0.44913286518382156,-0.901056569154947
930353.0,-0.7175589362646233,0.0419226030889841,-0.752581653969778,-0.005141575025212397,-0.4892483996485888,0.1951602189208732,0.15579746362138258
930354.0,-0.32418038595292487,-0.6788351512367923,0.7717008930880689,0.19478480037729562,0.5052320097092673,-0.6010666576629151,-0.9741288263141703
930355.0,-0.3798853315606485,-0.5068603232119224,-0.041039697681847453,0.9886104154227977,-0.6898459661398275,0.5525686301847237,-0.15792360693024898
930356.0,-0.18295495464394973,-0.4520287297302299,0.5203701143706041,0.5761154883479886,-0.8082055592162252,-0.9761736292720373,0.8234355598417726
930357.0,-0.010963251225083681,-0.5799054462033171,-0.8349629688743296,0.010514792784853455,0.38587650459121514,-0.6962200035026811,-0.024056084538293554
930358.0,0.23239454812078497,0.09804093466293962,-0.6222252668926864,0.5939999926695747,-0.29531465109817967,-0.4996585240383753,-0.5779927815885693
930359.0,0.2762364019572119,-0.9378342098122991,0.04755445364132482,0.7575796470733358,-0.33756047462699623,0.35785323113581446,0.995210634182935
930360.0,-0.7531024494900926,-0.5943505820207589,-0.4900249289540859,-0.34434987163139086,-0.02796957378809317,0.14345432658889257,-0.07315378912176729
930361.0,-0.11442871738556448,-0.542858704571255,0.14382872927201906,-0.7108759548204875,-0.06528673454947542,0.9823189710649647,-0.4399207106327512
930362.0,-0.3818753266101531,0.5633327686195915,-0.49265903073431616,-0.5139952798692775,0.8306857863687733,-0.8117346786013022,0.28371670767079693
930363.0,-0.38897346790283716,0.4621123912643972,-0.640695777099507,0.09468555165249803,-0.3454603267194214,0.6861661461484223,0.4138042970612954
930364.0,-0.4333579141332011,-0.9367084551867344,-0.21586385494963878,-0.3688177048901218,0.29805186644588044,0.9002945392853621,0.21945279572212795
930365.0,0.20943198855315903,-0.08345696147141357,0.7896643405474733,0.9679570910394415,0.7756985291289749,-0.3690919008280331,-0.2521087119806127
930366.0,0.363020818175011,-0.9595030755671048,0.19479789303705108,0.37189878748329375,0.7695253106484388,0.8576925238626738,-0.8730942133734272
930367.0,0.04872995499771671,0.9095465320024994,-0.8315669677343376,0.7672797331659069,-0.7557641152658316,-0.6875985187115738,-0.8017942351464018
930368.0,0.5868332419969748,-0.9472260423794212,-0.5079657737819809,-0.9750528562216028,0.6337076190918498,-0.368272046029009,0.08182501574096301
930369.0,-0.9669026613436715,0.7402991640078382,0.6257558478669751,-0.9200260837185337,-0.7233946163181051,0.18006095896520846,-0.9367077379839963
930370.0,0.2489898393425225,-0.7240983625173527,0.5770297736786396,-0.609598860886122,0.20121006264537544,-0.073126676637985,0.9082567519186859
930371.0,0.9069729912212694,0.9057955914698717,-0.9873339854398833,-0.6986958746430065,-0.3543423317659029,-0.5408287183456917,-0.7143319022308461
930372.0,0.6040169271725373,0.2978573635668642,0.6760464745761587,-0.6418708864924054,-0.7363819388779165,-0.4303625664832511,0.7653398118107422
930373.0,0.9325291750608045,-0.447559323431024,0.4505588049952538,-0.36046388500222326,0.823627916386271,-0.792942124096965,-0.765985315194375
930374.0,0.18194181390269515,-0.9593774056863906,-0.16881918799992723,0.3396818094362146,-0.10084819757326935,0.8892293060234766,-0.655427785738887
930375.0,0.7381938055125374,-0.6148305477034541,0.7969155863971686,0.41288384010237356,-0.17315764989396998,0.13864046386058537,0.21196292323812327
930376.0,-0.48705213969855277,-0.5877627236550764,0.44708337318007585,0.5644609169206387,-0.9576785790903555,-0.8356315350744936,0.7397995755680504
930377.0,-0.8977758101093942,-0.5663639843770254,-0.389826596493968,-0.5242660771296703,-0.9277284525933205,-0.17177275655038549,0.8295901116938698
930378.0,-0.10586198220272247,-0.9498597027473366,0.7087307723357421,-0.6943050937167239,-0.29817057698381544,0.9776434351922865,-0.7110373242043726
930379.0,-0.2557649776551423,0.12786138699192118,0.1172412703300243,-0.9116636713328767,0.002432887574197018,0.35522041097406176,-0.8206992522964527
930380.0,-0.9467017218867351,0.5039725041489871,-0.9076624217889531,0.42288426120973277,0.8988549043106193,-0.46766780087837234,-0.7033062964245602
930381.0,0.1457581985359062,-0.5374439443310062,-0.12615286549845295,0.13390874911359774,0.16826246264940425,0.32221424930596476,0.49889511586349755
930382.0,0.9614477175520872,-0.38185973130129947,-0.6780957138140808,0.8720028109788667,-0.20470850413312935,-0.9025143945107246,-0.523289896013559
930383.0,0.3468862395937422,0.09755667387327116,-0.9123947272841908,-0.5669410838439493,-0.9689961475891218,-0.8881941746684421,0.6993684921047081
930384.0,-0.08070692214617758,0.6576330795089849,-0.4924399384234699,0.9401553143452599,0.7229888712141865,-0.16220041630170967,-0.30227008075611606
930385.0,-0.028025687239012553,-0.7004511117056362,0.6030895588633249,0.660393474122013,0.4985444200243119,-0.6516216506071066,-0.7767008931946036
930386.0,0.44676875358527335,-0.995565954141802,0.073324381669301,0.8910250152695633,-0.17032852295450085,0.3135043414023715,0.8093930445212643
930387.0,-0.8166279324263359,-0.8710511611129772,-0.42383649253240874,0.16341584689859268,-0.3485372412916272,-0.5089751781966376,0.5537894949680313
930388.0,0.3620890037736384,0.23385436835615026,0.869005024695372,-0.7055160873717028,-0.8761764834903367,-0.7627729791020843,0.3343620531176812
930389.0,-0.8111217095182071,0.12247653909794365,-0.2853491243544337,0.5063095310366916,0.6297367865444361,-0.4142756938772687,-0.04677069826912006
930390.0,0.24602286706604248,0.025018935138341858,0.5938476633766561,-0.006565564031424387,0.3522963392197349,-0.1969741404338099,0.19770014132554392
930391.0,-0.055658725806579046,0.09290606903775056,0.2530264288335162,0.863234909472645,-0.24920338573822343,0.6237038210983108,0.149200371798351
930392.0,0.38142719210158393,0.21883449156705126,0.4802337130342824,-0.6418036979168344,-0.73152540562336,0.504990548005831,-0.03656114734779292
930393.0,0.32556859708169883,0.7331850202602699,0.26398457284971344,-0.01324509081846803,0.6170569800955916,-0.5335478004209389,-0.6632719067869395
930394.0,0.0730961049502239,0.47078312975615,-0.20370279880677566,-0.9200241244432301,0.16221307230612636,0.21440979679567618,-0.42046674585671084
930395.0,-0.24967151497859996,-0.39862930451313683,0.7103647396532744,-0.0458938432902809,-0.2622960350965664,-0.5404496895644706,-0.9014222822645444
930396.0,-0.2415583183994061,0.7023556323681239,0.09873942272457925,0.8947010169948475,-0.7403698383292541,-0.08252531262826102,-0.9056902225499288
930397.0,0.07682564927504032,0.5725911609272378,-0.6976498342787127,0.32848440786518296,-0.12803511540425672,0.9288851438787162,0.09009431046968364
930398.0,-0.4145624741600322,-0.1550166125043233,-0.30385382396909955,-0.6988363057065561,0.574860783812507,-0.5487948442120627,-0.2667570263013921
930399.0,0.7589413397682114,0.9198045886448021,-0.36726956579782044,0.605573631701638,0.9349674254674534,0.04993054816911546,0.42472136783818404
930400.0,-0.4821297106095819,0.0699499674563202,-0.7673991842707368,-0.31662510666430643,0.16393131071762634,-0.9358348942606354,0.13946859340720374
930401.0,0.47059487073982087,0.7036097336078704,0.41544235002681784,0.1270860970750356,0.8313193446362228,-0.46428164652774573,0.40533050447034613
930402.0,-0.63222512800073,0.004111860482061802,-0.4191542096263947,-0.14211021692571535,-0.6765269894339954,-0.4639275034742105,0.39121714554021914
930403.0,0.019499593046033104,0.6030498941760933,0.9918094904384394,0.08684699679577057,0.5101145810153576,0.4982464343454329,0.7762781109790922
930404.0,0.8813976127860847,-0.16323847015284,-0.9076762683685873,0.3743209367027913,-0.22031647915222585,-0.37235001494263953,0.32957992823028004
930405.0,-0.7593632717504193,-0.623608565812132,-0.8234563631663097,-0.5142558393562757,-0.19811368607027702,0.09091418487233471,0.20784553899386826
930406.0,0.4419110205829184,0.1076318969111838,0.4319548173849368,-0.7929759310994289,-0.8306964970975534,-0.7611345616813603,0.06999633775221303
930407.0,0.5514267059569982,-0.35602151695569817,-0.9952860445486631,-0.04231327345484903,0.2457645319648445,0.19487329641483542,0.21930774923296914
930408.0,-0.8966196326889719,-0.3538236999047857,0.26961463302938404,0.8095220418482942,0.8092738694874431,0.21267060510315305,-0.7653404199033882
930409.0,0.12058200916251494,-0.36571049937607936,0.9935067008088319,0.2901975519811748,-0.06771157872937472,0.8236973914428956,-0.7213549552090319
930410.0,0.10317862020570456,-0.7136804927872473,-0.7993395341082432,0.38749997806265624,0.804004464139878,-0.14528980227493649,0.5927010703814704
930411.0,0.7537803151566977,0.7487364295383918,0.879209068085337,-0.991434745784066,-0.3031265724366212,-0.1143847913189997,-0.7446668032615296
930412.0,-0.12566939668146238,0.9197309016948958,-0.1515842551628701,0.23914770312306932,0.6238555797377427,-0.8707698806241011,0.9463940961525028
930413.0,-0.6005747256765566,-0.5201192820564746,0.47015670755322714,0.17293452971954482,0.5679692329017394,0.8842511257111729,0.955714134562498
930414.0,0.042195483820252955,0.8844827206169599,0.7665446802261702,0.08992686978005016,0.026185060332361232,0.5413798791769533,-0.39544814395627115
930415.0,0.07057731770107267,-0.9338098376004671,0.023998634687583342,0.8539237616573183,0.35864326644785693,0.777752336199067,0.5765147890527036
930416.0,0.25222846807747934,-0.19392073366970508,0.32946429235484476,-0.15579237506886545,0.43362361048425435,-0.35490205379969764,-0.39151637227505365
930417.0,-0.5334837348243366,0.04025215966451179,-0.518494546212467,0.597209853680057,-0.21073611327229136,-0.4835594103787575,-0.3645956568300499
930418.0,0.32566266255662657,-0.2850529545484872,0.3556313352690774,-0.7601983524194609,0.6940706237815062,-0.2415409209814956,0.7544903841487365
930419.0,-0.06878358072551949,-0.277153946413329,0.7337464985967204,0.16800034420037036,0.9961868146090445,-0.7350705554616572,-0.7217081179505243
930420.0,-0.905124755991036,-0.05328293217349733,0.5853111812310279,0.36196803091719776,0.8716969316385339,0.18252182184434074,-0.10422340661269636
930421.0,-0.11752714255684404,-0.12620879430836518,-0.25659971516711844,0.0530387624493498,-0.06152194228024377,0.8435896512596541,0.8661069141220246
930422.0,-0.6894084029891236,-0.07438608293879923,0.51884804140124,0.45612386016100515,0.34973984154004456,0.5325970019663897,-0.012720017076808032
930423.0,-0.8055072277745594,-0.74660305228024,-0.15504097066784928,0.9440252106232496,0.938572554344598,0.2729882391806411,0.41083441015162814
930424.0,0.5043394582443543,-0.19349553982919576,-0.7038796417154332,0.9573773829665333,-0.2501973923551353,-0.13782772178521352,-0.8868769452487448
930425.0,-0.09731871892045763,0.9630209107217436,-0.17786476564137788,0.8105583500359701,0.619518443423003,-0.12023248932315744,0.888362121294165
930426.0,0.021686273654340393,-0.16247477874876992,0.8494922219342471,0.8418621535339885,-0.025717912857608383,0.500683630647381,0.5636270600559925
930427.0,0.23204970483764686,0.14551584212714075,0.4218176976402035,-0.41905719232889616,0.014343215468347825,0.17656906297806874,0.1978557640418468
930428.0,0.4348428907252373,-0.034465769053688255,-0.7908921242574094,-0.2482466036425406,-0.07777754671035386,-0.9445875695934258,-0.4933931048037543
930429.0,0.6976234115180189,-0.8980071779219376,0.47162892133769474,-0.026637910661987618,0.09365160238305603,0.9075334898716161,0.41044771071525266
930430.0,0.295892065172225,-0.33669286360699235,0.09722337565116468,-0.9382200098570035,-0.5186354638105333,0.9617544667749249,0.8037656222007257
930431.0,-0.32552628983882825,0.19171068541875114,-0.5315446906815091,0.37606848245956903,-0.14223776498273621,0.08444226976423974,0.18118044974248515
930432.0,-0.8272075791803879,-0.9441872004929976,0.14915551701648622,0.7287695094066846,-0.2352063119476806,0.7038435019491327,0.304874634296493
930433.0,-0.8190009239471896,-0.646631247946938,-0.13452698660153328,-0.5782154020237378,0.936292720647963,0.8169039330820209,-0.6359807338537997
930434.0,0.5777438935098984,0.7808616945570694,-0.3825653001774325,-0.08750536870700776,-0.06220538317601987,0.08321965182131885,0.8824979332902709
930435.0,-0.16952242082533253,-0.03716484804886111,-0.7193907958567529,-0.7167393395833446,0.7747005830244809,-0.632265009652603,-0.8889988616878708
930436.0,-0.2586943334986316,0.8804805749788471,-0.3998170134500554,0.2119070974132795,-0.7734709419869081,0.33736108034909296,-0.06280102853409897
930437.0,0.6184284459853775,-0.970499595822141,-0.5393016356092055,0.6289212989933808,0.7795917827798549,0.528770851705217,-0.9296530162928116
930438.0,-0.25602988964745355,0.28453514751976394,0.7494397778707442,0.9361438000921356,-0.11051717437063746,0.7833370347054402,-0.31624337917416323
930439.0,-0.5854288179486258,-0.30819413897172465,0.8657207381956904,-0.1367455084447542,-0.21753949271166428,-0.9976121228992456,0.22579664623156548
930440.0,0.4201755026777998,-0.23659641007586396,0.5505112326831141,0.9424792735590819,0.7179995639915078,0.007309383141166581,-0.12327744722678813
930441.0,0.928786279264779,0.8126856338490298,-0.18883402733229815,-0.3726366470484199,0.6914505284025829,0.2735887718989021,-0.712492104112235
930442.0,-0.7176674410394184,0.04757103744135005,0.6261674135433639,0.48454427402754363,0.8858795152505718,-0.9247073141661095,-0.4896188846542866
930443.0,0.06056354693194188,0.586788180827226,0.9465610887300187,-0.45430415440500993,0.3355893366401417,-0.51634920961164,-0.040586716659020805
930444.0,-0.24561883077234659,0.8739530839704677,0.04176265018986225,0.3058567774607506,-0.986945627554042,0.7552336894201972,-0.06107228511910545
930445.0,0.7054478334599332,0.3161952807743684,0.46307115591054715,-0.7362429003904802,-0.25252282744575316,0.7120200937330354,-0.5152421652402455
930446.0,0.12677157265038508,-0.9282559554374155,0.6673660026424253,-0.2136710315205017,-0.6903142093096357,-0.7570696080864447,-0.9588878974210748
930447.0,-0.8334830604151029,0.46182590589654526,0.013738998264868574,-0.750814138238872,-0.7361155468819105,-0.7099972685437133,0.9348450583664809
930448.0,0.042991290481491085,-0.5420423869290558,0.11467517804736538,-0.671389667412509,-0.8444084827651812,0.06918179697918103,-0.29597786693934025
930449.0,-0.09761473945648014,-0.6034050538708255,0.8235265655100796,-0.4734648640702239,0.7256432499577345,-0.909009851931144,0.8756081422250497
930450.0,0.17725013362724384,0.3405810636644573,-0.39905466663090694,-0.83103468920279,-0.5786816088281939,-0.845587027891783,-0.8150725412277924
930451.0,0.3118654162369898,0.5696947135586061,-0.5697808088838279,-0.32378247001560867,0.4910088883758241,-0.26143483022587133,-0.15115781921175353
930452.0,-0.8135701360891407,-0.7905372571218001,0.34758166730532203,0.13177535252927597,-0.037088108091748895,-0.9148556484590658,-0.803483506091794
930453.0,-0.7804310315548184,-0.04252969398136508,-0.4003255398303671,-0.008355985443060376,-0.3683606634510441,0.2185125848897569,-0.2679190668253624
930454.0,0.10089482630911473,0.8479217989536338,-0.6877812198704742,-0.204194784315733,0.8067685698922693,-0.8160609681388882,0.7574530741923846
930455.0,-0.9664267858647719,-0.027799707997145262,-0.5904499079727001,0.3582722299464973,-0.8626661139064924,-0.8697911360903643,-0.43502168454243306
930456.0,-0.07738497058912275,-0.3249979706476016,0.44958288035138816,-0.23753200903442906,0.4866767851035916,-0.560260101279034,0.970731904459907
930457.0,0.7331819245624287,0.11117565830892073,-0.857500845021403,0.4862497216230288,0.03298963773932084,0.30961727562547314,-0.9889579208118986
930458.0,0.5134739329137661,0.3528921540953256,-0.4651832919396277,-0.7241959832777392,-0.34377663103286404,-0.30482952582195,0.7219730910112858
930459.0,-0.07399046452588087,0.17599090189958622,0.18437639450115517,-0.5379001106873302,0.40184089773342224,0.4488052128015272,0.7022967095926655
930460.0,-0.34527844418453424,0.5176803983300178,-0.9085568520326566,-0.4109624882356926,-0.3473028759264849,0.06185606915487751,0.478484795239545
930461.0,0.6121856237286429,0.7164595669707776,0.961376827900899,-0.4073607276338076,0.716327716964883,0.8471883065447283,-0.6734078192962667
930462.0,-0.6885772974265034,-0.3868179937823848,0.33901903182205473,0.8450707293637403,-0.8834964573360982,-0.576872683667601,-0.5431306357017998
930463.0,0.8676841643292237,-0.4491308391473887,-0.27726901030012363,0.3906670293110486,0.4076227749147183,0.267536292572395,0.1806251940012631
930464.0,0.4002717012567656,-0.14371068163147172,0.35112500567895255,-0.2795624525553808,0.07751679325884697,0.2753877991288243,0.462226758248214
930465.0,0.3976722650394593,0.31874270000354676,-0.9535953605561336,0.47138385786747494,0.5304471328033089,-0.8934596076996697,-0.6231788607776036
930466.0,-0.20329464050064483,-0.2346660599288226,0.10150984885390124,0.8617551631317575,0.42065045245265753,-0.21047175279949903,0.4574803316529592
930467.0,-0.3151865995395837,-0.4990401574642038,-0.29642586769409585,-0.3911037022436066,0.0061531446913845045,0.8370563041178007,-0.7607085555434949
930468.0,-0.6913675325397994,-0.5137249797785326,-0.5855409169805703,-0.9535930892473816,-0.21205646341609774,0.2566927862662749,0.20970202148037198
930469.0,0.032708381932476716,0.09715994954899232,0.33889405173939857,0.004924953370390339,0.6782905192580722,0.7609123676317082,-0.22378400175255164
930470.0,0.21368148826763056,0.3224894532649931,0.5353244906469232,0.16329667113105772,-0.5731972965673091,0.721212121577536,0.8267410604264367
930471.0,-0.1602563782348443,0.34943774885093615,-0.18537063126827813,-0.32519483638465907,0.7600467469164094,-0.965176491780287,-0.9593683601456071
930472.0,-0.9157017439928041,0.5422487710258368,0.012598396354167596,0.7335379662942783,-0.14920766600585278,0.12307094716675038,0.8333058169649004
930473.0,-0.9052791895505488,-0.7363000075552226,-0.4078503330581389,0.3053474880423237,-0.14049494537092344,0.39081196162796683,0.6919507619568772
930474.0,-0.4654792439859481,-0.15598632776272514,-0.20197682118169857,0.47816126564353945,-0.5643649359369558,-0.7753751814717298,-0.15519941713495555
930475.0,0.32070184037440486,-0.11834213616355505,-0.5841437884751781,-0.16562720240178486,-0.44848859840514277,0.15137034595228038,-0.9987637854511828
930476.0,-0.8998923600421764,0.44240263065676944,0.6764552427029877,-0.8521499975535005,-0.47044865168135197,-0.9122862678766037,-0.5797706429191183
930477.0,0.25181636672634244,-0.15235152301976052,0.2639935604200154,-0.03270502926202434,-0.009112142133523404,-0.9080552291042299,0.2867944723689497
930478.0,0.9668955208010794,-0.06293115649060854,-0.5018388290341038,0.3557278256565919,0.2944659902870663,0.15154728095272585,-0.209137015067975
930479.0,0.1556584703227908,-0.5150321119084824,-0.6829701991040864,-0.1991471395804516,-0.5133908758674735,-0.2789801060824333,0.057258448828147124
930480.0,0.579384142520531,-0.25453017153844293,0.5844675143549181,-0.021207683544535838,-0.2603513022126005,0.5503704069916506,0.7383691127937368
930481.0,-0.9603923999121324,0.4400416055905114,-0.37109641865008536,0.6454152335845611,-0.18949037688560377,0.46397844588522474,0.517196685666915
930482.0,0.10909731603970152,-0.17089028010711704,0.9192642204724539,-0.09646736534153222,-0.24672830767286702,-0.7951907681789423,-0.02882038180783142
930483.0,0.3858792786997589,0.45939252035892286,0.17537886190586227,0.5092182603066573,-0.27509506628070635,-0.4681968951312412,-0.058041886350799876
930484.0,-0.16976236605172446,-0.8101765610902767,-0.7616116275885871,-0.6409083121377626,-0.06942813687863025,0.3827486109334193,-0.10174923785606316
930485.0,-0.15242518436821273,-0.34315738946217844,0.7131526742807435,0.40116903026972506,-0.2678050042768878,-0.4549619214624425,-0.4323580025346392
930486.0,-0.8234452575554947,-0.7009201512429903,-0.13859953846490614,-0.6021018805310616,0.09351671331474898,-0.7361710163666582,-0.6964903026557023
930487.0,-0.6850209702074446,-0.18977279504024014,-0.015144095227188625,0.9119156791731258,0.4851042102368315,0.3538615068391733,-0.7981844260845761
930488.0,-0.14973855465307584,0.0784938500616692,-0.28753978003120917,0.05637659822889485,-0.8925738745937475,-0.17177561168646904,-0.8690939108724669
930489.0,-0.10200509123182067,-0.1444429082987262,-0.602929198834913,0.6131004508078861,0.14092780806321192,0.7946388222562168,0.6692419504783473
930490.0,-0.7499574684848092,0.6516394921404627,0.1853177743487342,-0.9778448567856015,-0.2784873803793979,0.016332929739967028,0.31138113478838214
930491.0,0.3134087581711571,0.5925232440420185,0.9155303288412779,-0.4099976427528964,-0.7547210317493318,-0.03387211605870877,-0.06417529579989933
930492.0,-0.21631247258107988,-0.22844181220403526,0.9566783701989849,0.2582771091635432,0.6593101275487587,-0.9068958151172697,0.2291921711700362
930493.0,-0.08023905245866625,-0.404250584245087,0.11985645460197669,-0.15608697993091591,-0.3574372668922643,-0.6748008055828281,-0.8886597267815377
930494.0,-0.42905938300712054,-0.6599453432597884,0.31009995139934965,0.6289132388813687,0.0574196614131679,-0.510547705283515,-0.4040589142840507
930495.0,0.973315159984073,0.08777943619999773,-0.21681458458614933,-0.5304388146520544,0.9920009409804205,-0.30923544237205114,0.023692066767422526
930496.0,0.3612253846225255,-0.09419505614363444,-0.22404319919353788,0.25402164962715745,0.023728722969717397,0.767975289617794,0.7853461851123484
930497.0,-0.022184067629138493,-0.014482816029798729,0.6576489563580117,0.1640142750991327,-0.38299070700343085,0.05619353422026441,-0.8967549322635999
930498.0,0.25714767567762653,0.8056328855693613,-0.5972532445226171,0.7469728006159679,-0.5858186273120658,-0.18781153601711664,0.41907761666801036
930499.0,0.5542186043488275,-0.0762693341461278,0.909048397358295,-0.07143348783432257,-0.8583191025096675,-0.40954858230556157,-0.35996401863939864
930500.0,-0.23463649210930737,0.41266162601387646,0.7676021801357269,0.7786964052080634,-0.8753938463698072,0.4922856145301402,0.4288397567781721
930501.0,-0.1061160715835543,-0.6060007444663429,0.028080659278211018,-0.6014032012792476,0.5123592440029299,-0.5623867596786325,0.5850869350506367
930502.0,-0.8570369558615032,0.3982976979706432,-0.4442719015518586,-0.36117048604683455,-0.2337291727377495,0.19660390877770118,-0.6823298518357377
930503.0,0.9142578743630698,-0.21582912775546936,0.3168839354849631,-0.8310087575164642,-0.07975548505202723,0.4012082500772174,0.28144423359493986
930504.0,-0.9703991751999457,0.6747057757380419,-0.7876923807118681,0.6673248795147764,-0.04573560912025765,-0.6388864167344768,0.04686971169070242
930505.0,0.15865883721896368,0.14359945453395295,-0.1632681098191604,0.21132790451952554,0.09203002371933278,0.6049068303481113,0.7141807842845922
930506.0,0.15846263862884413,-0.9180179615983965,-0.15790945352243635,-0.04823393041683355,-0.9682889265742998,0.8620532442875259,0.17027310170160237
930507.0,0.40381072967256526,-0.506628068025436,-0.7962431182737473,-0.41790745512949434,0.025063307424429304,-0.6723602873344352,0.25134552336461957
930508.0,-0.5159020488495787,-0.5100346056981646,0.5470653051566163,-0.2215100790746678,-0.4468433366054403,-0.4223123709129968,0.9437029760851579
930509.0,0.8779627949767692,-0.3786259239141958,0.1536464776143256,0.3793311389618237,0.833205104875208,-0.7234084960524332,-0.02140295642092127
930510.0,0.992659516684169,-0.1253017545973123,0.19579695698411115,0.0376442793180467,0.2960108677750213,0.6200401915054528,-0.9134845183857765
930511.0,-0.015834179436760243,0.39921946942617836,0.32621475845544157,0.2985110721172879,-0.949486821415447,0.9742819069285702,0.7190222232937928
930512.0,-0.6953221358076924,0.7921530174281586,0.26608311824990527,0.6703006173537605,0.8425723842882504,0.7960138126845164,-0.46831341874384647
930513.0,-0.4894753978476969,-0.09544126345687665,0.4702649266301895,0.9870418149648508,-0.9402898615942108,-0.019566691138878545,0.28289896049394425
930514.0,-0.936933646647991,0.5650784699436353,-0.6349473325003683,-0.6687682290821573,-0.766203254766612,-0.09400148061746139,-0.4158529794488681
930515.0,0.8000087057697274,0.9462920330163749,-0.6396939126094696,-0.47410248563736457,0.8889034971677545,0.5977262793423375,-0.694027070247355
930516.0,0.8148540033760443,0.4030968816738578,-0.16863652106935922,0.11547983196908995,0.3702080717810099,-0.8223215824230017,0.7504152343917823
930517.0,-0.8745261720365729,0.008111216256669662,-0.4717826722865386,-0.5005719769776826,-0.2689143770023845,0.4631024192174946,0.5854209752786095
930518.0,0.7323540823348109,-0.13502175263566718,0.30983236379229084,0.46353116995888155,0.11601892534911351,-0.387756130284556,-0.01615460841381644
930519.0,0.16978451590378607,-0.45884831612285293,-0.44649492997477425,-0.076015340635184,-0.11096180908082598,-0.9183996989409675,-0.8680353129233347
930520.0,-0.25901436372780395,-0.6776487750415126,0.5620187470873188,-0.8855510941273432,0.9337791274045619,0.7232225598637969,-0.9081260876905273
930521.0,-0.6212573153543413,-0.7110698071074344,-0.7885456102220338,-0.9896046171708992,-0.2212366678496842,-0.16000968990099373,0.061488484626448514
930522.0,-0.4627559200151139,0.7441387976761715,0.7315101222927931,0.24456908689141565,-0.5347506231827741,0.6836074761419362,-0.12196724016276517
930523.0,0.3888258060882779,-0.9882030567152948,-0.5919673623187542,-0.5889937404122916,-0.15692057892161748,-0.37765462166515573,0.6073437533131223
930524.0,-0.40167702423544704,0.20100281251257113,0.029098190547829583,0.3961675820261672,0.13147974966413334,0.6028606573556343,-0.07712419836775153
930525.0,0.336810548875633,0.5789416874442248,-0.5757453421635266,-0.33997241775003095,0.48445313330860373,0.5389260989468483,-0.21284339371839067
930526.0,0.8720745308935158,-0.528318736689249,0.614100960747916,-0.859333170507417,0.6132419371946201,0.5834882785531372,0.3009319166888571
930527.0,0.8127238902533318,-0.43817186561945,0.194360224707818,-0.8016568388297047,-0.16169493809193214,0.38382061017435465,-0.038487297938312404
930528.0,-0.45999184803481774,-0.25553504524339465,0.8419625937799657,0.7043729738983528,0.385184339316903,0.23180982829902264,0.017674724512871887
930529.0,-0.46498968893445025,0.20050301583299923,0.868148596725584,-0.3076618343068962,0.32813302502402397,-0.4585464135845916,-0.6752537364551583
930530.0,0.3506345342686463,-0.315401693768089,-0.9457266969085458,0.18012011309888876,0.38655075275545836,0.6125306117465901,0.621453487400357
930531.0,-0.26852797694710695,0.21511376865273846,0.06502121422642082,0.7773694445655543,-0.7617228891279266,0.8292122385193474,0.9467213555400893
930532.0,0.7826080435870817,-0.8106804744026515,0.6934494064482122,-0.35768401250619974,0.42230643968964965,-0.9247139462355143,-0.33406118201343027
930533.0,0.164026817587142,0.17040364542032505,-0.2509994082503064,-0.5831428535283631,0.07615208080138225,-0.7487321140897689,-0.07832280017924331
930534.0,-0.6895887144414243,-0.9531105896820977,0.6350580618352106,0.5143382729452675,0.24743608009526974,-0.348553347013866,-0.5516167958382754
930535.0,0.6335474185519321,0.551327528939322,-0.05931855599456193,0.45260379358497005,0.450192557529453,-0.6863697870819467,0.5539000040790838
930536.0,0.03715903353546701,-0.14654101077854897,0.603053108800125,0.34832236211153567,0.04696387088440823,0.48909581238389843,0.06295012777869902
930537.0,-0.48437683210230764,-0.10570876322804557,-0.11767291652480139,-0.9275772905000752,-0.7735514997456829,-0.41326496387420497,-0.25675201933096403
930538.0,-0.8862054907944026,0.26959216607209147,-0.12268287506050934,0.7253245348131527,-0.6419870619065826,0.5998937128473689,-0.9697472255537558
930539.0,-0.8513708306785017,-0.08404037921518537,-0.1761360990581633,-0.7099824430025032,0.27293440902587074,-0.3049542726416199,-0.6666892225925722
930540.0,-0.05693978246663045,0.8773656905440947,-0.8556708363450582,0.9459857287271585,-0.6886097633805097,-0.45362615911826687,0.39711843053023843
930541.0,-0.26399271965074034,0.3079216683969461,-0.306805498295436,0.5769534863313688,-0.753264690293104,-0.142682145921454,-0.3416408300182636
930542.0,0.8854085162496064,0.6114715483990194,0.7566849749707345,0.5730803956208317,0.45086093993980314,0.43738645454190506,-0.3024566547871048
930543.0,0.9880273444373706,-0.8104185806230715,-0.05728087845956997,-0.7227608964965684,0.8667549035562168,0.043644338184831044,-0.8493452787661606
930544.0,0.0735646980285729,-0.6801855460610884,0.9781782101449283,0.5547087405832669,-0.8579358932039725,0.6515101844423723,0.9179888882472038
930545.0,0.37585342914575737,-0.11699276754994559,0.22600614573468425,-0.611268647392019,0.7889320006307559,0.047513212837405394,-0.7217040767616798
930546.0,0.4231896951022993,-0.6199926589193094,-0.09987190124143064,-0.05357049158333704,-0.0917790687165232,-0.05714780913728479,-0.8705907168034686
930547.0,0.6549017903325571,-0.49400710137472115,-0.32720283270453887,0.8101670729775359,-0.09771081685845862,-0.36378463487053136,-0.925346507031998
930548.0,0.35389755532496747,0.4495060253195484,0.8259448125974602,0.05382997919617982,0.846260823837004,0.05379336932855239,0.9040108335236585
930549.0,0.7840454141479991,0.4612808769443162,-0.1663828526659319,-0.2618496465633404,0.9822215046247622,0.6510839294723747,0.31081493629863655
930550.0,0.8248083854957757,-0.5562840890813456,0.6071890580606747,-0.5392747075409923,-0.43096516675457464,-0.28864879071912375,0.7102586867869858
930551.0,-0.2984562759905178,-0.10996523951978787,0.2619080515166088,0.07883911276674138,0.28238644487542075,-0.21972557872063203,0.9165565393666275
930552.0,0.8353323968947957,-0.9242609006237661,0.38112721871507826,0.14539801034304323,0.9488473269164814,0.7118010427210792,-0.19562036100878366
930553.0,-0.16771142687438645,0.2594660232674362,-0.46244907080622943,-0.13242539187859848,-0.7258989899065438,0.09376155884178661,-0.6438484003218139
930554.0,-0.4777756737542047,0.4199547239657264,-0.7685315018341357,0.12137779841045937,0.7485524355263484,-0.2742409626473763,-0.5757894540100408
930555.0,0.7534025615665665,-0.11047066431972441,-0.3110063337709785,0.4185615041385158,-0.6570546611340509,0.6177459239696941,0.9488450213061144
930556.0,0.4344505807026662,-0.5073305236410626,0.2910183168433298,0.11769648704619318,0.8433872617148575,-0.6219960755526597,-0.7197903453149139
930557.0,0.9399879716404758,-0.8861619896712665,-0.3254473659397461,0.005263610467597157,-0.4255084705440013,-0.12017315399142459,0.35949160131014746
930558.0,-0.5545014097883996,0.7664322224863649,-0.13248732284019327,-0.5495363217040947,0.5426326929172871,0.8438085378370441,0.1143017611920869
930559.0,0.2647573085531325,0.12273867900294522,0.9348620153490212,-0.1057026047325349,0.11038363346676361,0.2702613042933546,-0.24292985229328568
930560.0,-0.2282642894024991,-0.7712809403793999,-0.5190459095501307,-0.9737625416316089,-0.4182924747218282,0.8054881121886595,-0.001705670954251337
930561.0,-0.9271447781651612,-0.6640055823769493,-0.6099890905529566,0.42166800514200986,0.40830958816657104,0.7600514391056377,-0.06571506496613999
930562.0,-0.07228799892011883,-0.797556056132467,-0.8347638580207466,-0.36605466556751076,-0.692597528195497,0.947205541120542,-0.4870083767863316
930563.0,0.4029052576621457,0.10037271954429716,-0.2972456351665591,0.08352121078806318,-0.7134752194214065,-0.37825514027250984,0.03494484872089543
930564.0,-0.7490938710539425,-0.9223613875904981,-0.9605958600614832,-0.03369664998347255,0.4605430791085954,0.8076063435953182,-0.05851558576759919
930565.0,-0.7678288575097145,-0.19600354206303106,-0.6452823696031222,-0.9042122872183938,0.44403187097919705,-0.06800746989927009,0.7095913680916093
930566.0,0.261328269117618,0.026874322285104224,0.6171814638276718,-0.11206763207643156,-0.3084215234488239,0.7627329597589851,-0.007224733968725916
930567.0,-0.18556653194731343,0.8185459408687168,0.8424763952585206,-0.579713001922032,-0.12180799974551038,0.7896779884786411,-0.7640997580534232
930568.0,-0.4998404034762207,-0.7077393551968141,0.8931321162883679,0.5605064069835541,-0.02710028755399496,0.8268282579102066,-0.40061244056406964
930569.0,0.728260079011352,-0.845385388993726,0.6046935978214543,-0.1516671026512042,-0.38438173543563803,-0.5153200034435759,-0.4267321255793335
930570.0,0.10606731317923401,-0.2246568777205189,0.8518969929922455,-0.21051863541555638,0.19472564801441594,-0.704145847800717,-0.8946036030900415
930571.0,-0.31197509595050743,0.21479138514485552,0.3398332852328534,0.31450702315204215,0.14789846730839074,0.9861595124693212,-0.026498576148551223
930572.0,-0.809450560337436,0.046437207325821905,0.536030842868684,0.8988063468298257,0.5887112668310059,-0.5733293516399043,-0.2394433510187879
930573.0,-0.9774412465319746,-0.08395070123819748,0.53174995257617,0.5322002610699192,0.9387146148358285,-0.006808856316427914,0.17057710445854934
930574.0,0.07362331626830554,-0.5128139077212923,0.09760471874472332,-0.1458957226717208,-0.5220218250987727,-0.24523905170216143,-0.41219217736353664
930575.0,0.04034715582235049,0.8179636834231869,-0.25614805532263385,0.5989877197429321,0.950356693702431,-0.8811610858881593,0.36981632765353023
930576.0,-0.6493687971780262,-0.52872763260958,-0.46300933336477934,-0.3483424992073132,0.7727776446387842,-0.5007090014288034,0.6980433853677945
930577.0,-0.9659896226530891,-0.22641729946705813,-0.7174001223326267,0.2492640916075186,-0.04908790362645776,0.39161225504705643,0.7562787067323693
930578.0,0.005933513845420402,-0.20112972934205797,-0.10624699382765579,0.061937359545750637,0.1475222990519489,-0.533650222932107,-0.5298021011554279
930579.0,0.42184413480460115,0.44382473430750435,-0.541908609361722,-0.22505029405333277,0.41023667712880907,-0.3312024961529525,-0.42213017702017974
930580.0,-0.2914576143732699,-0.9083435884581244,0.5672631233024563,-0.4689510223706055,-0.7109821630429982,0.35959983500928994,0.9276315800292554
930581.0,-0.40026031940101836,0.49753986061400624,0.5952516289829237,-0.440269997251004,0.14215360112984077,0.4615974997130339,-0.1445943727113146
930582.0,-0.8438873964298128,0.8223455761076248,-0.5433611960991456,0.29356736912638204,0.86266348467088,0.7130757534177998,0.4212170508875741
930583.0,-0.45006310196358545,-0.8192165863540732,-0.6128265017219814,-0.6106816256776302,-0.95085561890405,-0.06751137457805934,-0.3601456137015213
930584.0,-0.5591523537920302,0.23824150363897045,-0.11516433829629524,-0.17135884705457305,0.36429906228280595,-0.33675952941468834,-0.623290084484559
930585.0,0.7237365981404937,0.8091522639916713,0.02735544419970104,-0.7333034888175234,0.9186956022116073,0.4916921668646397,-0.2767201419833485
930586.0,-0.45957985158435966,-0.7903516292160115,-0.9340647705614666,0.45245581282039615,0.13514136157637835,0.5044172182676792,-0.0016946119176846075
930587.0,-0.2504903219965071,0.38694605599424947,-0.5930447452125212,0.6407702757478062,0.4232414361613104,0.4653088855344014,0.7569397702493224
930588.0,0.20627579587568934,-0.22974796848466417,0.19450164007486892,0.06811655710735631,-0.2564175872230108,0.5946093684039071,0.7439899456718992
930589.0,-0.6873728366193679,0.03180710363063377,0.8154117990670431,-0.3817702878761915,-0.3426065015554365,-0.8680906221231166,0.9620272625811965
930590.0,0.6952936653893467,-0.8076459034464565,0.8158142616980462,-0.015708303307434557,0.526024768053649,0.40370018001514874,0.8265589241440645
930591.0,-0.9835312692037426,-0.9441371977754762,0.1746959057973878,0.6438776727341635,0.25051818606191945,0.5383229536174972,0.15545290254883848
930592.0,-0.12510736477107454,-0.36963263969420046,-0.2574382851499639,0.9783313519918708,-0.5797042338034795,0.12386934826332774,-0.08972424409977586
930593.0,0.8455424317469653,-0.8400044209569932,0.3617278199755358,0.7747661822706648,-0.540043152372734,-0.08928535025138351,0.6853735008000101
930594.0,0.8877143557638112,-0.6909965855556,0.013803533118922573,0.010287443693238307,-0.28093604190137156,0.6207018811734424,-0.12186839618749934
930595.0,0.4389319682878663,0.8522447949731515,-0.4156240221135492,0.8511552463341523,-0.24798152384184147,-0.35871365190543036,-0.10442750357362796
930596.0,-0.1645882185466836,0.134537880538651,-0.5830983221931818,0.8343313183209422,-0.26604272316143684,-0.04480783885647299,-0.733006552074476
930597.0,0.8479816541499297,0.21767236871594564,0.8703305034476692,0.5035658307560806,0.5580476855431746,-0.5389141276374896,0.6653331863678333
930598.0,0.9087010822012107,-0.6358019152089225,-0.18457318405581824,0.8241069810436819,-0.08288743673715082,-0.03576012575581755,-0.08524327170420465
930599.0,0.7660221922546029,-0.36739832796185046,-0.889847875767946,-0.6997180975682946,-0.07195121866222443,-0.6217521347556729,0.17806885183452636
930600.0,0.11445594976665263,-0.15933556786215064,0.3666698113583404,-0.44447811946961746,-0.7026892192366698,0.1929078305509344,-0.5949734281390398
930601.0,0.6817771284972305,0.19243639526883283,-0.7063015999689011,0.4213552146184938,-0.16080813231685886,-0.8898511786048502,0.34722243799390284
930602.0,-0.32750836128863003,0.11481289350211354,0.7418219126324417,-0.5678192713842494,-0.43509452268889337,0.6349128942215194,-0.0016654079094284846
930603.0,0.7119943774092801,-0.014408238255997352,0.8300797382716245,0.9244356588338365,0.4970032582163393,0.6715393119426523,-0.4130411727362273
930604.0,-0.7344805669264989,-0.3509420422201339,-0.38561910926645626,0.2508980099647644,-0.27479927443347996,0.7327191105449655,-0.9216397560024419
930605.0,0.13078211884856672,0.9320033431812647,-0.28654036540396577,-0.8298575524762544,0.012630071752328442,-0.9828184411441545,-0.7017595136589936
930606.0,0.0008757619366652758,0.3217077870498126,0.4087547709228241,-0.034300583989604005,-0.027792639940263264,0.04196798641808619,-0.9663136755838817
930607.0,0.09586836126222953,-0.5923024040987592,0.23928307485563627,0.6530586957225586,-0.566205222097276,0.19697286726889973,-0.9852541222627349
930608.0,-0.6894861599848603,0.8181200682820793,-0.32681240478160434,-0.6251000259658186,-0.8847083910722491,-0.518146502658257,-0.8752208125065726
930609.0,0.5531026393473462,0.3938447708391448,0.22044793683552877,0.7948932097264554,0.4824964515102883,-0.09635671363790221,0.8074199571851473
930610.0,-0.3468516359405096,-0.2926068099258048,-0.012789035651831426,0.6488059316750305,-0.18026527038260554,0.8701241399488508,0.9809850154670032
930611.0,0.9016528203880432,-0.3427077424234697,-0.3448752102354715,-0.04946759025622871,-0.30763197478932125,0.0961331685898088,-0.24199598735798866
930612.0,0.3321496631202412,0.18119714165659961,0.08722041334863007,-0.7555249106297839,0.10195195951249336,0.2000530845097923,-0.7463019981271966
930613.0,0.6725941011885699,-0.2335899143477831,0.9495914091236988,0.9800351164637235,-0.7897309987519485,0.19593083279794943,-0.27102575261718775
930614.0,-0.7871549001812115,0.006885181271870211,-0.9639796922978792,-0.7443689117560262,0.03729934519674627,0.8495703821923473,0.03631409814439013
930615.0,-0.8582317368707864,-0.22999818109495074,0.05607053228510295,0.4471496299155353,-0.4391977239104865,-0.08575428548572561,-0.6943267258189778
930616.0,-0.06211070781339201,-0.8853544348725466,0.948745213466325,0.23173122147412628,0.27340169544737614,-0.41681346755120474,-0.5068037108112315
930617.0,-0.8429321245502253,0.5927385589362197,0.26082252868247857,-0.9639691599762794,0.9340121522886595,0.15363646696362676,-0.47732936059400943
930618.0,0.7791633000137606,0.030878187232832754,-0.02440872943776551,-0.28346134774131104,-0.4341796873335386,0.4420075578254907,-0.13583741642480263
930619.0,-0.23478479834891863,0.5077700003658296,-0.4227851629200452,-0.3458656259016122,0.28371289930836907,0.5251223980656325,-0.4878739198736912
930620.0,-0.6290805691357277,-0.7948994559048006,-0.5767457586582638,0.43076484672147575,-0.15505252548198745,-0.7056453877544795,-0.10274776698949029
930621.0,-0.19204535693768743,0.3159654479726617,0.36034997708005556,-0.19767764940490684,-0.28524093198653033,0.535630396707355,0.8654098784114221
930622.0,0.7321761932260376,-0.3021896238577071,-0.8674822900607004,0.3733167952032763,0.16319119523824588,-0.4340034918970639,0.6084061766449325
930623.0,-0.7284293597110505,-0.7027195029712103,0.3827604328010188,0.18757565038472124,-0.5479745332978894,-0.2094422924819057,-0.6860485319685214
930624.0,0.002752135242471976,0.22347839426426153,0.9417478782264197,0.6152779997612612,0.8843834789989768,-0.23122087293258353,0.3996336568542713
930625.0,0.00010940036585993518,0.32916127150956065,-0.5413640322499431,0.4226793314360888,-0.4965562715430849,0.8338904852277151,0.18002795539587213
930626.0,-0.6719214295431557,-0.30178468866172126,-0.33756418918448783,-0.974275324970034,0.06728695478494329,-0.7797736154841035,-0.030834986599484582
930627.0,-0.9505799790720564,0.5466788040556578,-0.7915136485168499,0.16985897139486061,0.17279406933743124,0.2898930725557147,-0.42615364288534563
930628.0,-0.16057951680063853,-0.30584734907844213,0.6774825102501216,0.6525706507061266,0.9616447114114706,-0.44284566178899154,-0.19196859223884144
930629.0,-0.0900473133613473,0.3994487336427761,-0.3561440742653541,0.2359900481331132,0.9002407222592761,-0.49622698382289165,-0.5287694212936993
930630.0,0.5277284826261033,-0.18210778561770136,0.5758017420547243,0.4892850525286627,-0.2451067641310205,-0.8788354727052272,0.08089744416140143
930631.0,-0.6306938819483618,-0.7993225081668547,0.16024828307381922,0.2777310239264139,0.48995508849305414,0.9765787645743786,-0.9579951498050481
930632.0,-0.3595299401814138,-0.000482409842534004,-0.40384324482545986,0.3620182562603762,-0.35652732159843525,0.5532843534363796,0.8074435540426328
930633.0,0.6817885196048465,-0.7613404662760668,0.4222024651621967,0.12355282018269342,-0.36735908799090033,-0.8092189915038046,-0.8663443188295432
930634.0,0.4608829376779553,0.38752429013326184,-0.4898644562434946,-0.2047480802392565,0.19737401654981945,-0.9057435414357744,-0.11425247343272726
930635.0,-0.7213273617464908,-0.4994379447080901,-0.8337505711510478,-0.5894125051126424,0.26014789640176783,-0.11492354739987709,0.4805724946849821
930636.0,0.5651755055368508,-0.6888746115915256,-0.43895867641753705,0.5384992939202504,0.5944131042013805,0.4041691244238226,-0.006474504429861083
930637.0,0.03094155784524255,0.7419260075433951,-0.22050458425592567,0.5733501498843527,0.9021834087706475,0.7531578650414068,0.9159451739249418
930638.0,-0.58865194520316,0.541424779799264,-0.4690237883726107,-0.3931606210293803,0.7639966562184677,0.8606611467706646,0.5909890450748776
930639.0,0.8732063975800033,0.868157178759223,-0.27934218486789786,0.1477041876098626,-0.30966276777658,0.1275241943927128,-0.19646605616405277
930640.0,0.5944640558451451,-0.26220759293125817,0.03512072339188088,-0.1382089128733328,-0.49834854619633573,0.9545504079807448,-0.007534653171202832
930641.0,0.7186059547903205,0.24557315782986078,0.1888678493673852,-0.3848735226672877,-0.31555920768642376,0.3041762243964816,-0.757016322926443
930642.0,0.3965823093071692,0.6135239724396238,0.5320986853421643,0.36390239152920345,0.6662769986873456,-0.7173946467858883,0.48464429981351476
930643.0,0.4630190933463356,-0.0780856303725821,0.8600194515290662,-0.9083033980579105,-0.7728342529683525,0.44644050888377396,0.8485742586417673
930644.0,-0.992553194126248,-0.05607892388015623,-0.7797810936546297,-0.03170572302497976,-0.1998607095438829,-0.9454521510884448,0.6004314849787178
930645.0,-0.4309024386351876,-0.6163327324098038,0.5198837759125308,0.9837175144895733,-0.045122267685728135,-0.8850520963373043,-0.7860323379381802
930646.0,0.4056100513866019,-0.9184448874780216,0.06569828515061782,-0.3716876512484102,0.3229666616011102,0.4692686872254672,-0.31167087854992537
930647.0,0.2160407977340666,-0.1648536485274099,0.5821255162911079,-0.09476258495145062,-0.1151118182235562,0.562598035220957,0.5431803874043977
930648.0,-0.9312386022139509,0.7500853696313001,0.17140992622917683,0.4419392878047692,-0.9866671424817142,0.5396129159610259,0.45797599302159075
930649.0,0.3287993289320037,0.1423579218397213,-0.4114486102301067,0.7364063921212438,0.7550920640525989,-0.7703398222791902,-0.5482432309360028
930650.0,-0.9528162081192728,0.3598071564519869,0.1687429392119626,0.7252445175912527,-0.5617982608761884,-0.835656470748156,0.20020541428609118
930651.0,-0.7172986023177155,-0.5023684281944625,0.6206299806413933,0.017491166404777214,-0.2027035913337334,0.4006129014989974,0.7073409292734043
930652.0,-0.6052290735902912,0.7909433895846585,-0.12601611594547335,-0.38008348376317613,0.3057630977611365,-0.6418863432464734,-0.7049865850723962
930653.0,0.7001019306209595,0.9852621876727894,-0.29084150758484695,0.8732018291822488,-0.24910138976131013,0.45750798237109236,-0.785367511207169
930654.0,0.7312236694070842,0.819703105525184,-0.6506985777021752,0.5886342325392386,0.2781366988861076,-0.6387422402154039,-0.7276739296403469
930655.0,-0.5695383546052599,0.5023369568386196,0.8094324391876961,-0.17922590216540746,-0.7021207107191203,0.4617193167244389,-0.6713764458753031
930656.0,0.0814602793885677,0.3974611330589737,0.7438014800864181,0.5560176187126851,-0.023134841814581808,0.05668398107688444,0.34281385261664954
930657.0,-0.3568326952664773,0.7851292920115651,0.562267828094754,-0.7764354051076403,-0.2469362152856116,-0.8627092786753017,0.7237163679641045
930658.0,-0.3390843670467698,0.41641798903246685,0.3781544421495995,0.4217322306820708,0.03349655632515014,-0.647259006080315,-0.44821101559906396
930659.0,-0.891675349686474,0.42260184801630185,0.0322527127291754,0.3040130269061416,0.7967594357502319,0.26110467399494075,0.8137015543638342
930660.0,0.35662324357202446,0.9226740903980941,0.9135770972030324,-0.47210626315998194,-0.07798326662891797,-0.5806194341145501,-0.6984184340155157
930661.0,-0.0640495202754019,0.710254558115708,-0.8926871509677006,-0.7582683285137546,-0.6557466779421248,-0.22701749518312409,-0.7346196033823571
930662.0,0.3663881809519456,-0.9587045645851235,-0.4413905755874328,0.3424542356930571,-0.4126396720766985,-0.16959939900821985,-0.8866413193182814
930663.0,0.4618517590250786,0.3071285706023701,0.12520065278714432,-0.32224293152891215,0.4684979224421526,0.5252777768315315,0.11908586597689408
930664.0,-0.6603723886917587,-0.732333485730069,-0.02193337639995696,0.19264779189099301,-0.15495458287699715,-0.7545315455511794,-0.5736423593504458
930665.0,-0.5699156227166082,-0.18687969978312013,-0.13724090207625061,-0.8021283626748243,-0.46632666671832346,0.679241127843973,0.31428051799012
930666.0,-0.6433573759329567,-0.6969080470899252,-0.386818902569422,0.4605800752748703,0.6290254002165638,-0.7663548675240306,0.1852294504426717
930667.0,-0.9699347120044237,-0.5506721916302089,0.8340383263380033,-0.1760717926435631,0.30553676897518467,0.4136761289979638,-0.1833831407784019
930668.0,-0.7015434173944857,0.9866126906735546,0.3612391582960681,0.7840214768722331,0.06924922249378795,-0.36718832910377386,-0.5982717913321374
930669.0,0.36508312533587484,0.153205944933561,-0.7314964310797787,0.7664934338426754,0.6924004570728433,0.3684654866580428,0.39671903608206627
930670.0,0.19657636021826952,-0.13928029826731247,0.2789442746217523,0.6210915493513784,-0.1972257691630075,-0.9368323865468848,0.9517176221308767
930671.0,-0.050039272969702564,0.24108474097561516,-0.9683169990797853,-0.8153792991313247,-0.18350970770947517,0.7299954031270801,-0.008412495695472977
930672.0,0.9307420280386856,-0.653125607994028,-0.5237413474578378,-0.5840371776356701,0.43973574513589586,-0.018675458135722467,0.13045339955156843
930673.0,-0.8163637391465224,-0.6874328124845013,-0.3240776149505895,-0.7812160414131575,0.47745981041806207,-0.5437025802881599,0.19347399815244204
930674.0,-0.6854759581837844,0.9560922070589077,0.9529623668954736,-0.6017435090620016,0.38503478211977415,-0.34831793842158043,0.11776972604655933
930675.0,0.5537598436927207,0.04103591034271359,-0.16368091430868947,0.10406290983838251,-0.23020775135980753,-0.7343517316946995,-0.27435350810478565
930676.0,-0.6739538532456648,-0.10631497239118581,0.18017762029093753,-0.5027960217281167,-0.5621157968407549,0.3438834601442622,0.6353675303026227
930677.0,0.1488603108938662,0.6615591762947877,-0.8593343637543733,0.4223042537877537,-0.510439732228221,-0.8315597161589763,0.3847098944104159
930678.0,-0.05173824237704938,-0.18501955003654502,-0.14579603339747593,0.887939536310258,0.3638779301317754,0.37117106329269345,0.8786266275991375
930679.0,0.9569538680819143,0.5586372752234512,-0.4965123448901525,0.9978623440239953,0.6213551430049373,0.649643554219095,0.8210614436269337
930680.0,-0.1485398209874107,-0.6344917924845388,0.9472119180147935,-0.19281572529487145,0.42755005728090945,0.5241390747452217,-0.8502127241539601
930681.0,-0.652536565551449,0.5600805340990882,-0.5380911533183492,0.1794508859308801,-0.3562954025359888,0.5826925496891004,-0.34737123446963447
930682.0,0.5280196775387951,-0.07634204822129398,0.16677427031015313,-0.7831965200288724,0.9560184548030433,-0.1389641564591948,0.9852530394246781
930683.0,0.5615080550184912,0.8074300494376339,-0.294717879596591,-0.9930690519481711,-0.7910253324841567,-0.23223199970158404,0.2866139223469195
930684.0,0.7210713697317006,0.970950011638092,-0.44930285154000593,0.5882906016923422,-0.665479609873934,0.6997517779756255,-0.9838593452280677
930685.0,-0.7060718014760214,0.48216058463594713,-0.509293522825089,-0.6493651555571434,-0.2060098789353828,0.9822453115218202,-0.1367408782590278
930686.0,-0.8927430286441236,0.9963818983476291,0.8825331445797167,-0.4327252292677104,-0.72592951063813,0.07251677159465175,-0.5913684236421284
930687.0,-0.41041325864037304,-0.02807781331700343,-0.711817753248773,0.6882754021875168,0.3983348864909457,-0.2989265678225248,-0.3823009441664853
930688.0,-0.13528582437063963,0.7872337769294795,0.5335435544322473,0.06791495328704045,-0.5057231220889897,0.9107483424493015,-0.5847067879931551
930689.0,-0.1441211735672101,-0.8510387095660357,0.8318748010676917,0.14344423790757732,-0.9013767689848573,-0.4225893929524793,-0.7664435205553113
930690.0,0.16703936368924,0.22881799219869103,-0.34268474499996615,-0.268667316541392,-0.7337877701178719,0.7746986278225318,0.72648440779159
930691.0,0.7194764205024622,-0.7936551912355063,-0.02674674605932359,0.8835549012164146,0.8369209568659941,-0.2980777214070778,0.7364400662977459
930692.0,-0.10476045326395456,0.009454705066521463,-0.6331259270652798,-0.9238853862496568,0.29312412553488154,-0.630473766857391,-0.5444768712767569
930693.0,-0.37344196104297334,-0.23007629118484063,0.3054975616194413,-0.17557723131888614,-0.5869999886657145,0.8139767461803207,0.3358618801325397
930694.0,0.049006670006765285,-0.6012519276184118,0.33332784962250583,-0.3036441269846806,0.6186904018251786,0.7797774616113495,-0.6886102731980417
930695.0,0.4515494610203541,-0.9692772999280692,-0.25111316937941064,-0.02240591977637796,-0.02913536860099475,0.22414731473301863,0.8696591643649929
930696.0,-0.5441813750650566,0.3650615692518402,-0.9056043113647014,0.6585998862005737,0.3451975065087576,0.9452047660202376,0.6569653265696889
930697.0,-0.4046529254430422,0.9849620436216433,-0.15090193159588172,0.5585645527347751,0.2914147770075357,-0.5385674033473378,0.8782979194072196
930698.0,0.4919596500856682,-0.5316452293429101,-0.5557672724759697,0.16146858741129577,0.7720602260031166,-0.9071342011381356,0.5535027700841402
930699.0,0.02664122472386743,-0.9687994330336969,0.8475016639474844,-0.5705580734946791,-0.418203353933007,0.7949333142349029,0.3176726001617176
930700.0,-0.25338221799731064,-0.2856840133867822,0.9934706960277553,0.08164793382378388,0.6473738788603587,-0.2176389575400124,-0.828632145411035
930701.0,0.762422410061024,0.10084772236182027,0.5130839295285083,0.8397200995139069,-0.24343058276899798,0.2162241408507779,-0.6245716706821953
930702.0,0.9457770185104919,-0.8750700058273668,-0.05048045028420156,-0.6771430127664753,-0.3084380518627996,-0.8633858129529164,0.9132537318180183
930703.0,-0.7563349099341736,-0.3405656731679556,-0.7963543308236827,0.23954115068751225,0.9189936997323593,0.703184285957847,0.6711022708951888
930704.0,-0.7820177126963406,0.8934627873561887,-0.7909907383263446,0.07148777007055052,0.6956890846552986,-0.056621629634084236,0.16328387671685274
930705.0,-0.1693925271919723,0.0846133220969365,0.43912337776242416,0.12367479842571805,-0.046292207136509944,-0.9712772916939993,-0.8889538292317976
930706.0,0.3210029444729521,0.28204791285643904,-0.15659984663535886,-0.39817935004328375,0.2699915723035369,0.46083591036235316,0.5668735837433836
930707.0,0.5703480940064045,-0.03161114132967335,0.6335236373033202,0.4450281525694664,-0.700715139406997,0.3079620085516619,-0.8095488424881434
930708.0,-0.11374949452144567,0.17691902460699427,0.5252629268735198,-0.5325456960322199,0.17072617514647792,-0.8733914854018066,-0.06485349323793743
930709.0,0.7341583878580547,0.26031935399563166,-0.2282915757815085,-0.17923893205212926,-0.6094734951029475,-0.4159820305161146,0.5705290715731763
930710.0,0.21280737473176825,-0.792615064932906,0.797348416920161,-0.8268663002092125,0.24798561885337622,-0.452980219854767,0.24169128893069725
930711.0,0.49284282198869933,0.0026979428595024224,-0.20839208932569875,0.7393747922882024,-0.30412080455043067,-0.2170751463794376,0.8563603950999639
930712.0,-0.9985625729706815,-0.03409899260016003,0.13566889856746767,-0.2716396288717613,-0.11980835630211129,-0.12672781650895026,-0.5071731288309174
930713.0,0.3683823930834986,0.5437963125843441,-0.2955965391185902,-0.7224689477953703,0.05298417951691481,-0.11729428554405619,0.42415436114884786
930714.0,-0.7940503349342511,0.6117802238020487,-0.22660367293454153,-0.7601470601771543,-0.9749882904403344,-0.463765133324197,0.23536187606258596
930715.0,0.7269604720845875,-0.958842908115713,0.42905862307323295,-0.14613382431053856,-0.49654316279246524,0.977807461224794,-0.4077703648688624
930716.0,-0.77929904812914,0.6477407634358445,-0.8718928611472225,-0.09121682775893403,0.03183942844754495,-0.6742789650486578,-0.5272865538894367
930717.0,0.7780750000813015,0.2609724688946382,0.7221424984516476,-0.20038676265145328,0.7033761813832762,0.8072942937819532,0.7707629640717313
930718.0,-0.23359721468103012,-0.8835898564612017,0.728243656549237,-0.4979790233556045,0.007115277984946378,0.7546582698957547,-0.8876577021128653
930719.0,0.8634689424266762,0.4960880468798332,0.1594802719359325,0.08926411192180006,-0.49119800141886594,0.927818890784007,0.03466341775327675
930720.0,-0.9005558133109322,-0.35128223995687047,0.09161297308833638,0.047184988097675795,-0.9896451676534406,-0.9574758551902112,0.13789876790399558
930721.0,-0.009694325564373774,0.26882727536588824,0.2533056088327559,-0.4211845410841357,-0.29178658101403765,0.23497306807521667,0.39777319533178135
930722.0,0.3750953952092009,-0.9286632444910146,0.8658716123190735,0.9598903916150974,-0.9984278276187233,0.9538797375477892,-0.7389538499775097
930723.0,0.9545992694346628,-0.06274592494356979,-0.16808104472958885,0.16165816945277434,0.17147965119970676,0.9810351681114833,0.35038137146199055
930724.0,-0.8173448087019652,0.2321153855102629,-0.2977079595041634,0.19910634275666927,0.7030243270550978,0.09304865381633487,0.7266902488661566
930725.0,0.3423203184229351,0.1883222064338621,0.16890506569003594,-0.8168593890198017,0.2359575882748537,-0.2824898865394996,0.44809423755782163
930726.0,0.7555512869164924,-0.6893212574861516,0.4721052661672669,0.16609021116943645,-0.3383617671055079,0.5101968802645529,0.06539003337504301
930727.0,0.9662229304710499,0.86182156426143,0.6597944890057119,0.9425933118112546,-0.3448777586735321,0.6234487834123479,-0.39426509169877555
930728.0,0.023725227784556546,-0.17574298157155277,0.7017290790082797,0.8190484330058774,-0.8058989087372159,-0.927810418165548,-0.03972965979400622
930729.0,-0.08601093497488854,0.012002029004455128,0.7258683558561259,0.5347964196364816,0.18802635043511295,0.04027293365016549,0.6741946429822396
930730.0,-0.44291732002119777,-0.6161864649923314,-0.050846818732185994,-0.3789160831373688,0.10711944359925862,0.7036120204022211,-0.2627067460516883
930731.0,0.2758049280263284,-0.04165174628563517,-0.0034730870708723494,0.8351436762764799,-0.8547272198614284,-0.6005995894138592,-0.4569310201171819
930732.0,0.9443583792000909,0.7907964934173528,0.3151450528078925,0.2953401800737272,-0.014379818583424075,-0.5449794513976618,0.9553600135859821
930733.0,0.9341547831101513,-0.6965205139877553,-0.2176842505246741,0.7786589510852904,-0.5560148057522096,-0.16127680247454146,-0.8108545791996871
930734.0,-0.823322653802818,0.17038374754280872,0.478272218748784,-0.8011896733043877,-0.8547309664222038,-0.3999575437559948,-0.9783665486998914
930735.0,-0.19795869690859202,0.5649412127673197,0.2617196243618334,0.36577258709620186,-0.42264832853486256,-0.23249834950090253,0.7119548107101319
930736.0,0.07588213820138634,0.9999987949447491,0.39462757110113533,0.21938688844422027,0.948087646310261,0.15619347834531871,-0.47956621980942304
930737.0,0.016121902225470164,0.5788530990686316,0.21946825996184716,-0.719931759651536,0.3562604110486385,0.6148568887519867,0.7376988116710326
930738.0,-0.57447438030235,-0.13600141417111455,0.5197559352381822,0.3984959592226345,0.9219929481609557,-0.6380409154116036,0.30191145245174456
930739.0,-0.035312070174915444,-0.7280268843878557,-0.3636553773365947,0.05239322240635991,-0.1285464424915277,-0.11064296457071654,0.3077219806205935
930740.0,0.9884102445545444,0.2771478160553815,0.829532666742504,-0.4314134503450051,0.5960842641245492,0.5178769451398353,0.14085984860620426
930741.0,-0.7728331898003564,0.6368388219363752,-0.2069853855391599,-0.1119135379941627,0.9452189741345716,-0.05262885821566954,0.9588545371534416
930742.0,0.8914284584582621,-0.4065539545355663,-0.15327933201577348,-0.729692904431225,-0.2459169524442557,-0.8331593178206322,0.8754290052575493
930743.0,-0.4369538171679588,-0.46523443859445024,-0.4133470254754765,-0.0718904372641671,0.4587513880682432,0.19316788569374888,-0.4479674013978545
930744.0,0.6716968568323103,-0.13745804621329527,-0.6580708444432941,0.2954304818302358,0.07208818357704416,-0.546377017067003,0.7975576823100847
930745.0,-0.42711299102866174,0.6248504592640365,0.4336288283002323,0.41208708305408615,-0.07591835820125548,0.1503711460729975,0.074304487785114
930746.0,0.6200529215849528,0.8417728035731891,-0.2378368088738423,-0.3160957753945055,-0.9366175234926719,0.20620662743834717,-0.8878202312559209
930747.0,-0.23473511951718695,0.747137532810741,0.8661134270485704,-0.4614974736402342,-0.23297879655580078,0.03663058219817117,-0.2927513004968947
930748.0,-0.3467431307622775,0.11695688609119292,-0.9846861392705737,0.9658330045662589,0.5742558883588325,0.8226355125156448,-0.039084924565318424
930749.0,0.322934312285188,-0.9630469673416968,-0.4125800616336237,0.9150227015578407,-0.7315578037564341,-0.5072072165524548,0.4392091616566842
930750.0,-0.7371519482136468,0.958253882321894,-0.18291626618037404,-0.9796988280024639,0.9281204077513785,0.9437878616279498,-0.7289347137268309
930751.0,0.10008363967038592,-0.5735525038536653,-0.39120452851864407,0.9402961298764159,0.818359073235446,-0.16495921661260837,0.9363682825856259
930752.0,0.21797855041672443,-0.11463575051912311,0.9967038233563337,-0.1857939084851885,-0.4088578031142305,-0.20980020209684014,0.3130007405786994
930753.0,-0.6563356304225454,-0.5702804346845523,-0.4599827487976833,-0.8691501988979535,0.24049147672466953,-0.36307502338490716,-0.9304362669281367
930754.0,0.5375689422396646,0.562593760671978,0.12588001270362725,0.6141087451713696,0.4561070048148741,-0.2046250391533595,-0.8487980596942757
930755.0,0.0004249999878247479,-0.26438433023487495,-0.6866676343526861,0.23535334701868704,0.46101284003670795,-0.3858097983824851,0.013436341764729853
930756.0,0.7935649786048327,-0.4594484604703266,-0.23763079660331043,-0.8371228565007951,0.5097287852334396,-0.10315314255261465,0.08711855377343891
930757.0,0.8674634022596663,0.41518542700264827,-0.1251798979340959,0.9116987565891892,-0.31889916878075497,0.04093221109788625,0.9114579834566121
930758.0,-0.6234074356124197,0.39399459754601507,-0.9448080714652864,-0.7637392211757654,-0.13906101937861148,-0.6760882148031904,-0.4835982154737348
930759.0,-0.8498430509881407,0.5220406636537891,-0.4962231302355864,-0.10289314445768771,-0.096786496521299,0.7573328244833977,-0.39596874098231916
930760.0,-0.7875581771621651,0.5900754787645872,0.19854770214444217,0.31636368328066156,0.7872957495581667,0.5031297216366459,0.252754460501845
930761.0,0.9342601847748371,-0.3655594752474316,0.8760393209015573,-0.7109263979043916,0.41012685352012057,0.8512738106495745,0.723918285842124
930762.0,0.051985618931377875,0.3506359282956981,0.7717960797073988,-0.3096469612744934,0.22576676049388933,-0.6926057462158439,-0.7972229683642815
930763.0,-0.7798249540960314,0.07125787237655135,-0.0666097497613487,-0.4642276935114107,-0.31638123585338573,0.5115541392111012,0.1833322466448537
930764.0,0.8499173784339258,0.9661596523221865,-0.41375949797981315,0.9827680053451231,0.4907433859744046,0.8548217964322853,0.594719027442413
930765.0,0.2696611411172729,0.899390473566416,-0.1162312227269735,-0.9675058018519365,-0.8688276022726682,-0.18870817229709225,-0.9492095493542423
930766.0,0.8454755978954225,-0.2774082525211874,0.515697126168851,-0.5857058869579803,0.9304124535512608,0.4656396617254237,0.6036879275716163
930767.0,-0.4160430518505749,0.7884851025772894,0.3536034324173998,-0.05064908988415029,0.6856465724111827,-0.9611346339982547,0.8933823354744088
930768.0,0.5617472864848283,-0.1608531350475435,-0.06749281224211545,-0.678680359713072,0.1903416063575165,0.612924250019425,-0.5182113429571029
930769.0,-0.4534401699155495,-0.30598704484250194,0.41061046374307364,-0.4761925821083126,0.2545992424301622,0.5517936840905207,-0.23078886978923485
930770.0,-0.5136518232860683,0.7846235907543286,-0.12398582081225995,0.505630429822232,0.6771413253458434,0.6332304293264346,0.3998530165270002
930771.0,-0.2224519233366382,0.14146626451717625,-0.3716647676920659,-0.061654741279812075,-0.12474910347462953,-0.5894020528993849,-0.6179935577358406
930772.0,0.6193006312165639,0.6280574241007286,0.8851954740332817,-0.07629031505559736,-0.7201605199755123,-0.03156875928950065,-0.07118093785296131
930773.0,-0.10883033265529662,-0.12847917330696235,0.8077058853222514,-0.9899800666292382,-0.30356760448374187,-0.411244417549558,-0.06507287740585288
930774.0,0.6055345584139671,0.12613208425818745,-0.8344572655262261,0.21854313189691976,0.640598448957892,-0.9439435922369224,-0.38191599173775925
930775.0,0.6942980288762719,-0.5972269648393946,0.08910122142253885,0.668998937854536,-0.9193175536598859,-0.3569746269057166,-0.9834960382487159
930776.0,-0.49092705831598815,0.3625579321078449,0.23957808011103632,0.8266354800947908,-0.11871386216608903,0.246370966217341,0.17661370017184885
930777.0,-0.6225139288233115,0.6822120414098316,-0.9255471196372773,-0.7418961328477092,0.22118606437474964,-0.9954828438014569,-0.12915216945587282
930778.0,0.920439039781648,-0.7938267116597286,0.4736292196295042,-0.4401011530562866,-0.691988343173175,-0.41144621570552053,-0.005066451405524974
930779.0,-0.27052144466568584,-0.8903384453904482,0.2550558594874237,0.5027404186759425,0.44494598850952083,0.16962488987305346,0.33284314625692746
930780.0,0.4113776351736884,0.9148251542875845,-0.15146614004702053,0.6101639012242857,0.7587328368542161,0.1645748535394449,0.9398056969894728
930781.0,0.40160791510087446,0.48288409207798355,0.912959499557956,-0.21765820618322107,-0.7018450743195657,0.9333830202643338,0.561577465831081
930782.0,0.06285819099890078,-0.8301321778769111,0.6224045825991282,-0.11081057724174337,0.814212700414954,0.17662326653027316,-0.18696518026721431
930783.0,0.12075116929889607,0.42710934686598323,0.9529416510768538,-0.2517255375554941,0.8311351398522417,0.9899827444871563,0.8033263895764906
930784.0,0.32847325691791296,0.7978154301076632,0.431239625873274,0.7699668516413831,-0.7144840986538563,-0.6448400682150308,-0.8167614326831278
930785.0,0.25816173688910493,-0.7575212444395365,0.9752717353448208,-0.5559399661203628,-0.9846941392212674,0.20588313512047685,-0.4623140767880898
930786.0,0.3844140016259934,0.1376860418671486,0.9636004281097557,-0.4318020458641991,-0.2659263102149687,-0.7942135518892788,0.8943635817113043
930787.0,-0.83468989568995,-0.32833710969613783,-0.151767667559235,-0.07402523452906284,0.10609914674463372,0.42718424401054755,-0.5853810446268655
930788.0,0.9836918425819292,-0.316360273206614,-0.04402739008324619,-0.5537996951568231,-0.3198227399951252,-0.8189693523377817,-0.018754776376744386
930789.0,0.5435523086523908,-0.7029407699179797,0.3482807082679442,-0.4767542203790456,0.41719856057711,-0.779211159194874,-0.012621919870797527
930790.0,0.8895400848871842,0.251890734820011,-0.9812262413031678,-0.6271566142845555,0.38267475815206997,-0.5036464097043545,-0.02203022060975557
930791.0,-0.30641332623415174,0.3848638673126341,-0.8270563923002359,0.29107529378025854,0.538700226723011,0.07037672742424972,-0.003961725601354438
930792.0,0.5525654784175624,-0.6559854341418012,-0.527438925520022,-0.5208861486726504,0.24468755639785988,0.6938072328727523,-0.2264983080740719
930793.0,-0.20470141685260979,-0.9886473858781963,0.08309900776645174,-0.09811165193759619,0.3585800202300926,-0.4277248616879066,0.43195267917915414
930794.0,0.9298131856851355,-0.6584011810566308,0.102480405745915,-0.9822242326138153,0.6120355292837476,0.7244234051466534,0.5268553234520601
930795.0,-0.30995348341930606,0.14982798748912063,-0.8835163725769413,-0.9514714317383492,0.422590782688423,-0.9498468829994959,-0.27135010034456974
930796.0,-0.6546542516617235,-0.48718453928179595,0.12245599542550156,-0.010092817624224537,0.1999729967582291,-0.2370699010109647,-0.22077877391520584
930797.0,-0.9777608398412732,-0.2841504022831256,-0.08087910615793881,0.029135017227617466,0.660886430698882,0.3438340817171457,-0.6823732110080145
930798.0,-0.3745910499356755,-0.9160796072775819,0.7123465051778188,0.9149981298561858,0.5574776723197896,0.799873776764013,-0.17128558835039365
930799.0,0.5585800792190558,-0.7280576720595022,-0.8173777991065874,0.46733708393560014,-0.3001618030343143,-0.9516080675430578,-0.7624299441411724
930800.0,0.683367238080131,-0.40210366569770795,-0.8336563623583451,0.43998472859383253,0.5976855024254177,0.8349582295057483,-0.8453746332838983
930801.0,-0.23391238555453842,0.3834380195547562,0.31287437928097583,-0.674666094668597,0.2239869995172481,0.8844291416096732,0.39928807514252185
930802.0,0.6998258646345228,-0.8700321532243092,0.23773355802814966,-0.9918982607621096,0.6879887837384211,0.478675079485422,-0.24411162851714718
930803.0,0.07381951882670656,-0.8028130063724057,0.007655448792716291,0.005347998251538755,-0.23350179019022455,-0.4673837009080348,0.6209795568621539
930804.0,-0.4221814707984164,-0.9114205055333819,0.6173915528786507,0.7486711420721655,-0.6248752506243618,0.2829189327093933,0.12682916234243824
930805.0,0.7490692266243231,-0.4095682087498318,-0.6893643808880612,0.0751867558490289,0.5289695586571239,-0.735783435915204,-0.695512718136599
930806.0,0.865056763506117,-0.23053947556166454,0.026813032021430816,0.6239579174523779,-0.9566983150501229,-0.38897374827511433,-0.252791360008237
930807.0,-0.34064213487393435,0.0063280959293803285,-0.8089923341572269,0.15649417124743126,0.5110236489952695,0.8696366941333382,0.175830606586032
930808.0,0.023228615467265623,-0.7472586866107023,0.24146538729847733,0.5039112945084667,-0.6010379899930627,-0.7607886787913367,-0.5224312313887607
930809.0,0.5316296277504606,0.5920207512817008,0.8644312505130844,0.07345909057140498,-0.3354010906126239,-0.6039999976621899,-0.18069753998562166
930810.0,-0.4499534105672198,-0.8736523417453392,-0.5377994077519757,0.7453708383362598,-0.901204561525867,0.308635432066396,0.8744865797292007
930811.0,0.6266971221291813,0.5501608214562139,-0.5813655612590756,0.7426333280239115,0.5545165203366691,0.41465922635318475,-0.4008244344148173
930812.0,-0.4760196662513383,-0.5906215296629738,0.42469210395365753,0.4723229833245719,-0.7189682205803112,0.08829028552450469,-0.9009323316713114
930813.0,0.5223381679718997,0.09785122851447459,0.8331261314286242,0.36685599187321283,0.13831602355233996,-0.8893521281863976,0.9979905379262792
930814.0,-0.6821703670384589,0.1862245372934601,0.8698314997836618,0.1026908804673834,-0.0005395792834295143,0.7421916054105806,-0.47058981324059035
930815.0,0.671429780852161,0.28809398569620415,-0.3722561071343191,0.09153952008303134,0.6025387897897991,-0.8017806218927641,-0.5686098987417996
930816.0,0.9743954425233925,0.5484553750967283,-0.29845263115911935,-0.17781965620595686,-0.23094517054842223,-0.41877934541648165,-0.9044631072794305
930817.0,0.09068763886817455,0.5999098633415467,-0.9639947345569082,0.39021672370182214,0.24531175299963515,-0.935915897449443,-0.062324674024405446
930818.0,0.046001321252176375,-0.8781704031749464,0.11857079757737554,0.18762168050862638,0.21337552865880527,0.9724566878806535,0.5051423138496105
930819.0,0.22361116814933557,0.3566588350182762,-0.38227033488451023,-0.9481573947075734,-0.705138394822701,0.3444047241592172,0.19985439782225067
930820.0,-0.4619837113680316,0.14812312540950168,0.5069228874400418,0.5838434940886952,-0.09639551893427356,0.9809051570815486,0.9958771292487019
930821.0,0.5411016433682689,0.33522834345085917,-0.6538229839545755,0.9501319699102999,0.20809523580781586,-0.2802335394206379,-0.42103177665835356
930822.0,-0.938556236726382,0.9243066791450734,0.517828933754285,-0.7709197827947649,0.2195970711481796,0.20319724583694998,0.9278519712717359
930823.0,-0.07333845075548595,-0.1785048556673372,0.9959631492250589,0.7974232767651657,0.04735245886680661,0.7358675726557695,0.09851426577653744
930824.0,-0.15926988988213897,0.27793832733607093,-0.9011021930662957,0.14083890422044654,-0.2514720007265445,-0.09124001541487581,0.7504389892108718
930825.0,0.01686474398133786,-0.6537435910545222,0.6173757702035785,0.06903134998148341,-0.4753749591583156,0.7472762417658918,0.7422281221746172
930826.0,0.2976818280097606,0.5240862915026852,-0.553825607909131,0.7518485585459602,-0.2405423805023652,0.8739158657951185,-0.6302555338505371
930827.0,-0.516587439256782,-0.8961433177181273,-0.19211412217766277,0.4295482412669489,-0.8245218005368153,-0.6219169268572466,-0.582575897899638
930828.0,-0.5710388401388369,0.7470712930114034,-0.4196915709206934,0.6557551815423117,-0.5214516151133561,0.4125039037166707,-0.6029654847728103
930829.0,0.38173405368880253,0.5097269095774677,-0.337582970814569,-0.670441144609206,-0.9562098492806197,-0.6981386887359375,0.7032399016208553
930830.0,0.9933319313021896,-0.43746668232698527,0.6498997819767529,-0.19141105393114333,-0.12979014284751478,0.7233555823031779,-0.6474686069650486
930831.0,0.31983753189938646,0.027408468188637958,0.1278274204865566,-0.8339013998291864,0.8794036240384628,0.8017761584674512,0.10972421493767603
930832.0,0.9852770847074295,0.26363622257467556,0.4903978369302848,-0.032411635270906514,0.49467987493406085,0.3278415560034096,0.8414752624805144
930833.0,0.8683008639947749,-0.8885133996726386,-0.9138710282032914,-0.7714434208027288,0.07648977633415699,-0.3041241288806078,-0.7241416063221298
930834.0,0.6027869969000439,-0.9476439400623893,0.4025352223668939,-0.3045032568868207,-0.6394007735739358,-0.7772766105656006,-0.8583185501332045
930835.0,-0.2824166482778143,0.7998164887357737,0.5165163557824068,0.6644564495840264,-0.2504173923172379,-0.7120580656756488,-0.2114335821149691
930836.0,-0.37469157476308745,-0.983305083446721,-0.05658351846344001,0.18380654447715328,-0.9156876556740405,0.36747403005052837,-0.09059809773316707
930837.0,-0.6428765499072673,-0.9156845490998171,0.4816520951751857,-0.4755478346835085,0.5927629514817536,0.2994640429062261,0.5623981515426757
930838.0,-0.9459755481306233,0.2071933325234936,0.1773725739039027,0.6027132314007446,-0.10735509144517685,0.1432552336462367,0.3973032314792826
930839.0,0.902076993634356,0.9273667027209627,-0.8018914169720219,0.20003186272462625,0.1793430045956852,-0.963227397695446,-0.8027269056433533
930840.0,-0.7568999748493221,0.11137818480804418,-0.9537660277585753,0.7089187937608499,0.8248608872731276,0.01956892434476698,-0.13073107575844567
930841.0,0.9521859695324977,0.4600523672813295,-0.7391493741991912,0.3633880624417951,-0.6353874606161125,-0.44685264454422335,-0.5664014594248707
930842.0,0.13712185818545475,-0.582742077882112,-0.45469000743071564,0.8038982620301927,0.7045988626773529,-0.8253089952939463,-0.6500181247045826
930843.0,-0.2138869279489073,0.7244655376857125,-0.5487597207294554,-0.13530943838939113,0.12027951567513662,-0.29690926858831657,-0.37226788809213374
930844.0,0.7750812401607274,-0.7869175511958162,-0.28208713619001924,0.13663344481233564,0.6567450463285394,0.8439676061174648,-0.9123391550738791
930845.0,-0.871910979017992,0.5843260994441264,-0.23133953474728997,0.5028661514674253,-0.2247319190368,0.9536898599899344,0.2098196869917408
930846.0,-0.39357337549694904,-0.25719433722961904,0.33820079346203924,0.9223553089239023,-0.9747814079426393,-0.7321818878215409,-0.5277887991202688
930847.0,-0.20504380692008195,0.15175534060953622,0.7333435549587135,-0.07637030635221964,-0.6943819298251117,-0.14384432406569259,-0.6280455092840045
930848.0,0.5363690076650076,0.7589542161731226,0.8372502670759656,0.8786912372513287,0.3658180741337216,-0.2882144907527533,-0.9941392438854781
930849.0,-0.7073299143282241,0.6481383867649975,0.6565779623447694,0.5744037553177004,-0.6779431751163321,-0.8205656354328443,0.8523824278319025
930850.0,0.5619510963547805,-0.14383823479109714,0.7960834003582407,0.8922274925987934,0.4236734664168813,0.08747059220847375,0.016448330395790745
930851.0,0.20525919278916338,0.4932488355884874,0.48568933865378927,0.8799155300906314,-0.21392297963963025,-0.02691186692891545,0.7409304785164414
930852.0,0.2732490454117191,-0.6919651809678347,-0.2170423797086527,-0.11061181556238009,-0.7977011728249879,-0.0355139271926308,-0.5469344668021203
930853.0,-0.26928552617654344,0.3523031054393404,-0.32480189590560204,-0.6234899420307041,0.3326225981105726,-0.42675990141988485,0.7398095389832922
930854.0,0.17988963363893173,0.6641609873560068,-0.34967103253719434,0.06263400104145656,-0.682956944100233,0.3509810438468066,0.26310708072260947
930855.0,-0.41943949466352426,-0.3894255467503347,-0.2531373993579926,-0.564432286207327,0.5924936764585065,-0.5494982084428408,0.3516952864475844
930856.0,0.936621863655736,0.41983672108284686,-0.9386801420991795,0.8242760580339303,0.6862831229247175,0.9032502061298107,-0.9039614920200496
930857.0,0.6421089723723941,0.9084815967391249,0.9971583658068481,-0.7537635403240572,0.8773833039284133,0.4643539255845839,0.45249355446571315
930858.0,0.9249923633995429,0.7868720196986183,-0.8019026538075533,-0.6162919272226413,-0.05798233783147899,0.3908947917143788,-0.6978497297798296
930859.0,0.33948254440833114,0.024927705989725712,-0.08527344719065422,0.8428669028466218,0.09082628566461848,0.7549545842036778,-0.349430230860561
930860.0,-0.6969919950285086,-0.7436635093621726,0.3647844619434071,0.8266594078166267,0.8359010670185862,-0.3494098923689688,0.8127040706550452
930861.0,-0.5434941641580961,-0.6142109348303151,-0.2520039171914632,0.6429341933789827,0.8189493216290693,-0.6805735652292824,0.0766902948422945
930862.0,-0.5751938696448893,0.31950046286004774,-0.9499965085493902,-0.9398131716212572,0.8393036589152345,0.28735927714801823,-0.09538622066431968
930863.0,0.1966610155795725,0.17133963111058303,-0.48795857478507365,0.11773470628096527,0.27078313375068985,-0.9255687172405835,0.6938886255436485
930864.0,0.35945740552407357,-0.01929582830724441,-0.8176076117899786,0.03053922585080926,0.2160183100202515,0.5222530502571929,-0.411579407564739
930865.0,-0.5393286600588032,-0.6831099137031311,-0.854071200551539,-0.27776166236803035,0.028622732974095566,0.09212456112387812,-0.8045624061850416
930866.0,-0.8011315654568474,0.7369449408635673,-0.7478033862085349,-0.3832453884673859,-0.19239301083101767,-0.9319634560370758,0.40661055227354836
930867.0,0.06921734986963113,-0.7693628236665746,-0.1451141753757983,0.5786605315209261,0.736474882025421,0.382616981788408,0.8732319663251884
930868.0,0.7621095150443586,-0.9447783009511728,-0.6648559126002316,0.20770432224318802,-0.8145098369567725,-0.673628882933607,0.9639375415051246
930869.0,-0.9850039991584012,0.06528786272767007,0.9915335866235793,0.6556533722496098,-0.11486045224122754,0.7732518218507396,-0.06142049736578081
930870.0,0.23365817213308082,0.6098738509918458,-0.07864396279360619,-0.608500732058326,-0.3959331045055068,0.7969434529425408,0.020067970293528248
930871.0,0.17491850316916424,0.973858050165483,0.5234287113299656,-0.8099716887987403,0.2568858767943847,0.8997292485747479,0.631631172223825
930872.0,-0.09864924518313356,-0.44233680646298756,0.368681859358692,-0.4704438363109176,0.6837393981932873,0.9147385214502097,-0.7063082652327817
930873.0,-0.7064595066449877,0.30650654655554344,-0.42616242103991864,0.9471355207483227,-0.16341450179277794,0.6256574844223148,0.8654795601265348
930874.0,0.008176408798439061,-0.7979311390613322,0.855673298272307,-0.4234012054585321,-0.39475655572784785,-0.397815185852324,-0.10615010499691158
930875.0,-0.4175884063334723,-0.8362813367057689,-0.37480387816524696,-0.35068786016185727,0.28923824215413263,-0.00562420359541238,0.9062928911235975
930876.0,-0.07429230222878047,-0.6371417059448377,-0.6350735030002419,0.22933278520585842,-0.3713240022585911,0.49011573668111885,-0.6455887021215572
930877.0,0.5273996530642531,-0.9495563023811973,0.27706230711709345,0.6873274228825366,0.5448978182448871,-0.6251557299009736,-0.29626459637654645
930878.0,-0.7606890676081877,0.2527088814134162,-0.32554718336229627,0.04733704745232692,-0.13332573285416105,0.17163260207037334,0.5028435596892857
930879.0,-0.36813059295843065,-0.8642581648937027,0.9960487454893663,0.8422618529079866,0.5776285555733154,-0.8942668171354979,-0.8985173358214626
930880.0,-0.7051315924834358,-0.6076193021507115,0.5691252593053944,-0.32527539604051126,-0.07882608388683687,-0.24167047051656065,0.5866818091207122
930881.0,0.540341747775658,-0.2644217828076203,0.8036689525606617,0.5070166023132412,0.4178187420796782,0.02280581713076857,0.7244740580812152
930882.0,-0.9739764847540531,-0.618525866824357,0.4028318316594677,0.0409870232233982,-0.6402260623908433,0.5267498124307561,-0.3251364772121723
930883.0,-0.18462292506362377,-0.7228253187965157,0.5928034970839555,0.0163629571849655,-0.4658906293824303,-0.5292040842174173,0.8061270240266933
930884.0,0.01324660708660641,-0.9641479068504517,-0.7738409335234999,-0.6000394016811388,-0.5891985819170604,0.7997360543877163,-0.9854060143439367
930885.0,0.500245413061535,0.06347118427715293,-0.1847785611712518,-0.19322925797995838,0.28033254289470255,0.10667301774944749,0.4046400607572558
930886.0,-0.8810834075212441,0.8830697510732082,0.5114717729584339,-0.7010772450428087,-0.7244887915114979,-0.3521779461053616,0.41909324967806305
930887.0,0.8716277172355078,-0.584130463938487,0.19989419057199087,-0.8002349108040692,0.3788833599993333,0.8665651726753223,0.23285989823244324
930888.0,-0.1503959904720904,-0.9458224854955104,-0.4699203844869011,-0.7974498314968204,0.883566278313108,-0.001924481490007679,-0.12331390516271257
930889.0,0.552726913310428,-0.5990935282457526,0.04856860010623909,-0.30204436117991174,-0.5517634555710127,-0.8220692747790934,-0.7307500341548785
930890.0,-0.9048792628716529,-0.5139759677946352,-0.5453196401789335,0.4179550759484292,-0.30562798717462125,0.6964290077917656,-0.1080114414597928
930891.0,-0.7825714371464403,0.44386908171262296,0.6079545834012314,-0.6650748013425871,-0.06452507421323439,0.5391431262587596,0.3348428348049517
930892.0,-0.31248809384436727,0.20377484901394616,0.3310033720213732,0.42504264395844027,0.8586853802771495,-0.1703101431737406,-0.604816489534262
930893.0,-0.22042562556058565,-0.9114310359065365,-0.8402260003082542,0.729635832083563,-0.6954310854883798,-0.3825110321612608,0.5120241389534992
930894.0,-0.6401038948366142,0.5695604893494597,0.6307919266917232,-0.901369974405857,0.2720303497886494,-0.08736676866033566,-0.40171834984712484
930895.0,0.7940709378133026,-0.1885843407113028,-0.44020549618419635,0.9395545910603327,-0.9326341197255719,0.6129987984622616,-0.21179454708070655
930896.0,0.8989097874796874,0.5666737008024785,0.5361925132615464,0.4844634368034084,0.6716469868969324,-0.6582746119994798,-0.9682713966425751
930897.0,-0.11349886955878241,-0.8591566395320098,0.42821252335947735,-0.7531496614072457,-0.35423801552505907,-0.003331242331143347,0.8054891649163163
930898.0,-0.1102738735817097,-0.321639300775032,0.8574094045287792,-0.366818841288169,-0.13308181985169698,0.2651376225526456,-0.37212695459591694
930899.0,-0.5243730719837429,0.4663575041964705,-0.8757630760387589,-0.39685823305194523,-0.01333413225021296,-0.4084962618326069,-0.7112834990783015
930900.0,0.1905198986071761,-0.8302229824014333,0.36107289247937446,0.05684632048889582,-0.8979935339239808,0.024766758511288955,-0.18395766810429226
930901.0,0.752539169017296,0.13297389648491698,-0.055016700818148134,-0.37339113122710255,0.39621655467345307,-0.09111039169598278,-0.6729735443957501
930902.0,-0.030451986948950793,0.9408538388422485,-0.7982636922535085,-0.7419295098285521,-0.830781726751936,0.015813708131484416,-0.898674707665938
930903.0,0.9523853872842709,-0.6485877947814946,0.6583618743288706,0.566970955635874,0.4589530975903491,-0.3188138048947742,-0.03744043235538563
930904.0,-0.3407021048925911,0.36247347637187466,0.12564664224798916,0.8314208575565707,0.08290865064963171,0.1603011591385406,0.511526779105349
930905.0,0.6154225779913327,-0.29249824286215675,-0.18316995321398988,0.586540310085141,0.35046451129056333,-0.7904495221842189,-0.2842644357566364
930906.0,-0.648868891896119,-0.3156804436482288,0.2801784065238029,0.4048097018961432,-0.6283832955454629,0.7672154897394678,0.9143665932903602
930907.0,-0.3753407522469403,0.17623914696738407,-0.3809371352220927,0.6569975955679357,0.2518143305146341,0.5950120278716657,0.4168988563906688
930908.0,-0.04525055999059191,-0.41406703629078256,-0.10833011988884755,-0.9935478549159502,0.5340120015884176,0.9253553820068638,0.04789480670283752
930909.0,-0.9474931333378811,0.8897373266005046,-0.26303366905612613,0.11882139064103425,0.4985362096469348,0.8357807397349659,0.8040459782008493
930910.0,-0.9863971424363407,0.6591714396680048,-0.17458550815485263,-0.373548513861115,-0.959332156590404,0.7682444328225067,-0.5003668620314943
930911.0,-0.16004231456284712,0.09835683208756119,0.07567548852874895,-0.5567177572058373,-0.6521583532581154,0.6251918435938721,-0.7705088516278171
930912.0,0.34349266939255574,-0.16809467539386747,-0.10971474933432335,-0.049841342773109254,0.9150164552415465,-0.05671687849748075,0.5893260021565023
930913.0,-0.2464337279559654,-0.6713507238616983,0.9063500245024327,-0.6052158849150493,0.5331342088253193,-0.08664223664036763,0.36237189418275184
930914.0,-0.8788375032146587,0.7189672864402543,0.9760753580309471,-0.3235403293875687,-0.5077258414816064,-0.6420630045165137,-0.4483754730444913
930915.0,0.7224649642253931,0.015878938083241145,0.7054552184687481,-0.0822557438967868,-0.39594052597277374,-0.38402404527623335,0.29333814794617297
930916.0,0.20083899393179516,-0.8371776507860318,0.8033837152063346,0.1475684535351327,0.4168605998430901,-0.8392325194892869,0.850413476448197
930917.0,-0.15244297496758108,0.9524557119515695,0.7364545543603156,0.5029665125085077,0.40002474006512756,-0.7576201654976595,0.8304725674833184
930918.0,-0.6668402259613484,-0.5083880713979381,-0.5489783733730091,0.9435790788178677,-0.19694662637453675,0.9878368496573195,-0.13096710381333931
930919.0,-0.12856757509564254,0.4210109541741649,0.3640669410151045,-0.8930979731626594,0.657654632795807,0.8002631688867805,0.9275176034668604
930920.0,0.05576193928376649,-0.4905948291183664,0.9493169279455902,0.9868562658962814,0.8440759567952478,0.9869986454039519,-0.685374585464722
930921.0,-0.3299124510720932,0.9501027097193309,-0.6226429561418507,0.8622960049654254,-0.9530692663879594,0.4422611139877404,-0.4454184690917289
930922.0,-0.5493680214831307,0.5916826393914689,-0.4226301289750658,0.6629447653824143,0.3541104586845445,0.42224271144650594,-0.49881293128567616
930923.0,0.058588419250740875,-0.061512971666064065,-0.983599433034896,0.8364569706564087,0.9293135925713591,0.21079020294058037,0.39496106499400296
930924.0,0.3175327518064539,0.25069273034911754,-0.543341430717474,-0.04189163691103315,-0.22054620375295042,-0.15429166446482623,0.2054649501355854
930925.0,-0.6492901459438836,0.31510842187446664,0.09347819657556555,-0.343509605245812,-0.7293986140114237,0.7511473725486424,0.9743167121529102
930926.0,-0.27969836858544506,-0.7711482383769162,-0.4021515071931485,-0.37496727760186244,-0.22953472611344483,-0.7588418218698305,-0.15528569346974508
930927.0,-0.03472563326593492,-0.9009252410138653,-0.37482653652271347,-0.5295936302460862,0.962509401949823,-0.7321370478078923,0.5481484127488598
930928.0,-0.32539748040686023,0.8675701573112324,0.39681109904730594,-0.7397498766202264,0.24024795644790164,0.703913258832964,-0.47015333621940325
930929.0,-0.3645851652709309,-0.13875334877196965,0.11868265795927835,0.8721484795077175,0.9273007279331797,-0.15753632322471822,-0.9198596931751124
930930.0,0.023100530931855046,-0.7771032236192594,0.5906276118156599,-0.48348454215301384,0.556711298307953,-0.34918871027042786,0.12344315481742263
930931.0,0.7214147417125452,-0.08483509043799797,0.7564997145560295,0.8609364495030543,-0.20571158686235713,-0.025002963355294172,-0.05718515147488312
930932.0,-0.7067318175534405,0.6379331978063805,-0.33658823688759254,-0.33494187515906204,0.7636470779991351,-0.20599708969929909,0.9618162219719883
930933.0,-0.4469074716956305,0.8887178700260145,0.5254138477680497,0.8684828240538616,-0.21248680476263115,0.8064212793911321,0.22312312033637371
930934.0,0.8972671468202638,-0.2595686684967142,0.5444632328345753,-0.22064733252728597,-0.4645647511936377,-0.5526397432070669,0.4999191205552851
930935.0,-0.1585116380340521,0.3208738564908642,0.036730328603442164,0.7261259707466077,-0.6573525624082548,0.688892013402445,-0.6619885171195454
930936.0,-0.06388634139229654,-0.9825769994053677,0.9666706477290827,-0.48376446128605943,0.5180538173140798,-0.5187763696621746,-0.670272433700636
930937.0,-0.7446815942282914,-0.7997031995121755,-0.9025411767065852,0.06434842630829274,-0.1828715522660045,-0.7238673796881328,0.09341557245221277
930938.0,0.5735176255081254,-0.8414965735076325,-0.24758909895533843,0.35409506809761915,0.7903130025442031,-0.2997375517931251,-0.13021549403180255
930939.0,-0.8718579040456991,0.7501259451981033,0.8053188636931565,0.011368935193010632,0.7800407436532046,-0.6691523167157025,-0.2309269040541091
930940.0,-0.49808631363208566,-0.5062297282276615,-0.5682138267218637,-0.8197496018153234,-0.18346787703935408,0.7544266109496853,0.8794160251808292
930941.0,-0.7487616825940091,0.40652155280623514,-0.6600658536010326,-0.10225344132520164,0.5276115171172879,0.4631763029893907,-0.16658204296012724
930942.0,-0.7252581019816553,-0.011302944661653491,0.07782955710982731,0.03734756807587836,0.5710196775242535,0.2605021841128883,0.3267555968016975
930943.0,0.12347711012778406,0.5552558606908158,-0.9811551814376089,-0.8565707850055255,-0.05325621000461922,0.7862936620204848,0.7958376275661692
930944.0,-0.4137451574838171,0.05878672609727209,0.7255571714277027,-0.7593903366087404,-0.3427357009538996,0.47530293286532443,0.03274201048642689
930945.0,0.3367390240413959,0.8614112151253104,0.5745657730448981,-0.34665235634967506,0.7981668718281101,-0.7490809651766075,-0.0633189091332853
930946.0,-0.5843367661589631,-0.17854318748898623,0.24099816009738184,0.25487054726025793,-0.500087499671068,-0.8981765333520193,0.3600256243373683
930947.0,-0.4052962740674382,-0.5007097450572005,-0.2188116282576098,0.006467344745120229,0.9377904769069794,-0.7380575234436582,0.463384211987953
930948.0,-0.525021859880562,-0.6990434422885556,0.043829327808301954,-0.8954872538448704,-0.08229554722849697,0.5808730667760431,0.013874649430428043
930949.0,-0.7235949644228359,0.08284354810101502,0.8672894571430001,0.44264112624713725,-0.7477616319857057,0.33025432639364993,-0.8993551666201276
930950.0,-0.968375680711328,-0.2460588605545413,0.8682551462233443,-0.025127657971341977,0.15564931467098653,-0.8645274240499219,0.23071361384135058
930951.0,-0.21425658066172648,0.8964374028374686,-0.40549127084571657,-0.7662570452592041,0.0428146728131904,0.13179413404245,0.04525132722635461
930952.0,-0.4298494994027724,0.9911984206079614,-0.3334585789192024,-0.1642307003711636,-0.8917951440474958,-0.6017920633476246,0.3309739773417597
930953.0,0.20775887563152007,0.02008860516175548,0.3734574972151221,-0.8473953671428249,0.41531072611011943,0.5641497327178784,-0.7999173016949348
930954.0,-0.33894814306305676,0.0016696077483198124,-0.9902674516277341,-0.1192223053695658,0.4131768952485555,0.6878838721788136,0.031244263891169854
930955.0,-0.7884295968624841,-0.14276333248617856,-0.06026178775338353,-0.3856420447000217,-0.7019977990606561,0.12850991902576392,0.6155379646191379
930956.0,-0.49239999143584545,-0.2459048985640948,0.2626561897756934,-0.7384796335257953,0.19565844574003521,-0.28497597381691464,0.10713928054625832
930957.0,0.5514586350253738,0.5723016809094388,-0.4997863576608643,0.15967400558821843,-0.943180609937752,0.20023919829859604,0.3312640186031488
930958.0,-0.19013184040195097,0.39856771661800394,-0.4894598307033917,-0.9026302202153427,-0.5049123251844811,-0.07780566822519308,-0.3972917919637
930959.0,-0.6384441559060252,0.21088380512730387,-0.013230917859247127,-0.369712837652,0.752541007919755,0.5794180686199271,0.1819414128889807
930960.0,0.8569400595794419,-0.6823546254484039,-0.3679125067631248,-0.7110101971843263,-0.22820149831532865,0.21099835996428018,0.414514366835226
930961.0,-0.7177727423578577,0.1040698301266092,-0.7930379568909627,-0.7121961867296318,0.486321252578485,-0.9304960328820717,0.7728327556450807
930962.0,0.8572809498974028,0.4454300885175768,0.6286029168770471,-0.4468263563052437,-0.3763606074684971,0.9723538552700657,0.33779424805228
930963.0,-0.7114777213029575,-0.3803072645494998,-0.9743056609861531,0.3561697334722631,-0.886041847860531,-0.7044965324211816,0.555612455159717
930964.0,0.9467942136920335,0.2575146235083208,-0.45027390431010716,0.4538379406536328,-0.5563484519983264,0.22582657708227427,-0.28859369486753517
930965.0,0.8151019529565475,0.9905323382223563,-0.7517994767626517,-0.5238708535279903,0.26587844628495994,0.868289922421607,-0.41346570310265474
930966.0,-0.5858359283383623,0.9574929171558382,0.4044235607226494,-0.20824898110565138,0.5685896524843779,0.5400801705246678,0.009963681414638659
930967.0,0.19685938063918829,-0.35606434684665267,-0.19127230414656649,-0.9183305342214514,0.4591050974886981,-0.22013109115055496,0.5335235410194226
930968.0,-0.33460054110722703,-0.14716812683677594,0.8562361752419458,-0.8298937428002688,-0.7129104643082864,-0.14465881803702385,-0.16968438602194613
930969.0,0.8054236386292435,-0.06448878574769235,-0.6274247528274142,-0.9460809247879491,-0.5042778677947586,-0.6745841084480131,-0.09658950281153
930970.0,0.06714622289841499,0.7781507107146162,0.5259064797041937,-0.8962095657318325,-0.9964968793981541,-0.23691259004077292,-0.4860853482241192
930971.0,0.45082236803094555,0.0589006833671204,-0.13339346824410803,-0.521815466510033,0.21004910548581646,0.2880250759247851,-0.8984346862985906
930972.0,0.7647926828244951,-0.020332566045859313,-0.5883251085726013,-0.9146990581444576,0.7176363561516141,-0.24834328311776455,0.9072295387356497
930973.0,0.4020812617419234,-0.27031659838055644,-0.16845827324262408,0.9570956806876179,-0.709339191503646,-0.34172535138439564,-0.059033674430776895
930974.0,-0.7834502053950745,-0.2190142501980601,-0.08088147655282651,0.3263022565444391,0.8829342804747948,-0.8375406297631234,0.6134735833394385
930975.0,0.3533206883759663,0.46091166911872206,-0.19808491915823034,0.41713783774390145,-0.054893322965839486,-0.6961096134792462,-0.27669967716304567
930976.0,0.980958633059305,0.3158511941340969,-0.8892615604008232,0.7063665462745052,0.19961758609316815,-0.6305205361513664,0.3604032712774514
930977.0,0.8315256826747519,0.9976796732271114,0.5637750643966677,-0.1829869321913853,-0.15934883379881915,-0.2763952264386651,0.08113249498850483
930978.0,0.28056099684057,0.833910591980165,-0.45864356348172963,-0.9687641244486036,0.16805917279540483,0.8889325671044304,-0.9539319377786877
930979.0,0.09374154983130056,-0.8211736956606412,0.6259075040383439,-0.2926035851635458,0.7769186908961043,0.4396178972916702,-0.4985912557679786
930980.0,-0.3431670266757523,0.030825439745292726,0.6219323410847208,-0.36812675743879586,0.046782633574639965,0.38057267805807204,0.25422264041132636
930981.0,0.4894070105625461,-0.6821248365476118,0.8895262355825244,-0.37688375055680634,0.6464100625871458,-0.8248980950807743,0.4053643022457436
930982.0,0.16674572910081809,-0.3321846322748232,0.271186989845851,0.8474055166738075,0.04479378570209458,0.9444815083199429,0.48865383362870385
930983.0,-0.8527156752674963,0.769197321127705,0.4080120645639358,0.8003674205821443,-0.21268800004117838,-0.9904758558641571,-0.4254799220262675
930984.0,-0.04298295948947772,-0.9269236030367602,-0.3620014423660911,0.3334144110517365,0.6035099556062893,-0.10464125723627071,0.7259106490912548
930985.0,0.012683304266953854,0.6944118218714594,-0.19689150171882774,-0.739439543063177,0.23061201611617554,0.3881787081594461,-0.5059291798479593
930986.0,0.8546853152928755,0.5276426444084743,0.31554446276464554,-0.7889275294286837,0.06558983340057312,0.9694946863270297,0.7841996034395295
930987.0,-0.9710648793660226,0.02498338572117409,0.28944062987295993,-0.554027325334973,-0.5595646974219526,-0.1731243598825818,-0.2810258513664614
930988.0,0.947543109947546,0.872914310455565,0.13626144111290017,0.10744679443040295,0.7063483006328697,0.2926534987107907,-0.4142124893465171
930989.0,-0.6657546333426372,-0.8826710341375279,-0.7386944061038181,0.9002306358526511,0.1316022194634261,0.08183435802865335,0.8398018729223309
930990.0,0.4138173352420269,0.7968507171164407,-0.5933537527751929,0.7429288644963594,-0.8856897082429775,-0.11799234065494169,-0.08343480430560812
930991.0,-0.17734193139835952,0.3314251772125705,-0.9513995946775269,0.5482190663297071,-0.9278668244782748,-0.9854515789465639,0.5590393490972849
930992.0,-0.8306704835959211,-0.2495121942796985,-0.23296644031641311,0.0984603681596059,0.5787079840232587,0.522842862660357,0.9462859007101638
930993.0,-0.7717224075965285,0.8918564960259239,0.4287195690720431,-0.06253405203828799,0.04435964358240452,-0.5748428006501956,0.1804675788252741
930994.0,-0.24209796228796487,0.4155778350315531,-0.35072585199896067,-0.3445818119447084,0.5671640994124061,-0.8063621813326107,-0.50794407730017
930995.0,0.8704277540664493,0.7488680837027226,0.6834476590551002,0.09867995953758446,0.7750994057322682,-0.14433377396466418,0.21917817899579028
930996.0,0.32224682908366376,-0.2810409390349502,-0.348016611038372,-0.4063662764185052,-0.8453639950732508,-0.8128759595276407,-0.1813854949769047
930997.0,0.5011031353940367,-0.625970584285424,-0.5021040549406086,0.7875232280738642,-0.8284363360887967,0.6478493948237447,0.07178345604828107
930998.0,-0.5412029318127114,-0.5275106152848466,-0.7196826776370628,0.5570933423196864,-0.4565940143577085,0.9816009778841219,0.7542964696400782
930999.0,0.013584232209781444,0.8250349322021506,-0.47488103521880265,-0.7056282766756148,-0.05708917365088961,0.9838760615383539,-0.545431315677928
931000.0,-0.8425913713482143,-0.4972430508156176,-0.05593465563330802,-0.7451909659516629,-0.8920038837414783,-0.8503246032705638,0.5963926521808849
931001.0,-0.015732314031274397,-0.26648179608618117,-0.011073084413985024,0.1410423704023518,-0.949070582997237,-0.3157067596007661,0.9770702779891154
931002.0,0.7975647756335802,-0.12614648075215862,-0.657974465949098,0.8176096514544626,-0.6775596001310278,-0.059993662330687814,-0.6253638018280145
931003.0,-0.27339919870624074,-0.08350837983253379,-0.9360835155546345,-0.17581223982649963,0.18451527106710297,0.41831761008898116,-0.6704084455568105
931004.0,0.3205749083050453,0.3565604022855211,-0.8867082678915754,0.2907729028078536,-0.7878721162665798,0.3477144549606892,-0.37063766611408155
931005.0,0.9241142128863125,-0.7788593138595126,-0.03805093187326336,0.3421411935475016,0.21834015595099432,0.4779082614209358,-0.7912522754397624
931006.0,0.42902458569079194,-0.9139011030150568,-0.3172757319274273,0.8887797219187166,0.6090381648769811,-0.25206091504561967,-0.8809356137474362
931007.0,0.49164014434841574,0.7229644809696669,-0.6379953629168982,-0.759752224836757,0.23663984418087702,-0.3836672816273685,-0.6202473098147294
931008.0,-0.001812823846227829,-0.5869203901257551,0.046464063483383056,-0.23912048060578295,-0.9591539454579692,0.4713593240094083,-0.7864099550947412
931009.0,0.9169106805022826,-0.8006860225431456,0.9841916113444358,-0.5541292699364897,-0.9951270541921227,0.050048496286161814,-0.6165150727988085
931010.0,-0.33073674797884833,0.8598059735427555,-0.13685223095476307,-0.41758102979980705,-0.21244557683777066,0.15117648694669672,0.5795464334133329
931011.0,0.7123467520327165,-0.788353810298954,-0.3505373710270987,-0.14970356103565008,0.4855616762811521,0.07321862882015084,0.519330650844521
931012.0,0.8815815450281661,0.7361047088140964,-0.5640271618711332,-0.22824713395334828,-0.20312467070365736,-0.7468170601940254,0.30434016199186975
931013.0,-0.3965856317133474,-0.03652046814198795,0.7158736779265193,0.3511784692286579,0.7424353684731821,0.37818696271425667,-0.659754378884184
931014.0,-0.5441364345175947,0.23350101173182702,-0.9569683608835635,-0.5743879610406819,-0.6847311270149967,-0.4726234650659722,-0.7713402572773385
931015.0,0.1123561981676795,-0.9620078473461073,-0.2925169748513554,-0.2230481489238496,-0.7420191652066364,-0.0026833380794648587,0.5798798525066808
931016.0,-0.22117210684753186,-0.15010758735254903,-0.27523159407480935,0.8624158488716014,0.6483648654295635,-0.40423153283130486,0.09964647660241699
931017.0,0.1122442506683119,-0.7193629976058966,0.22621311888278162,-0.6248140408799052,-0.19569820264834958,0.13994030135283864,-0.03572068762151859
931018.0,0.4848077646584572,-0.27296018349505835,0.5956403346283325,-0.06811945966679933,-0.24048278728870365,-0.6534096984180002,-0.5096082593644258
931019.0,0.48454657606960416,0.06341030847600382,-0.7118099319669555,0.04355089215068908,-0.1365350653109012,-0.5729934729782753,0.3612188329948094
931020.0,-0.04156010638237673,-0.8124596486801734,-0.32713462394215354,0.44685664761560706,0.17949410937207255,-0.84359386256856,-0.7669843432898336
931021.0,0.7407900666537257,-0.32550072627111404,0.17798790710679468,0.2771708183915049,0.7979063251963656,0.5539059807491422,0.43807902709676694
931022.0,0.3845124686553685,-0.8075166700404233,-0.2757521095131972,0.8405660113926359,-0.492795269817877,-0.454458434516525,-0.23216399702215473
931023.0,-0.6672025632495804,-0.20269321590071288,-0.712274372972485,0.6700210795030632,-0.01530150927517937,0.46943605151863177,-0.9010253445181855
931024.0,-0.03112592982998974,-0.9658144579322934,-0.5806720027693564,0.4832190943222239,-0.059179499133665825,0.6633874865475622,-0.12978296833040104
931025.0,-0.5772378472257416,0.917105503419942,0.26638101915138135,0.9870849507018749,0.8935751892612904,-0.3837022026133097,0.32374501449859694
931026.0,0.22768771383151365,0.9193404255548889,-0.016273132424279302,-0.39655961634597947,0.6033503501112172,-0.22056148467531145,-0.36496812699367176
931027.0,0.0365790382347122,-0.036659353082134416,-0.08426161257789189,-0.7788028286596758,0.7820133484908349,-0.9873635013441622,-0.9174274154389797
931028.0,0.47801439860424977,0.5177385924326632,0.16317580371087925,-0.3822114962520431,0.6788917909493275,-0.7675941380660818,0.07258234028946542
931029.0,0.7641011179707624,-0.45294776282581983,-0.5634330602950364,0.056921221960674506,-0.5607007119254883,0.2925718812087945,-0.26153244165584977
931030.0,-0.36893536071589494,-0.7983636942435977,0.17076480427413787,-0.6288820032246829,0.9557439647598538,0.32138346988165645,0.3469714069460139
931031.0,0.4139739070806756,0.7865215442877407,-0.7389908749304122,-0.05849012539135412,-0.9803909810405071,-0.1840720853275355,-0.7700284362100882
931032.0,-0.6102031369751086,-0.9964401680386654,-0.574312571275347,-0.68006636612513,-0.016992451955670784,0.5872837632480998,-0.3847958415843684
931033.0,-0.6789453707039206,0.6022021725871296,0.5579911323616034,0.9928153065733454,0.13155511905647366,-0.1541967771125925,-0.641656475907532
931034.0,0.7081440115305571,-0.7215775329837357,-0.36101921584822594,-0.38721217798749663,-0.2470738782314723,-0.635248601777308,-0.3359207772168915
931035.0,-0.8802740388172441,-0.4342278842817304,0.7521632194814993,0.22338341352138058,0.7179555134458342,0.4563340532432223,0.512391392616256
931036.0,0.9256866170893259,0.8823508948509675,-0.459023517311794,0.551412918675334,-0.12097039321080683,0.24970236762376685,-0.9686286677429066
931037.0,-0.10834301023397885,0.12081446566140097,-0.3010747082177001,0.93909331996557,-0.06612782149766061,-0.11360955912242021,-0.9177137721673108
931038.0,-0.05824532621591483,-0.8692314015303206,-0.15092055342012545,0.5389123462084708,-0.725552582568413,0.926506934294903,0.6623066830761566
931039.0,0.30599058729067363,0.26529159826872317,-0.554245093287524,-0.46572629168353497,0.227647716112515,0.0313131970855296,-0.3034304308126441
931040.0,-0.30774530527887345,0.3747636016909639,0.6066571304998047,-0.9187465266743686,-0.7305792322382227,0.5415178677611858,0.21540300731454742
931041.0,-0.06870821187887954,-0.238501893086023,-0.5285290182945894,0.683694996269288,-0.9914044225414864,-0.773146114254865,-0.5485364056303179
931042.0,0.32825354856098654,0.14689413265826445,0.8511653383589644,0.024633530151538352,0.8728843688124195,0.6722212590802998,0.8666027556191915
931043.0,0.7558718578210748,-0.4506798028996353,0.8626237174898139,0.19230511630332336,-0.4943601036312484,-0.5817338750798982,-0.6071636418743034
931044.0,-0.845940015593345,-0.03415909163092046,-0.7532569314035262,-0.9127805127048092,-0.7685183389484445,0.5740007976576915,-0.09849786269382532
931045.0,-0.22322611859677743,-0.09394500342917622,0.3345021215070991,0.1528658950990971,0.5539064572910188,-0.7954819020196322,0.06612764128151682
931046.0,-0.7508735487537934,0.15854506709003946,-0.9581479914883424,0.181987753943607,-0.9961599895828697,-0.820255316889758,0.38969264287258865
931047.0,0.035107149448655006,0.30064149194752443,0.3586278167638741,-0.9168038126235283,-0.9428796716269512,-0.6809533672434251,-0.48370991444109057
931048.0,-0.79060868354238,0.32645956973852375,-0.133304030587289,0.45645232897753485,0.5597125979274107,-0.3526851967740443,-0.497386068216886
931049.0,0.5787278648008631,-0.40845456305283556,0.7821044136674635,-0.7744131981285065,0.041008085118823256,0.8422896668098083,-0.9147654980304036
931050.0,0.02948759310352478,0.18828683333064,-0.9621736881418457,0.692111871179774,-0.4822219717678011,-0.2892021140872927,0.8847642515040632
931051.0,0.04516332349693197,0.8244801575392144,0.8430716808187295,0.9475639700300948,-0.3020125753151248,0.5892578626290765,0.8502326868282617
931052.0,-0.10995102982708982,-0.4448582209593348,0.43999848771545813,0.5558760435464398,0.8734494016955303,0.3104633076868055,-0.19416974542343945
931053.0,-0.0500744689989534,-0.6472519113864381,-0.142063009973733,-0.14121789802389428,-0.060041120216164146,-0.25528700783841884,0.6640169406636769
931054.0,0.7453919515653777,-0.061219380444827776,0.8277658062920239,-0.399643560392543,0.524473441450912,-0.779001108538693,-0.7265579661114603
931055.0,0.025296028793910574,-0.9172409616135775,-0.6861583609859314,-0.29589650367943987,-0.24974632260370933,-0.42636385915419295,-0.9318501660076652
931056.0,0.8896265692213137,0.8657982209550403,0.9987951115020792,-0.8144658081164611,-0.028181460975713613,0.9787680965972514,0.18572435258737774
931057.0,-0.7337808463462852,-0.09197256444696489,0.40955742922046956,-0.6054905738092002,0.2305286110358662,0.6701095216529149,0.5795479264253323
931058.0,-0.4565250433084951,-0.4908855862758712,0.7537174890257039,0.16481540907305425,-0.08497633201254451,-0.2698723776824661,-0.11537489490664887
931059.0,0.10827947075254274,0.9216398039503502,-0.9529567269376447,0.41321134851116725,0.710271296951769,0.22358639668295988,0.6062085753604118
931060.0,-0.6719556314790918,0.9883484653968506,-0.7140943089999592,-0.8474507068623784,-0.4462394887185015,-0.5483926825336767,0.2940088498900628
931061.0,-0.4731080531379024,0.3284803480707488,0.4382108948954706,-0.5701698310729064,-0.905368310659999,0.15909044329345745,0.8052286282386392
931062.0,-0.8167126032556367,-0.38947949617148114,0.6869218122138654,-0.15513108833851774,-0.013881289887167414,0.0366537866834975,0.6063544043605287
931063.0,0.029676025648699866,-0.8269365788109235,-0.10156240809686534,0.5317024828506633,0.41262071689311375,0.368922033207588,-0.6745991724976341
931064.0,0.47480300613409065,0.014355811750240921,0.27668025319313583,-0.8470344446845479,-0.6169586765619406,0.4901264649486903,0.11710937420976264
931065.0,0.362621041396221,0.04222770951660593,0.10991936967805804,0.209891803708806,0.2796854160025286,-0.20148545023143782,-0.04368581651270653
931066.0,0.516877863319023,0.16028710218171272,0.8297423132551629,0.44297843650299273,0.6057496089519872,0.39285038846501297,0.8420517098196754
931067.0,-0.7795118139773616,-0.6258662938208388,-0.12183927151819796,0.5838598317816854,0.37027372485282695,-0.5515599749814157,0.3959939477390393
931068.0,0.4149587701364863,0.8489785417009887,-0.828360320753363,-0.9767934307077843,0.5806048084944055,0.2795749993816179,-0.02100792136237306
931069.0,-0.14652218550642804,-0.7448339464369307,0.4131094822815631,-0.1868265981019559,-0.9940474290440342,0.025260092542912282,0.25485981563363524
931070.0,0.22793819520747793,0.18466985076813058,0.639656937204998,0.6851985089088435,-0.4690026899230606,0.722744424414788,0.34937703660423636
931071.0,0.9968371625501014,0.5620801081018616,0.3126876562505829,0.0017417015045153583,0.08800416066193595,-0.4889428071095667,0.6441704414087959
931072.0,-0.11571641668645483,-0.9372959090263662,-0.3051116553681097,0.2827899914834098,-0.1747416902387311,-0.5853948602678016,-0.29068165821666425
931073.0,-0.44425879920067257,-0.6531780077385143,0.07393604313117108,0.6830428609918546,-0.8332754312369228,-0.9408039624852895,0.995069608090821
931074.0,0.8971138225884647,0.03390395824123926,-0.042332135360957146,0.13883621494932186,-0.19313130080884,-0.13167800650570638,-0.0172749391414746
931075.0,-0.06872944171394679,-0.9538415684392143,-0.9122129383209205,-0.11970202969549804,0.18946636462128952,-0.3395886791618252,-0.2730975384121246
931076.0,0.667883460644449,-0.15546337579980807,0.5979552763326568,0.6487960603152974,-0.09745944720470634,-0.5545951501129345,0.5666267609756537
931077.0,0.1487352557683408,0.11817100838372352,0.2479109233020904,0.3141255546252413,0.9553942108826035,0.7267630959783051,-0.6127021411784626
931078.0,-0.5183730097603803,0.3034199582697259,0.13659111813575087,0.49288596708492105,-0.28161601245574874,-0.5841810053330898,-0.5688465043679796
931079.0,0.22251362798920926,0.49127624001746173,-0.984737233761038,0.30520623419148474,0.9503416128126472,-0.08156527147967618,-0.8948227408732143
931080.0,-0.005652905071652059,-0.49458216074875505,0.6298465364472416,0.01240360851914657,-0.9120059293417326,0.36756754623430044,0.8695900184886001
931081.0,0.5355072121525197,0.7459468081486447,0.3484204006327467,0.0040058705140388895,0.9220854668799372,-0.39613402973950596,-0.98716867819307
931082.0,-0.45634756323763703,-0.39806345983193236,0.19903934833185688,0.18631199642880736,-0.6120197340767122,0.5530052443391222,-0.38477098715425706
931083.0,-0.03175398487440906,0.43629091454024294,0.09113082253369353,-0.07970724648180982,0.14538974802549776,-0.17558633888472874,-0.243992947222182
931084.0,-0.27392772148232436,0.20053769447828595,-0.7271264656886662,-0.5691023509968973,0.21692026067876125,0.8662502048893268,0.17903841907010953
931085.0,0.2778139511804354,-0.102873622972812,-0.03822598250759901,-0.9151628016230513,0.34311420187437314,-0.792333740510111,0.6302074253476866
931086.0,-0.6712094695363218,-0.6275219029149255,-0.6030971700128798,-0.6961343005472107,0.19052735856884273,-0.6390334202772676,0.19232396600936896
931087.0,-0.8363069033797377,0.5170194120345637,-0.7162267554842543,-0.841241118103887,0.048131175186028496,-0.1329367935218715,-0.8133854842758212
931088.0,0.25034192231685237,-0.19592895881525463,0.8041413865781335,0.4920715518665135,-0.9363629979603145,0.9177669724417978,0.8088203383900203
931089.0,-0.07073253651083866,0.41571186366751456,0.9011468854002052,-0.5206447270130936,0.799407048412845,0.594574377633736,0.3626440631005854
931090.0,-0.6369906972479134,0.4369967416577054,0.9616890861067842,-0.39906541292773134,-0.09066539790711747,-0.9050184860981485,0.8699727269764927
931091.0,0.5237161301833997,0.4023327546944748,0.15726734040936674,-0.3865969353791747,0.9497662097192243,0.7966912315812618,-0.4428660006148428
931092.0,0.8479673228229299,0.9582230866914767,-0.37464665482740767,0.15090942980240696,-0.36471200586661867,0.1809663353085107,0.8273257260418743
931093.0,0.09801502004264417,-0.1002055361105485,-0.3540834272316138,0.2579071308223866,-0.0222384761096992,0.7988107478448994,-0.7853003323310346
931094.0,0.6992359444892677,0.2278539164143778,-0.6543238478029416,0.852440940469644,-0.819575267321909,-0.031091392794940553,-0.2798174665712496
931095.0,0.9522196804728844,0.3205342510841094,0.7969205665331274,-0.7455216383737122,-0.9986625194554535,0.6508305164708348,0.8512461837057497
931096.0,0.7523209852519543,-0.2458821446986874,-0.5547963269516383,-0.7508099421641479,0.04176754708980468,-0.5616293292331509,-0.8002836086665379
931097.0,-0.40197499628095956,-0.5340066078143948,0.7018612577376189,-0.877340235619763,-0.08462501320834037,-0.9407694074433188,0.250160747081807
931098.0,-0.214147463746023,-0.05954835594590113,-0.2980971244149071,0.5497136197879877,-0.47455430612781035,0.537501082006985,-0.5136189448604171
931099.0,-0.32539346291905,0.5034452242235665,-0.4024788020231753,0.5257694379349085,0.008990672651755016,0.5539969641761295,0.9411647890208945
931100.0,0.40398185704724154,-0.27297446974181994,0.9115841266585571,-0.3462879029455137,-0.4803448013393061,0.6955411197124686,0.5122856522574832
931101.0,0.521100186204541,0.2777014670772915,-0.16413371165446877,0.16401127182661246,0.9058067031588979,-0.840027146423949,0.09577408503863083
931102.0,0.1910638235347366,-0.5011669954616731,-0.9456951681506394,-0.9153989633112638,0.8151873293711382,-0.33223821315872315,-0.5876190396855796
931103.0,0.6771292046419373,-0.4033110081277247,0.889867563512402,0.35762169098507757,-0.21471514646437306,-0.3371505625393705,-0.01627179314540861
931104.0,-0.5981373761464144,-0.42118314568359816,-0.8420434902542233,0.2793594368102055,0.6206727853946188,0.22080661580010097,0.491579276663052
931105.0,-0.9697220902684274,-0.5294105146063421,0.5154303592643292,-0.19475098430950744,-0.6823551230957696,0.020848716917489796,-0.17517058557493326
931106.0,0.16987720627300984,0.40572073248055496,-0.32203949367215,-0.05014663602084335,-0.23607413800315147,0.06789403074539102,-0.6650103023234193
931107.0,-0.8798231816913626,-0.5233517562099308,-0.3110628480065343,-0.5489833154232766,-0.8787928329517067,0.7819952067532501,0.011257477813071848
931108.0,0.16407165510592892,-0.28357843061739807,-0.45849610607756097,-0.9726696509210506,0.601752788681267,0.5691915204002254,0.42659648687363094
931109.0,0.029970166426019906,0.957404327948203,-0.18768226455056292,-0.7142163030877089,-0.7413282329721724,0.9298959375782763,0.8667257342648409
931110.0,0.4936384460312415,0.33235807491239644,-0.4477478976930034,0.3096033420711506,-0.7021282103676194,-0.7130001410643749,-0.07331105847339292
931111.0,0.04295455909798407,-0.3983660122945343,-0.494244962616482,-0.9551901935168148,0.8724351974935163,0.540575138276391,-0.8328060528824677
931112.0,-0.30012059149795567,-0.6220774991312208,-0.7055291535992787,-0.7789750342384392,0.13290599242836199,0.7679597452439868,-0.7383695092902731
931113.0,-0.6013372339450036,-0.21918275553116384,0.8579349424312306,0.5281830362979554,-0.18984602704511921,0.45077938890797187,-0.843957664917266
931114.0,0.7753737838662587,-0.8383991102237962,0.3711058042492046,0.6681944141054892,-0.27347157602507544,-0.0976089682668464,0.6488674049175522
931115.0,0.21356982258716495,-0.3766344081491675,0.47216062279127513,-0.9396581995367241,0.5356598386264684,-0.34468300159130605,0.3465157562590908
931116.0,-0.8275311253491855,0.31715269884548425,-0.7168524995735441,0.5351217615200037,0.983039127504211,0.7725520246354991,0.3709476299309056
931117.0,-0.45702261194840776,0.2837089580715073,-0.3919624520639289,-0.47456703230800623,0.527849528070863,-0.05975698533283924,-0.17595284259405952
931118.0,0.018583313875519814,-0.08974576541038615,0.13041516574741996,0.05887511403529855,-0.11221404664176848,0.47107634894418404,0.8698099477033623
931119.0,0.060128296393654024,-0.17991993877607793,0.6537465899549979,-0.3984816384026708,-0.7170288297248333,-0.6455166396753533,0.224408428755553
931120.0,0.6461180867976282,0.9139476774066382,-0.9028976414587964,-0.032782732161398265,0.16420046184902026,-0.9698729795453471,0.9998476777393126
931121.0,0.44685697400811875,0.33989019308256907,0.5113714990740565,0.876349277229566,-0.644859581097742,0.9806774242059169,0.17903060557516648
931122.0,-0.0430515258488533,0.044249568831377095,0.44567323109338,0.46709736079926856,0.1921140591034769,-0.4902463706025355,0.8030126638619497
931123.0,-0.8986644594969133,0.8720161738153032,-0.9005145402864321,-0.7282566422530601,-0.11414478741022083,-0.5784311599325205,0.21110415907056468
931124.0,0.8996188748317726,0.9974422076882734,-0.5265782380209127,-0.21401447407782093,0.7993982829703576,-0.0889879210124509,-0.7811443030077401
931125.0,0.33456564540134703,-0.9513114245377645,-0.6925258882350915,-0.4206911151362598,0.43242687662447854,-0.7804824056297297,0.8078651636137595
931126.0,-0.09167571752199222,0.10747621809182273,0.028358133272909702,0.974391165533008,-0.8356960533653912,-0.5623133949066295,0.7105428203755018
931127.0,0.11104161324532513,0.6953370522152174,0.7155732710387614,-0.5601890216996517,-0.1586228729792012,-0.6124509103317541,0.15102576718107374
931128.0,-0.6395290044660771,0.37579820493332905,0.8263828586312976,-0.45666828142858895,0.9006568212525456,-0.10700534116852012,0.8120525164589447
931129.0,0.23872721854325096,-0.2763252843090227,0.18462444588847315,-0.3065723550158619,0.9548662126120224,-0.024757996634686696,0.9695280254454179
931130.0,-0.7879950573802155,0.3750722789447427,-0.2566024827779947,-0.898313080718576,0.028287883748252307,0.7349231282030653,-0.07999201847599369
931131.0,-0.03194314777557494,-0.538544674538451,-0.5384735203687532,0.8853677549916172,-0.8276526470483967,0.43471179897499934,-0.5074011476178584
931132.0,-0.8168059502713783,-0.95201936795579,0.8227182207321009,-0.22952765232625438,0.9731442311272769,0.7889016718665065,-0.2847038738691916
931133.0,-0.6330318820351326,0.2699456699576954,0.9867326861136558,0.597677522359048,0.6005238774797863,-0.23532513800853105,0.34525302114269607
931134.0,0.1517243032909077,-0.8408039905235232,-0.6328199867632716,0.23393613168499994,-0.12840988805728704,-0.5583549171356652,0.03337824490429231
931135.0,-0.6357958976131042,-0.6078722308427296,0.38379878272200507,0.4931544734754143,0.6046625354433386,0.9684854274504797,0.33262017142175826
931136.0,-0.9917924099214617,-0.9043559061300073,-0.08688613221678732,-0.07760027742546294,0.9164275475412054,0.7910594198146061,-0.9809992506924807
931137.0,-0.7124909526339362,-0.5324469816624819,0.2679671537820816,0.13562234198008216,-0.8474579873808916,-0.3103181859217772,-0.4709227020999034
931138.0,-0.1297324719402433,0.6001435208514876,0.9717182148139687,-0.3903276186664566,-0.26687048151191806,0.9729558099578357,-0.32293719625872375
931139.0,-0.06410913446157362,0.061575834981661526,-0.243324508767496,-0.7849051470694965,-0.1717707197817726,-0.4204224407102253,-0.4267186330778334
931140.0,0.2664316965267257,0.9017036261647469,-0.5256503063502855,-0.7070986506719907,0.25423325500315075,-0.6034233521536738,0.791272692551569
931141.0,-0.36107596640363226,0.5257634150073418,0.08060805504497681,-0.7876249444917633,-0.935767419267084,-0.17519790068642616,-0.4909642651114392
931142.0,-0.9889158823053563,-0.1825448069976321,0.28175033553330975,0.020712269813839335,-0.0537580006495646,0.4757058657135458,0.4154403539925837
931143.0,-0.42215732293530817,-0.7020784583680857,-0.9931498010422017,0.6307152296662895,-0.042537062577373996,-0.5357285385701207,-0.005018773960375755
931144.0,-0.3411578691900645,-0.7337025905929795,0.8373113893712754,-0.47063826360285876,-0.6438267276924314,0.027173799216109185,-0.8226454403523398
931145.0,0.7518423487156622,-0.01823016496759533,-0.796265694610963,-0.8880730096239331,-0.2783284483803161,0.6069058168614045,-0.03955622111148904
931146.0,-0.009149906195373037,-0.09491398096516801,-0.3680496332855343,0.45372421900188287,-0.47998173921234466,0.15598167871561008,0.26200984348114
931147.0,-0.9540250379166058,0.22334558743346933,-0.45136650209224705,-0.5020592803795134,-0.6079489360158215,-0.2935632399499233,0.9348279958193411
931148.0,0.8233601454973982,0.9165299483494149,-0.19431593438211592,-0.3582702287503714,-0.29112735642951826,-0.6454248106749474,-0.139552938387967
931149.0,0.36533246565603483,-0.3925602552119558,0.552378734003099,-0.10155029515315439,-0.20145241260210467,-0.5989464093994548,0.22562684826028145
931150.0,-0.581260782414784,0.1876207859265171,-0.13234831722559393,0.841949703976467,0.5876987606807682,-0.9582733900068285,0.04584533113532485
931151.0,0.5727964726578321,0.35774488412371075,-0.047864521557578366,0.1883661893121349,-0.9387546100258044,0.4123271469935621,0.3926678998746278
931152.0,-0.03083393036660742,-0.8299325946516558,-0.99712902209688,0.4584006992373233,-0.8227648105590453,0.15375669018079807,0.9014211238295278
931153.0,0.8992771169114668,-0.43017856992043857,0.15193981311494076,-0.20084498268855855,-0.9899551042839547,0.42992716153559085,0.9765542224870667
931154.0,0.9207031568351027,-0.9344921464069389,-0.39850174704625974,-0.2578308468370316,0.016565654176589728,0.32674999986976205,0.015766985768463027
931155.0,-0.9692660914080489,0.3015266425667067,0.18530087974209808,-0.24225217046427105,-0.9781323889349511,0.8981001889093818,-0.6276958314818821
931156.0,-0.8028782599085682,0.961547184738544,0.21053586955218528,0.001969809212462259,0.6249904250895499,-0.4486446694589734,-0.7803845596851173
931157.0,0.9733495323464072,0.9160228070201284,0.09305588118420771,0.8309567217997049,-0.3516924935000507,0.3328697699088101,-0.37603305022181743
931158.0,-0.221236724332168,0.7741247102553526,0.8286086895540272,-0.7565403422775399,-0.6743720035155358,-0.18262538484275748,0.927605512681692
931159.0,0.05806289898443917,0.5210700594381461,-0.5215259218802233,-0.6933503662435498,0.8884468382524422,0.46635018325822863,-0.29114863447450023
931160.0,-0.505549326583915,0.9609640907205965,0.27576691869575853,-0.06566950629635904,0.1935356850108878,-0.9196826477693905,0.554016267564835
931161.0,0.430403525847741,0.5374648572481362,-0.9029016168654969,-0.2922605880816138,-0.6033851283356995,0.2182150130004703,-0.9282724060958694
931162.0,-0.9356079013496799,0.7317418671466682,0.7631460069603262,-0.45141244290428606,-0.9888026988840417,-0.29463611277287294,-0.827963570014179
931163.0,-0.30012051403556783,0.26208082910962727,-0.007692586712467753,0.3617543435930737,-0.473734479565723,0.3872873572406186,0.556977353965926
931164.0,-0.9406963529506815,-0.7332945137715716,0.18330285327151086,-0.547360362428184,-0.5283843989789956,0.9536073625698973,0.3122633040762546
931165.0,-0.03318443256797665,0.13982592407868522,0.2003745599427702,0.5029757856472457,-0.08321503887719572,-0.9744201557393355,0.3963297732081297
931166.0,0.6467472167659727,0.9907909738813132,-0.06535985428897262,0.2506621622271308,0.6561502980882161,0.5828942246657116,0.5872487296186353
931167.0,-0.6578097788764505,-0.19483818179396017,-0.16635476784346448,0.2064886918302622,-0.41582533831400603,0.14907479525535594,0.09220765796773711
931168.0,-0.8196514786932438,-0.43341131945351563,-0.7959140265451654,0.35671656435158194,-0.8084597297872409,0.9952261801556856,-0.9707124643072476
931169.0,-0.9343724586683655,-0.1865772820254794,-0.8454845187754771,-0.9822535147309945,-0.2951572633322015,0.09088787169470924,0.14868754473536594
931170.0,-0.3541179693023635,-0.185487906778957,0.13425403208861697,0.5527044858296346,-0.26453808688630476,0.4896024235479324,-0.1773026160909521
931171.0,0.7499636588560494,0.6889576621851434,-0.6362173387120191,0.9184019862513721,-0.4858134777605392,-0.5340022793850656,-0.9414188147463032
931172.0,0.2542344119698505,0.33982077136910194,0.2564209901938559,-0.26569233653887725,-0.3841962828467105,-0.5311146461548428,0.4832341900206065
931173.0,0.9270257135443187,-0.004360641355945605,-0.6904771207900586,-0.2587509884349246,0.28614786675630577,-0.9916188682268372,-0.5317784019804546
931174.0,-0.06212411256646466,-0.010700370921924218,-0.7879243901311976,0.9687464881904735,-0.03538967193308551,0.7172249890685873,-0.22244390552856652
931175.0,0.7160025573739457,0.10205506588482005,-0.5515467171998396,-0.5094163524116717,-0.21968742803908148,-0.5096438410437512,0.707240711471268
931176.0,0.3430295780330146,-0.06111615160423178,0.860765761483419,-0.6213927384105293,-0.938786255072386,-0.6445810240128067,-0.9006117438823984
931177.0,0.28287358782058347,-0.8019510554160543,0.2699569168303353,-0.22069011786102388,0.9739766809222865,-0.9334260415946236,0.9003816519722208
931178.0,-0.028864269891383687,0.41053161002056915,0.09437765218733762,-0.6143091381576553,0.3473391851464629,0.23623070515511624,-0.9353560870813229
931179.0,-0.6763413653087211,-0.11803689961654507,0.32043985973132627,-0.3173656093026911,0.28858484052456057,-0.481731600861137,-0.4040132478845879
931180.0,-0.5323286882377445,0.9402874149206792,0.06166688378198981,0.03694642757275579,-0.9005568660060173,-0.7567512191867449,0.5620066344475783
931181.0,0.3865649870634573,-0.6459920636898668,0.6675224741479335,0.0649394480537393,0.16184788756047008,-0.39812105592002234,0.3344311608000252
931182.0,0.5969351137524872,-0.07306089236253288,-0.4514720728590611,-0.287463622963253,0.09736382331992699,0.4281695097802507,0.4993476535107588
931183.0,0.4470627633615649,-0.062023791526217176,-0.9628450211412123,-0.9493333938295003,-0.42454710980377675,-0.6085190980919581,0.05015926029050499
931184.0,-0.6981355426491445,0.2416291128744632,-0.8261924916716323,0.8066839154287415,-0.7300820811957249,-0.13064472821838247,-0.8947800498235301
931185.0,-0.5455329349468774,0.2829184507647293,-0.31884133801268755,-0.3438653669183256,0.4855564354717896,-0.6456267624056069,-0.510110482397726
931186.0,0.7333334236348186,-0.8468981274531213,-0.8462401681559806,-0.1274951915105469,0.5528769977671033,-0.4006874875259949,-0.15089462029856393
931187.0,0.5362524742687538,-0.41655790612924526,0.25235026933095894,-0.5120695876011523,-0.7505360748393717,-0.5505308436819318,-0.16126747897609972
931188.0,-0.1809182585420659,-0.8731309313861715,-0.9405668351237104,0.6210601751862557,0.7419699360907537,-0.7883466676163322,-0.5803768281290724
931189.0,-0.9816004298388639,-0.9594410114425593,-0.07430529580687684,-0.06884914045811641,-0.5403863854855402,0.995181541757852,0.959898422026465
931190.0,0.34694832835557676,-0.9408962295013572,-0.5419676765708432,-0.17911454913234293,0.9391803796162794,0.19438085638440805,-0.8323608634969237
931191.0,-0.5756219309508439,0.6886032073466679,-0.9228471644552056,-0.9969339256755876,0.03354602745192681,0.9114939177315373,0.8558984595539223
931192.0,0.718778207240224,-0.5907000846317472,0.9873591305655458,-0.3572675907291947,-0.6371392699231313,-0.5234605370948626,-0.883277430618612
931193.0,0.9046653611992022,0.9670981287611238,-0.07994578121132379,-0.43904558639749425,0.34727475778981254,0.14723466118287187,-0.8451493718068239
931194.0,-0.9937336414821774,0.34059575492539285,0.44541324763555634,0.8855882856642117,-0.6830297045889706,-0.7468512194236596,-0.518026867359265
931195.0,-0.059798126983937605,-0.3453171666718198,-0.6391496066849622,-0.0610655152318158,-0.3962425928457154,0.21710831572838218,0.8407152348831299
931196.0,0.5366495729415248,0.12077387351737401,-0.6079566305191442,0.13815448531136565,-0.6487031583035918,0.8937662047760073,0.38402171897246884
931197.0,0.5079529935364011,0.49944930386454933,-0.5289470822051152,0.1685721338081081,0.3183385013194737,-0.9396531771245948,0.29088309677323587
931198.0,0.46721814315649346,-0.5292818208278658,-0.7282681739301775,0.6948239774801597,-0.6607571914035637,-0.33304055234944774,0.39382195244968243
931199.0,-0.7601874480392588,-0.8824605967366841,0.1675237672485248,-0.2833583038509975,0.7120007399897794,0.6094977166149342,-0.6949412334383085
931200.0,0.5941530260697112,0.15216786001428306,0.8833563956035677,-0.9285211507156876,0.3117584490147842,-0.5452476751313913,-0.5153898477792211
931201.0,-0.3574726461854969,0.6216012507676509,-0.8209393937810652,-0.5047276761509489,-0.4220206561279416,-0.88463281879452,0.6937092688587105
931202.0,-0.29777470493516,0.575091063141032,0.6646216760439991,-0.3590657078153221,0.20858363973508465,-0.36450016233248084,-0.34709236807991184
931203.0,0.013854380194960436,0.6805731599187292,-0.9851844308588968,0.7409442351124538,-0.8856396366312391,-0.06258312550057976,0.5965336391025009
931204.0,0.9788038944520889,0.15972074626865895,0.21651049496040708,-0.17492791814493214,-0.6041831648671989,-0.8332653264494907,0.1182732304521319
931205.0,-0.6074167141864331,-0.7807254165457411,-0.8184691310334089,0.9578907220780035,-0.17930433750970676,0.26080975381957106,-0.026680208463062183
931206.0,0.6141125129168143,-0.8154120560834961,-0.3740397848081538,0.7994307424069085,-0.8138738479306467,0.04612339595968007,0.7021752377717603
931207.0,0.8316434150662599,-0.2600185882618342,-0.17610506272394066,-0.5713037260330052,-0.4195894347883773,-0.7784058175920605,0.6249885704362728
931208.0,0.5098458852240004,-0.53244863898093,-0.9972735697935877,-0.7573341027968123,-0.9790259571246158,-0.6457183935969586,0.8774817616417909
931209.0,0.9333573029385989,0.3265058575680644,0.21365588614065434,0.39768219202775446,-0.9366294541836047,0.6759318930808598,-0.9630528982680313
931210.0,-0.7718339648516321,-0.4300059774348508,0.8256303195561454,-0.9368682690221766,-0.27400290532228566,0.5553047096683856,-0.9331796338101317
931211.0,-0.18605116260674204,0.08677649039049218,0.31716489156173044,-0.37823955168155887,-0.5508375440821034,-0.9924342286478858,0.37054413166988387
931212.0,0.7984993498143265,-0.9145108645665014,-0.8400530900766068,-0.6191501739834604,-0.8065228000468632,-0.14897261849099497,-0.134619888509947
931213.0,0.1029145365577464,-0.8387649519152203,0.6483410172553865,0.12480712262957838,-0.2897308112974364,-0.9878836027716065,0.6076726832119268
931214.0,-0.4271379207616057,-0.6984550216098413,-0.35236035809521904,0.9244736831131664,-0.7171549545295868,0.6944895888823359,-0.35268014838646344
931215.0,-0.023347130348349676,-0.8746621936468244,-0.4000564392163324,-0.8960021946188679,-0.5635300924944804,-0.7908282186917286,0.39927982396935957
931216.0,0.8439471991916507,0.6005949435253095,-0.20197167119693682,0.9374143384112055,-0.8218963227471221,-0.5541815000992782,-0.9357861079223064
931217.0,-0.5223745225773286,0.23035323021060505,0.7993255870695297,0.8970630738331107,0.22739502946979728,0.5393650907976109,0.31424769900812954
931218.0,0.4147219629523853,0.5197356919261189,-0.44499711705619305,0.7499032637462799,0.6952436069696155,0.49041712665570647,-0.38424718230950994
931219.0,-0.30122573585546175,-0.7957885493476045,0.8924166939289164,-0.12915752111674217,0.7307042955491212,-0.7221899582181959,-0.5458469178384053
931220.0,-0.9911455411486978,-0.5808476349322005,0.943654735672129,-0.23559971540218472,-0.6086760660110526,0.2532737376896754,0.11916798832139142
931221.0,0.3956654080607105,0.8364368598380589,-0.7099269972690019,-0.15854390244431937,-0.7579424348517108,-0.5509308372484947,-0.9907522364705117
931222.0,0.5123859779638007,-0.4559233143828296,0.14522463619039994,0.5928331879841136,-0.7577893385794403,0.6738776098185588,0.8314726244484454
931223.0,0.659439075486822,-0.7257881002134483,-0.8030851470499027,-0.7278760707163603,0.6653037037370984,-0.898479783919836,-0.23000896470357546
931224.0,0.8742980198742967,0.6521391321096341,0.2675960941801059,0.25897441114457154,0.5470807778389848,0.7649998144481767,-0.22083281600846827
931225.0,0.9939406664047752,0.7814272864249423,-0.3432037594793358,0.8235278831911264,-0.6377751801973177,0.24841959740536335,0.9096001705303125
931226.0,-0.23451804460310388,0.3976572503660938,0.21729208012078338,-0.30614925832856876,0.5567209127576105,0.7188036370734086,0.3866736980967038
931227.0,-0.2811568560104716,-0.9655967028679897,-0.8353946473312632,0.12726007293473263,-0.6283063198145193,-0.6473624106497784,0.9090532903006834
931228.0,-0.07108387270796857,0.4038469742366846,-0.27313777334230704,0.9874790460160348,-0.4087557775656785,-0.1218394274074841,0.20205057010139416
931229.0,0.4942469995685561,0.14025779464794308,0.04563388369866539,0.08247299451405166,0.18944706407700518,0.9988043849212209,0.34037982196992744
931230.0,0.12063165290786526,0.8054437654316455,-0.13930296293587885,0.7493475944121017,-0.13958558100243468,0.7344128944508943,0.9415269751593149
931231.0,0.8110868908111912,-0.669048091751189,0.5614704172771392,-0.23039836622134402,-0.9390020421048106,-0.7686025897421735,0.20215016589350632
931232.0,0.9995027123696405,0.8773514273458993,0.30696387184765817,-0.30166595048725164,0.29298854749492187,0.1586095037002646,0.4624480208668622
931233.0,0.5599018968912604,-0.6233804919785302,0.6933320786450665,0.570775469650687,-0.008710502830680422,-0.5887013516556634,-0.2259084184640412
931234.0,-0.967918593348071,0.03161868697190506,-0.33828919598562757,0.5409278008132603,0.9242550187025449,-0.16853473282697817,0.10066984788259026
931235.0,0.18356423846001535,0.3462313607585339,-0.8227229454778535,-0.9710717073614039,-0.7538957775611972,0.4519430572839387,-0.8712143774381007
931236.0,0.6694725973812898,0.4155594201363675,0.1949718068262274,-0.3415334081183452,0.42773653213073515,0.10738039972950797,-0.7525654218813969
931237.0,-0.4021339530853141,0.7341560565203435,0.7331666180698313,0.7913467698032506,-0.7989459127235536,-0.6228558428820135,0.6519004486793145
931238.0,-0.08371722985164776,0.42919281131053677,0.3897356415393938,0.5417088507068113,0.4050474622323841,0.9569523227753072,0.6887044276793428
931239.0,-0.10933733592767725,0.27165148999111266,0.31059169321041424,-0.002564466412394495,-0.03448120500161167,-0.0718097974017593,-0.8364239577659991
931240.0,-0.4387453594035182,0.5980119180642152,-0.4175529390727388,-0.7069005454935156,-0.6189542163969444,0.39872604469621065,-0.09932403513665977
931241.0,0.5231034907509913,0.7194239739215427,-0.44339827501411966,0.17612209361703868,0.7210575715582603,0.9151162531419457,-0.7031453501772538
931242.0,0.48936046835263314,0.7950553783867045,-0.11467409099901049,0.7870415476696861,-0.179778093080051,0.9300371359713142,-0.7387284667553471
931243.0,0.019637638965045223,-0.9914795642351582,-0.613304753195657,-0.809451698575931,0.8068026591009085,-0.3294124093108597,-0.2280529819564574
931244.0,-0.21739314139363564,0.40648193661869647,0.13432662358518477,0.4310264098980454,0.7991054569782954,0.670957517395883,0.03757917080286877
931245.0,0.9283028026650324,-0.6729864629842313,-0.7268170476580234,-0.42737311250302135,0.1448385199623392,0.5318954767648305,0.9420139063150543
931246.0,0.3782901563340342,0.23634870761781568,0.40688311049595227,-0.20346382349066805,0.8166894378669747,0.5555860603102725,-0.19922389059436396
931247.0,0.3987743304813631,-0.31911395032052114,0.7923715819464281,0.589879317944981,-0.09383078391371868,0.0412201542007371,0.25121565684017777
931248.0,-0.03309321478746874,0.9177030151205818,0.9162355738867678,0.15154145604025682,0.6052897417743408,0.20909698394294196,-0.3626030759524592
931249.0,-0.5144409579444693,0.08019578371042657,-0.1766608432497221,0.07899279312678087,-0.49762081694526916,-0.7239141504222573,-0.3460289112897583
931250.0,-0.8894446887456522,0.14889785516788745,-0.2992397295937519,0.4397911004489987,-0.31968321330993255,-0.9121927782858448,-0.3436894916762121
931251.0,-0.27931610267428386,0.765596755915491,0.5379311045920103,-0.5835578638776258,0.005814748700717187,0.9198499894877221,-0.06999837776787143
931252.0,-0.03882133246582575,0.296495330355415,-0.12395418840887906,0.2070452430002372,0.7251371306743737,-0.4154622117781466,0.4028687239716726
931253.0,0.6453125474509351,-0.22302311902893646,0.24447279425874235,0.1956312693917357,0.41567215240276334,0.30244011421036343,0.5116796574468787
931254.0,0.8158410492731061,0.3076276509481042,-0.7176132832462432,0.967275947100382,0.4592661666748308,-0.02689320913871729,-0.22909630626403832
931255.0,0.7327143516040966,0.24150271558661518,0.5480562653993188,0.7750491315340238,-0.6037816972011938,0.46849443303763394,-0.778311480975777
931256.0,0.5601297743368399,0.14032361277013883,0.5262991085465434,0.7131491220490307,-0.8866766515468638,-0.222503535708793,0.11013221578402144
931257.0,0.7339730231534516,0.34819476322990317,-0.7091261106372544,0.41456794749220793,0.6848020873138558,0.6630977132952256,0.21231705122617095
931258.0,0.7989353903706442,0.2017186693143418,-0.2794572379874063,0.15980048309528927,-0.7408044014935253,-0.6005705116190967,0.6543408595204894
931259.0,0.7427429260797238,-0.14872673645209344,0.4079240259503667,-0.3254468665060877,0.696016715740555,0.4596370083751977,0.9658538013264846
931260.0,-0.014668088493932085,-0.4332408703363193,0.3631089922659867,0.37136330731804224,0.2722465288918181,0.25905113541456326,0.09027906633662885
931261.0,-0.8751193423153454,0.35264991875873,0.20934606754254736,0.22110269031912022,-0.6415119969895988,0.3828533554944704,0.49388126124892473
931262.0,-0.9286557435906182,-0.06657655366629789,0.10842481716692998,-0.3239772016912157,-0.16820820481433385,0.2710071753316661,-0.5080308587026381
931263.0,-0.7056555019878983,0.7620615366565933,0.21996920074551296,0.8920240832818815,0.8293992531924999,-0.6666037348582807,-0.27108995310075845
931264.0,0.6682665107598114,0.8686862019270922,0.23041953569881746,-0.15238010670895874,-0.5604045269036606,0.5112810608582681,0.09670572485077611
931265.0,-0.1774507554175342,-0.9778065585541389,-0.5037922897432874,-0.7743988841206328,-0.4453313516695996,0.14248874908361553,0.07631896014297723
931266.0,0.22739939103509355,-0.03256967785855869,-0.860075788762922,0.9790075340929325,-0.39122235227442803,-0.11525135301649447,0.3297954150643909
931267.0,0.7791101671826155,-0.3773303030415205,-0.9515716345385048,-0.0021083809049591284,-0.8568540683241397,0.43051358736726675,-0.8537541981272949
931268.0,-0.5597087286439058,-0.9108293744578311,0.237966300709346,-0.7956819360631684,-0.2793074908453006,0.9538103242853706,0.582650359835325
931269.0,-0.3733353149118017,0.6678525167749212,-0.036848043809205144,0.11563379131802054,0.022504166275738813,0.9614340603318254,-0.36716282698585667
931270.0,-0.4196668516422939,0.9707634319979199,0.024405440543772583,0.39653793936493575,0.662521621924852,-0.7628056895902862,0.685693956476275
931271.0,0.8302643127373517,-0.09499539013821678,0.6174435961841005,-0.3774123468480852,0.3524290175513711,-0.4186078832607121,-0.727539021000829
931272.0,0.9313852255595194,-0.8874504878325347,-0.6326280651658356,-0.13148849798188111,-0.44747573111876027,-0.8671668816825553,0.9861942281173599
931273.0,0.4709547246504502,0.951121355189366,0.26769123578890075,0.5459699363401342,-0.4866635983243981,-0.7470429488958823,0.8200623859393368
931274.0,0.3427093563430743,-0.6994223834061437,0.23557897614361045,-0.9466956316789676,-0.16851491117733586,-0.042027711048737926,-0.46082302786367224
931275.0,0.6041443568229288,-0.24269126384535333,0.3627679036579974,0.5271273093230746,-0.7080421602513731,-0.8066057986386255,-0.774858866182587
931276.0,-0.4588385449218335,0.8392921017998896,-0.9272785655201357,-0.013457748353809418,0.26969502628726594,0.9839253891749624,0.041599910903006077
931277.0,-0.667493582677388,-0.215751190219867,-0.30378249119997003,0.27403563735204806,-0.718370741958531,-0.7782375761503362,0.810796762362231
931278.0,0.5758789885447249,0.5161436505821899,-0.06387254383976027,0.18758361889598607,0.6524963658815872,-0.7293002914092943,-0.4566230815855483
931279.0,-0.817181454324585,-0.27619513050728917,-0.2725162234868095,0.7490612602118758,0.33701840523453974,0.6031312142261671,-0.24333703771350623
931280.0,-0.472370773345153,-0.10503275807714507,0.9015449369044184,0.5716218671732112,0.4304221413266138,0.17353373414361917,-0.9883622317203613
931281.0,0.5729222149178341,0.0688587691546394,-0.4471509702914511,-0.6630376066459496,0.6435779448945338,-0.24287466567477112,-0.7670221514054811
931282.0,-0.5593191309195755,0.9017828525180174,0.3048904183592491,0.9061538337747979,0.7907041660309337,0.7658341512924964,-0.7634673410702675
931283.0,-0.5908348600781301,-0.8311095132632647,-0.8675462137499126,0.9051930405980644,0.7495599500459715,-0.7262941633423412,0.7422261298577417
931284.0,0.17210067956825292,-0.9816824312832151,-0.20253713655282213,0.5810426470802836,0.2876507056144366,0.8736083191173207,0.22161344593042354
931285.0,-0.8495161355235501,-0.7294221626013813,0.6032939475469952,0.0019173598314248252,0.42784212907481134,0.17611964939145253,0.5209434866210498
931286.0,0.31017374868750514,0.29731693335976117,0.8968184453514321,-0.4379071977323854,-0.43736300465778566,0.6408925257360933,0.092578015416094
931287.0,-0.9356632721650335,0.12637942055926787,0.019478338213877455,-0.7073959332385789,0.6931627079087834,-0.5661091954025759,-0.5600331326714625
931288.0,0.11934445778780844,0.6847558803113052,-0.10652159271590289,-0.25447584862595507,-0.08125165003494361,0.19337840156105823,0.8650281222872735
931289.0,0.9658451278070403,0.07670551860999164,-0.6421348492168748,-0.7096187874480138,0.4652351735356699,-0.39751920777785865,0.20701383840969667
931290.0,-0.9219514994210019,0.893623407956694,0.12593542980943795,-0.3499606429056539,-0.11997969835180333,-0.4646566951323414,-0.8854377777037103
931291.0,0.853425079747727,-0.18495345560694787,0.5606426856909292,0.41352602732719235,0.5344706100651726,-0.5103104086862169,-0.47788777850099673
931292.0,-0.9382745257444207,0.0119467609027879,0.6877517763922878,-0.8028704111130767,0.7751137241332056,0.9522323681390064,-0.6211625117027235
931293.0,0.20583192875747924,-0.4831073926128824,-0.7353646036721408,0.8529892204881764,-0.6951564496667475,-0.4294790453173811,-0.8401471961469695
931294.0,0.12478670048790441,0.3919017534288687,0.4094804564936396,0.3851084832478193,0.7805936418307169,0.7500185285579735,0.25833742728116427
931295.0,-0.9462435513872636,0.30067105494161783,0.7146672269980818,-0.6650106695524298,-0.700975874129161,-0.7132489909718565,0.7911274703139348
931296.0,-0.7919958585503932,0.7101494154196091,-0.3374190892526292,0.5280986787050708,-0.5022657187271846,-0.15534832323145187,-0.6866843742729585
931297.0,-0.7033374253951443,0.21949863930227753,-0.13268410334415126,0.8165755799119176,-0.877756416660245,-0.9358930650755215,-0.27541430347051143
931298.0,-0.7128404378002335,0.06520030961432322,0.028115675461990453,0.4679931931960297,0.9442470345302625,0.2049885511898346,0.19208452080897498
931299.0,-0.809460367849935,-0.8147700117581675,0.609587437935557,0.22578786139773932,0.9638323984130139,0.6357280860765422,-0.03126503935804137
931300.0,0.5819540470504476,0.47185636660771757,-0.2999096262214038,-0.9715081896148514,0.5701529210648972,0.38505608143821757,-0.03835671146073971
931301.0,0.2918039495926652,-0.22219806314567725,0.8551492983126974,0.30189536111946635,0.9884288698843049,0.4521371539453505,-0.15140219542349853
931302.0,0.8593114417253869,-0.9832394353043956,0.36776174067060396,0.21007707585881752,-0.5289574318152162,-0.12042950966755561,-0.6633173745170133
931303.0,-0.42702483439305583,0.3872628003286569,0.8238594383743456,-0.11965991179260405,0.07604587695178466,0.4247555520251747,-0.6527647958565908
931304.0,0.897950231875764,-0.3549626818310201,-0.9754871633639606,-0.37325339714105255,-0.6031100788084909,-0.7201140861190989,0.2637068884514904
931305.0,-0.9024421457688356,0.1437170669979464,-0.4398033024312964,-0.3151208479444412,-0.4940280407650324,0.07235132633512298,-0.38970464108425795
931306.0,-0.27093800565264314,0.6120543655481492,0.14354201530726063,0.8862536275783255,-0.08236473711928416,-0.624446709092183,-0.5512563668443471
931307.0,-0.3106268997979873,-0.38420447075804365,0.3317306125032633,-0.5372216863236483,-0.3115679136677729,-0.4588781547201124,0.6864496433950067
931308.0,-0.8272901681033993,0.9629050663395939,0.9709696156618735,-0.4688417092073396,0.6275743715236133,0.7931783818214091,-0.18290043911914644
931309.0,-0.1694288334604459,-0.6068331872349171,0.16422369897975786,-0.2660324166949075,-0.4757781118588684,0.2750271045174708,0.2771728893811136
931310.0,0.8314232781132509,-0.9909692082436936,-0.5629011722176385,0.3922152822138274,0.9033056736848204,0.4734391252927126,-0.9633708877838267
931311.0,-0.12460977929250072,-0.39182948543096363,0.19894739511942117,-0.13321005726120116,0.6441624727721396,0.052898628341470744,0.6447852076719554
931312.0,0.2866801516303352,0.3744654689389211,-0.10691868718089981,-0.7483674081961034,0.7500034648637213,0.7933013985174462,0.7552163088227817
931313.0,0.89281445439336,-0.0517428626071601,-0.6582591815838685,0.18229848829894224,-0.5925116635887104,-0.37429354012082183,-0.5597537340650931
931314.0,-0.7516714500317727,-0.6016581959475464,-0.6293528765902427,-0.9703999400367258,-0.12653441516130592,0.6054346683084852,-0.31899021251534476
931315.0,-0.7689309186667952,-0.07638754460347252,0.9155990263643803,-0.7652329287242772,0.48289408913227083,-0.9962909374801903,0.787405108243808
931316.0,0.40267555491910123,-0.22832977791768072,0.5447981974266309,-0.4359486426993373,0.7842861329134738,0.8424903411258109,-0.504484854081807
931317.0,0.9735518636945688,0.2839879909612628,-0.6121822632273115,-0.2568299834733845,0.7719357489350984,0.7956948658549869,-0.9523767639894871
931318.0,0.4333380384587411,0.26093824979552194,0.7883617359238131,0.03283237784780524,0.22453354682085602,0.20553792035555474,-0.5897191957804548
931319.0,0.9208197916208598,0.24229904576059114,0.1029072571051628,-0.2457492389957847,-0.5203771027681094,-0.663742828221668,0.8251344935690696
931320.0,-0.3904320811501185,0.14639226916295311,0.23592801973027444,-0.8841929562239561,-0.5072062977696428,-0.14993922451965958,-0.7161098608422254
931321.0,-0.5422856733739487,0.9841787088412806,0.7947699833071147,-0.4255912863133866,-0.8806407935517322,-0.5290262167090758,-0.07826348410560624
931322.0,-0.39047087670653857,-0.39919678252185253,0.37295354999461505,-0.2753988322894545,-0.9343787140332112,-0.6829658347287755,-0.9220218968030562
931323.0,0.5219566708028802,-0.6903723515599183,-0.7603966495092098,-0.013679644803112678,0.014416025329319071,0.2789369163985953,-0.3966524165667016
931324.0,0.6478048020789262,0.4627998604627883,0.13527389513015442,0.18200066966641293,-0.6859948029590217,0.5303510971848673,-0.9053647502414051
931325.0,-0.7442321452248906,0.1507970947504058,-0.5180937413042246,-0.2010886087389132,-0.9194547563661131,0.609538792624631,0.12228783571851132
931326.0,0.7252435750722945,-0.5871684387250158,-0.022206157796957005,-0.55447844518556,0.7503822398423661,0.5792774393342575,0.40573002753958676
931327.0,-0.5124236410007523,-0.19156384129990767,-0.9784868781834906,-0.07484924121853265,0.1758602673629801,0.2652559557563776,-0.35273957478631623
931328.0,0.6696804284169928,0.9548243976915989,0.6396010574141278,0.015186920524447922,-0.8173287258042894,0.2343809625836577,-0.5203853970276875
931329.0,-0.22519581594726912,0.1012831324450092,0.35206263992219466,-0.5652837132252699,-0.6125290866197914,0.09154058159303036,0.5683076162874321
931330.0,0.569589707467965,0.1584801264411948,0.7469152777020658,-0.8089387026974828,-0.7754474629189001,-0.0537323735922568,-0.8553614994302257
931331.0,-0.8834173746064968,0.3128762169814667,0.083342170560889,-0.2679860808950272,0.17327047106643767,-0.2969574876581955,-0.5146522144502255
931332.0,0.22931000985644867,0.49439328709033536,0.08431701802697011,0.4956524533168982,-0.4892139214417943,0.07410021645923992,0.9463644552963917
931333.0,-0.46625536049256056,0.0318676291027753,-0.7333346441719129,0.9471049822588229,-0.3593966627837699,-0.9822148118510641,0.9726191187140656
931334.0,0.343716721508307,-0.305346811074912,-0.636386405238528,-0.4526688966138095,-0.6930872100224545,-0.9928464918930766,0.17397234745982781
931335.0,-0.6250937078648799,-0.2168438821334704,0.8253857981902153,0.4001240258064265,-0.9482227096246545,0.9911398921729002,0.4524516633722415
931336.0,-0.6618819947003194,0.005850462980113047,-0.2556942117126708,-0.275116310560636,-0.8060122689943674,0.18487526191344195,-0.6128456213030222
931337.0,-0.38759953177450557,0.5691196919563166,0.13164355394793192,0.9848655388212026,-0.7489713119281061,-0.31280677889911535,0.44398263821239903
931338.0,-0.7277904856257285,0.6472699359193421,0.14542472902068448,-0.3919780418009515,0.7270735308074212,-0.41050630990041026,0.16271551975957155
931339.0,0.08250797321166692,0.759476126572338,-0.6989895987519386,0.13642262143708983,-0.443350045719753,0.9528022892233712,-0.3936576123081612
931340.0,-0.9125974453208459,0.06455386480213066,0.40128949601252417,0.34154609157195015,0.04097235386772513,-0.00783554236361228,-0.9248820372090758
931341.0,0.7697269542366327,0.5232209235962042,0.27435356077596995,-0.2884702482670092,0.5056580829824935,-0.9131261024020327,-0.5683628509626586
931342.0,-0.4573030465819703,-0.4014711542086411,-0.283732598320551,-0.5958967402014628,0.2336166797075283,0.858061283268774,-0.29951385848376133
931343.0,0.3494492596252028,-0.18782772094879685,0.42517626140134435,0.02702480460649892,-0.8370564321795619,-0.026969822919311826,0.06649562980022461
931344.0,-0.8516571856776052,0.9057495723585756,0.7619908831342757,-0.9014380042742385,0.2678797201329526,-0.013877239400469588,0.5007479427669737
931345.0,-0.8638404462407818,0.2767221742128263,0.11111674759887946,0.7862150151585987,0.779251261423278,0.04077261995326009,0.5162775461858593
931346.0,-0.534424255137677,0.2756401351903246,0.8439048849534101,-0.37542439484029466,0.0019022747524966022,-0.0082972167011659,0.4645635699818569
931347.0,-0.9131979892710769,0.18402232437913058,-0.1312738013160153,-0.29620651302563594,0.7048428830005764,-0.8696336076008926,0.42337740219758446
931348.0,0.9600950957325445,-0.6980312584678552,-0.7730712975478893,-0.31085768638691236,-0.22243905221771465,-0.6396764553831016,-0.5251373558358103
931349.0,0.13728911339682992,-0.980073255596505,-0.859868764742659,-0.23966816688511328,0.21555500960103413,0.6473343376658967,-0.025950997817353993
931350.0,-0.8610564925400312,0.15369145861875322,0.21026052026555053,-0.15700013130593238,0.524973729494252,0.005503640546371091,-0.7542646447021055
931351.0,-0.715361122139355,-0.2095818940066474,-0.4655570830053628,-0.4465727851321817,-0.10702401810051643,-0.1033649009797426,-0.31006047621235133
931352.0,-0.8060370093620592,0.04337673338655024,0.7864346216177021,0.41699251654335057,0.4979889075060624,-0.4188625660446812,0.6923469794524804
931353.0,-0.7705842295558671,-0.8927149974188575,0.31667925363745275,-0.7848168079072049,0.16564073395367052,-0.8825807108140815,0.3046870270040414
931354.0,0.1506136274676413,-0.17159962704434606,-0.5048882766298795,-0.8369256829364913,-0.30548658441380216,-0.26179321220646257,0.12466252241655007
931355.0,-0.441434586680026,-0.9032377665431628,-0.7827000393889822,0.45138965009882304,-0.15360492388175095,-0.44789747635750565,-0.8734944362925416
931356.0,-0.9213431817207913,0.8724308500012601,0.9199981670648254,0.08031239370722676,-0.7203346306254637,-0.5461775515147631,-0.703959188206235
931357.0,-0.9866604594074524,0.7177730931228745,0.5956433428348098,0.6677614464371877,-0.6388307354856939,0.7572932649450479,-0.2904992482746811
931358.0,-0.6414647839996108,0.8930926382157627,-0.9634510398109297,-0.8514653044964469,0.43710601156940787,-0.5481845196628352,0.8714771170860762
931359.0,-0.47235404328376185,0.7822764680711367,-0.38487291562446635,0.027387709978942798,0.6376572877414877,-0.4240436808266843,0.8820800850168393
931360.0,-0.33502327849412805,0.27742713663776786,0.47769210752655145,-0.9533309577313951,-0.6124005485938875,0.8312217493545593,-0.7245984189097345
931361.0,-0.6914482011771479,-0.635717377833926,0.20995936393740355,-0.6483650532875602,-0.09266051670297637,-0.6167089631452585,-0.8353834876513151
931362.0,0.12288050918119087,0.4523318500668825,0.3025815336692972,0.6844667078551947,0.8799929062754612,0.15597572139719262,-0.6386386898447625
931363.0,0.16287743139494704,0.5057564498869,0.6290889860809641,-0.18314785594142058,-0.5708716236729052,0.707750796256283,-0.5660170794512689
931364.0,-0.6611405490106259,0.2809752805896999,-0.7683514271581613,0.998654530715734,-0.7524160776006126,-0.6144481674911177,-0.7551657094680333
931365.0,-0.6022629564618602,-0.30150407416076974,-0.45325844728959885,-0.5798587281167011,-0.09530422493057955,0.3183894239769045,0.9268539469577326
931366.0,0.3829651874132405,0.4894537459647814,-0.2851682563314446,-0.29552666338257416,-0.6350260326306998,0.9620189350202846,-0.5408957692496617
931367.0,-0.8154017145400247,-0.7319558658566336,0.32131789294055935,-0.6430260805592027,0.15126180002309475,0.7551399460658663,0.4678441312979438
931368.0,-0.5952279695690998,0.9025523790175718,0.27020894592664524,0.8992176837982029,-0.5955558431656549,-0.6153657750244808,0.07699832352861846
931369.0,0.19302336956875932,0.9779173964732921,0.1444963115781377,-0.6627272474562391,-0.6479776994426714,0.41467013501196415,-0.22219311631116212
931370.0,-0.15755398909693974,0.9591328815886466,-0.5440465700319079,0.9980274216389327,-0.1934452808761613,0.6584475972881809,-0.5209842822433715
931371.0,-0.11047887778607546,0.612307105413662,0.3641509123999189,0.2856269980606394,0.6302185052702562,0.7731040852359867,0.38551716267266567
931372.0,0.9729569477995694,0.0033316078923526504,-0.0023533605944594527,0.301312039327543,-0.03606266406219838,0.6308911418177987,0.26085903523888
931373.0,-0.8548750115024739,-0.6329439321515407,-0.4678726850824386,0.6605761923782458,0.9851612677712165,0.2797632315627854,-0.8572227318477577
931374.0,0.7622660054648733,0.5810877456609795,0.977009523000713,-0.38956477581957394,0.3539129765748974,-0.25868377268676923,-0.3922213823348948
931375.0,-0.6534275474338151,-0.3243021610198018,0.5324946090550027,-0.08788799328310604,0.24416951919076513,-0.5414138133493218,0.3902199342777959
931376.0,0.8925307089335479,0.603780041780849,-0.13735716210684012,-0.4004010480885427,-0.5606744814057105,-0.34413465208658156,-0.7879932471666982
931377.0,0.475312214399745,0.36772555841184884,0.6284165975171692,-0.13795811946480918,-0.12680125334775982,-0.5482316377727046,-0.18443856334788822
931378.0,-0.8831082362749789,0.07840947091698314,-0.6710454337698535,-0.9455293409895558,0.36959888604974966,0.9796161433073831,0.0974926480785474
931379.0,-0.269297617173921,-0.44142740069887165,-0.4888973558579479,0.24763477539009981,-0.29002322493882393,-0.8599712073412464,-0.8000857835396871
931380.0,0.32716557535320523,-0.9514366693080825,0.2546145359527465,0.4694350057248815,0.487865699421586,0.953935297971938,-0.2668868089373633
931381.0,-0.7086184190098648,-0.43457614368860686,0.627929615781502,-0.43139669526366964,-0.6355401637491755,0.220820626992686,0.8087236739996322
931382.0,-0.9556701372315659,-0.09318524575147813,-0.8456566507796661,-0.8418869598746446,-0.145023789800383,0.36549760119162644,-0.4378684547958944
931383.0,0.8808097634648515,0.6611982075437282,0.886498478587044,-0.755398829863521,0.5967724932987726,0.9765668664492484,-0.018990306843041038
931384.0,0.6633587304956632,-0.33046867111287104,-0.019351606894639328,-0.09906775485262953,-0.2724548337340664,-0.8545591271925521,0.5466224091491083
931385.0,0.5493083143034505,-0.8093369735247105,-0.7718845041391629,0.08953014268682002,-0.4620062188996936,-0.35642243753094993,0.49698680059768696
931386.0,0.8191068099861512,0.8883394467269445,0.8852304837472587,0.3128261471225806,0.35570903145645416,0.8181717183550277,0.36262381641030794
931387.0,0.02653032004883893,-0.12369166467841808,-0.03535135678507717,-0.8453649973209154,0.8279957853911757,-0.009210321511214703,-0.5902599603989207
931388.0,-0.5643682865881818,0.24190673435387744,-0.9179038468781182,-0.6526021756185452,0.2715341206895323,0.23334871926473455,-0.16349309723089234
931389.0,-0.8278628533468373,0.7721713240685086,-0.3202176057181845,0.7886965090446938,-0.07202415079120672,-0.12335702213571054,-0.07017428826317285
931390.0,-0.9671787344244636,-0.6983835242017447,-0.3392006689861695,-0.9636302282554943,0.580909638882962,0.8666827960740373,0.24169595662026433
931391.0,0.2600536829124369,0.5768860164079632,0.25890892487921,0.9907804792958776,-0.6984685482475168,-0.37313706804503677,0.6402874897066191
931392.0,-0.9362067240914338,-0.45606143747125505,-0.8016089983432755,0.9102143858559484,0.0712511740550299,-0.2902926949909681,0.909520536526917
931393.0,0.2580718220799536,0.7159808983853977,0.726180721210957,-0.14341828207134544,-0.41049148758420384,-0.33054120354840544,0.7096766884288463
931394.0,0.9066963520603657,0.12905124943281687,0.24839425889746436,-0.4870402371774769,-0.49727463017447704,-0.6648118997869934,0.4303846238896947
931395.0,0.19974493517352565,-0.5574870784383275,0.2509718541717316,0.8998134524818517,-0.4209257188437163,-0.08331866545526445,0.43665266925762625
931396.0,0.6110561796668306,-0.7551451365520545,0.7452431186971986,-0.5696192794811292,-0.9214123558704959,0.20925975961433263,-0.38871846275065436
931397.0,0.07896266880669445,0.5459513356991634,0.4777880410063382,0.6011601663344608,-0.43545992884308515,-0.710819752214336,-0.12351027681410676
931398.0,-0.07439827364685425,0.9782922970471344,-0.05708971126931783,0.803060063681424,-0.32074974536130596,0.5812044001694288,0.016910363362767633
931399.0,0.8448205846227796,-0.07527377594571649,0.3563533269106194,0.6164178505539988,-0.2563892218136279,-0.7060332510336156,0.5013643742284473
931400.0,-0.5867233182571674,-0.6777656879299634,-0.5861077530225607,0.13723174741084843,0.12065636870237273,0.5144778905614402,0.5044339121656114
931401.0,-0.06111421787018312,-0.756860130336904,0.5242776578769335,-0.9474555040101929,-0.9145164988124186,-0.5120539538198434,0.8613136912497303
931402.0,-0.21379449046190424,-0.09846493473512208,-0.6287851548154799,0.9909171586186527,0.16137486010483038,0.14364962111715673,-0.9982136953019862
931403.0,-0.3545998119165161,-0.16500081321697402,-0.8419954858822034,0.2968477938368681,-0.04102730625670814,0.0748080589052742,-0.3945580696873756
931404.0,-0.5247282860485267,-0.30874315603568037,-0.4184457957012335,0.7545819426009064,0.42378064912674684,0.4765455817914861,-0.5807201489414193
931405.0,0.16423889146324155,-0.8664662483002679,-0.37201437448739094,0.6315680048830778,0.555176104210179,0.32775869901709154,-0.9130194285230311
931406.0,0.4138144965186983,-0.5302265423175243,-0.050313798806718824,0.07042448097992193,-0.3142685238420069,-0.16133106532184494,-0.31857034438404774
931407.0,-0.11603351151588526,-0.8210163070455856,-0.011111709400380532,0.9319206811441998,0.45642331334297803,0.3540289033465813,-0.862768990289106
931408.0,-0.06911345308027839,0.5693335901764973,-0.12026752697535326,-0.43928431605545226,0.007110339645777453,0.33955282682936194,0.9766255421969325
931409.0,0.5650532932282,0.9031512898998078,0.15779280922570416,-0.9212925661593088,0.7595464908344032,0.7394791473699553,0.2305522044395718
931410.0,-0.5440391921681995,-0.6744689959287136,-0.16925748560402987,0.5810309034250718,-0.7625452733533704,0.8500578322953489,-0.6615407475979935
931411.0,-0.9295376164953444,0.36848494572539203,-0.9262870972281245,0.605824818478343,0.22289777449309134,0.47973142203653807,-0.9862204146622617
931412.0,0.1926854364656332,-0.6513563051780762,-0.2089676750992644,-0.8426731906134814,-0.2975369497817397,0.8919036488561711,-0.447003198965777
931413.0,-0.8996926493690234,-0.40502933250669604,0.24696905234216193,0.9956588255487939,0.392538540109888,-0.6601494550389673,0.523195670843716
931414.0,-0.09132922343914474,0.7877305604936409,0.7867894728020668,-0.22293388424820249,-0.6007736213783317,0.5314696195073678,-0.8912726075270476
931415.0,0.006431606617838925,0.7728591730245398,0.20193683113955418,0.15052627248356565,0.47290146028868674,0.11442298033727805,0.570160204943154
931416.0,-0.8849912096649126,-0.558686802792763,0.17294893622979868,-0.8911499563255334,-0.9535894348946881,-7.491929622527316e-05,-0.32260155508370625
931417.0,-0.02430262179397724,-0.38811527547482294,-0.7772740430739078,0.8020630019611314,0.21431648996370734,0.6904223141319756,0.6640078016008184
931418.0,0.8242032870831484,0.6660210358920748,0.3246539372912054,0.17061077896940757,0.2707185450920975,-0.7748435997667384,0.15676105482423774
931419.0,-0.33409351895672335,-0.1866160274210178,-0.39313610399475496,-0.7901294322614036,0.5345192931959524,0.2779532564553602,0.27839955298895736
931420.0,0.18366468236923206,0.9303360854042995,0.40303169760968327,-0.6216432311626974,0.40083999575716733,-0.7220765693480871,0.10759000691061416
931421.0,-0.0218407963578251,0.8505883480020233,0.18475940157770987,-0.0038409129232190864,-0.961213172184624,-0.8039839471151118,-0.7065830794232277
931422.0,-0.716374657558237,-0.6511820482379147,0.6985700452955552,0.17713711151862932,0.1803039081846205,-0.5753960085404033,0.6955499976397237
931423.0,0.11759234741976798,0.8281907403513189,0.5876091021356167,-0.44023426311765346,0.33696092686343637,-0.9978247753576144,-0.2243683985344087
931424.0,0.21934672231859031,-0.8029911155624012,0.19882087935212178,-0.8562244617236916,0.4013631129513855,0.3740004730855224,0.8604221824327605
931425.0,0.8225423310249542,-0.404683880780458,-0.445004291029359,0.5356006826255915,-0.47660789926552183,-0.24477407189814726,-0.8403570347023905
931426.0,0.03056934976199388,0.1787037727724743,0.8404102620507132,-0.6926627827273397,0.7297409231704268,0.3342011213241163,0.6659706972579247
931427.0,0.23321123815725997,-0.2642741912032065,0.9467427334905842,0.8531442297710397,0.4649454976134022,0.6266823989187054,0.5410432338236602
931428.0,-0.6131761700770704,0.7776646518665686,-0.2305237844761161,0.44784770340410107,-0.24589123775872546,-0.5952578551280396,0.010532406876029077
931429.0,-0.2917561430902704,-0.9914636395356229,-0.7073536917601313,0.6314326026301478,0.9356157702561092,-0.5737964793470216,0.315012638192834
931430.0,0.1206114653059347,0.7656436612348068,0.3189125316705168,-0.8703140816076584,-0.658391221809357,-0.9192529487165517,-0.18425183099903975
931431.0,0.19545810104982042,-0.5714422676932345,-0.8059286162658905,0.14667152259007454,-0.614718714660828,-0.8664708488266435,0.7548418528447456
931432.0,-0.6177798475996816,-0.0724133194916845,0.8826640485734922,0.028789051079972428,0.7921991626435878,0.7304023626704688,0.8389428572380089
931433.0,-0.3812952313529676,-0.20009152669898955,0.41627424382674616,0.41698955734634824,0.508717241734435,-0.09545439043165804,-0.2575012023587093
931434.0,0.2214389946597659,-0.9680895438785937,-0.5030623525614688,0.5891843472341534,-0.08008008199194472,-0.7133666311265756,0.5540935201326649
931435.0,-0.40804533534553245,0.6355012258101269,-0.045271884981596955,-0.2831608593346773,-0.2217395812428411,0.8436068459716999,0.5459791156135452
931436.0,0.06301053785092248,-0.6140316749497952,-0.8855123847083586,-0.5966333046984165,-0.935979776283387,0.021576348084820784,-0.27680968287407137
931437.0,-0.17615274935205627,0.047426576379038465,-0.40650793934508433,-0.017950408846810317,0.357247858389627,-0.09887425807494288,-0.9644990203624708
931438.0,-0.898946010207206,0.5598693654121085,-0.20227518368140518,-0.08255718963584924,0.46599256550461976,-0.08324460169679493,-0.09816346148768496
931439.0,0.893970284724604,-0.44117633186982586,-0.7879423822802132,0.6589110188506608,0.5365557767204452,-0.07988057947917304,-0.49177477739338715
931440.0,-0.5660182754386878,-0.06007476105719323,0.6423646127197975,-0.6428166015018477,-0.46211110042972314,0.17622718544512606,0.17604188810570798
931441.0,-0.7329204579164248,-0.12641593573298437,-0.9319987504701355,-0.9109871663756042,-0.875235600922792,-0.892194883926998,0.9113731057625252
931442.0,0.41271235221690716,0.18160102001061618,-0.8521904993802973,0.9095488330994954,0.2633961418780515,-0.2382314959964762,0.12035477935518801
931443.0,0.81266317020501,0.9509579937442143,0.7702833257530373,-0.7425059522468169,0.5483854363316674,0.4335531870129703,-0.10480534303216738
931444.0,-0.7968052210161898,-0.9344067721649512,-0.5788243882426636,-0.8117517025489944,-0.8671120641686374,0.28654326015899234,-0.4151435126153942
931445.0,0.2821026414167831,-0.37947855350788684,-0.13857732661749456,-0.9122878328432722,0.26409456455406555,0.4720340852327154,0.8874314173162592
931446.0,0.23445729325899411,-0.08108320007635794,-0.5849774263540173,0.8403451427954625,-0.11619301237067603,0.9144270591120882,-0.8805966969111976
931447.0,-0.7588727156935162,-0.6307082599195006,0.14036791955624062,0.47201874280248135,-0.9551044134178837,0.2939255201858164,0.5666832670871969
931448.0,0.9137924007699356,0.9624427622287912,0.825098157731792,-0.7874135029272555,0.01178536450559542,-0.25529787174742924,0.9055005746706648
931449.0,0.9749024010221585,0.08617541104137683,0.40671712924729286,0.9276599844948965,-0.19186245574592986,-0.6062686213833226,0.09484908711767281
931450.0,0.6672165525534774,0.8607525326100434,0.26718257878866214,0.1314842292867091,-0.7189125739897133,0.9131850339468233,0.34906311336153273
931451.0,-0.7448430161155171,-0.2742419713292201,-0.20880951782555135,0.10566690082544095,0.6831864219694317,0.5784336655827929,-0.5319888119190324
931452.0,-0.30512872926289436,0.47577204630553105,0.26092522930495243,0.4058665943306172,0.8936673532264872,0.07446690010160961,-0.0627507798114102
931453.0,0.45617823516537914,0.5531050352352789,-0.8392026278507831,0.2594551714643305,-0.1334429686341887,0.09307320733652968,0.3490422756653859
931454.0,-0.797854089843054,0.665134774980134,0.5246421525410041,0.2899059192536044,0.5453932353778002,0.2579576588368939,-0.7289928214553498
931455.0,-0.8590465286899069,-0.820267480736661,0.14823799704375062,-0.9434541852813829,-0.15467556110791825,-0.21502745265512724,0.5231762394601551
931456.0,0.7123772835994016,-0.7016580859690755,-0.2594658833425485,0.6325011118997217,-0.6846267489473181,0.2691157057435467,0.47191737872900186
931457.0,-0.7273830235992667,-0.5321996340675053,0.8822184987790824,-0.4510561199486183,0.11928081727480255,0.4856347825122289,0.8602221469508433
931458.0,-0.07175813633941197,0.07629003110736088,-0.36029542744107546,0.47199497869579377,-0.2784369891054781,-0.16388517168057337,-0.9239804986487923
931459.0,-0.2601129773344144,0.4297013230715512,0.7098964787966322,-0.20338529462857302,-0.5632370702907952,-0.5310476948409093,0.9030617086744215
931460.0,-0.6857345533224151,0.39900026008336464,0.916523490291884,0.8711195173560713,0.112012079108748,0.22813768228378195,-0.8351194259199832
931461.0,0.875898501100584,-0.05686084186282758,-0.35307312100758903,0.13968723930536942,-0.7378634267531421,-0.5625704126049571,0.5356344289055393
931462.0,-0.7175613816399882,0.7139924165406883,0.8600136794969264,0.2670170142596553,-0.918820059713096,-0.6609087677769354,0.8991778332124862
931463.0,0.8124090412446208,-0.6820845813398975,0.41706588642985865,-0.25051061065913993,-0.36876069048365556,-0.9861871029854143,0.6672241589828218
931464.0,0.5400780774672969,-0.39152629603608613,-0.9721332480249174,0.9631476014996718,-0.6343120101382937,-0.604203211965703,-0.2565915451888532
931465.0,-0.8537554194636698,-0.9832578562798622,-0.1758391232678309,0.7990478769247198,0.9512853623193869,-0.5510459815555564,-0.4730511492340612
931466.0,0.9840157562255847,-0.33708937327344723,-0.6435305338140076,-0.25550094735468565,-0.5956868153824959,0.276335904790185,0.3542537521109004
931467.0,0.9896262700868379,0.919479388228815,-0.862620965663764,-0.8439688902612088,-0.8406013664371508,-0.010418217222876391,0.8774715788683478
931468.0,0.7198050821440025,0.25993555794973044,-0.36891394775797104,-0.6662041661342895,-0.9163330305585919,-0.9661544599539666,-0.6379724391025543
931469.0,0.8449045119022025,-0.08687780906831333,-0.4887514885487174,-0.6689117501673829,-0.7125503305220684,-0.7152342111445982,-0.20887327186872184
931470.0,-0.08721073441704896,0.08633038675325388,0.7569977765854379,0.6784365214870653,0.9437025760033864,-0.836014641413116,0.3103143030863136
931471.0,0.4312776532012348,-0.8249784032322256,0.13805251559533294,-0.7477508256543808,0.16199735345894717,0.49181888338044844,-0.2005650245190307
931472.0,0.3214427219920102,0.0683169277530371,0.9689791298657429,0.16015657389725835,0.7075077923539601,-0.42100640555105273,-0.21989130651016686
931473.0,-0.34783325542444365,-0.1938584234869951,-0.4147314705568643,0.472816355886019,-0.8002456616384523,-0.7242164256611328,-0.08912266366700439
931474.0,0.487245710662644,0.18855449589891027,-0.45859311750467646,0.8693204231054472,-0.16208725416571834,0.11898012285972781,0.4545754765688146
931475.0,-0.3051038542957767,0.20746011185411062,-0.2758355961077308,0.3394750680560945,0.04073437132991775,0.5597714504195432,-0.6282620162251273
931476.0,-0.7672804800445894,-0.365755155606148,0.3385591610837877,0.6284775009588419,-0.47119500050297125,-0.8139085405553348,0.5542342531858215
931477.0,0.622418839397644,0.308861447252351,-0.08268467287394743,0.4891740643500886,-0.647909085381221,-0.3637383881638241,0.3616173226517616
931478.0,0.27096378944611943,0.9174249959646461,0.5613864636113655,0.8602962311748874,-0.7591816784377048,0.04117280655188549,0.6256735253315098
931479.0,-0.38583779046316447,-0.9322113033691568,0.11755249963696168,0.06806478441567543,0.3363057309569646,-0.3413270641213475,-0.30724783144821477
931480.0,0.968712736686465,-0.48873363416698323,0.04224910162195794,0.10050444556730787,-0.9476691740646468,-0.5835584862949914,0.32473233586101724
931481.0,-0.5896972098485043,0.43684089424137373,-0.5727863318282214,-0.31903710444149236,0.7463197146593505,0.7458328581259202,-0.5587549933203912
931482.0,0.9888455439205577,0.10798579596077396,-0.4971931555350677,-0.585061390311967,0.31020254343211606,0.9109095037537718,0.8016079821157103
931483.0,-0.0031702153653501153,0.6301449056746122,-0.5840946251445727,-0.6245631673681058,0.1905223968497698,-0.023111507808691423,-0.06537188788418735
931484.0,-0.49910516050989884,-0.21081067410417043,-0.6777522521480279,0.6874672498366496,0.8894446928647117,-0.4284858238279603,-0.007824666643238443
931485.0,0.5683175004853869,-0.9050339607861575,0.9127021327583635,-0.3190979060432515,-0.5452188734562942,-0.7808956732524781,0.30149142800013484
931486.0,0.11077532303019488,-0.04088334118165515,-0.7388757580886223,0.5521746142330304,0.08685394972592064,-0.9283618007943655,-0.051919527119214104
931487.0,0.6656914494181441,0.9109316254035371,-0.7196489275208493,-0.5416574574576725,-0.4209122471635056,0.9294384134132014,-0.37211033572271623
931488.0,-0.11662787697240229,-0.09667266040070488,-0.9927936205504218,-0.9623824338100151,0.09600973365237309,-0.9685930139415222,-0.7365020345777384
931489.0,0.6735846754712651,-0.6683381585370853,-0.5285904328931492,-0.0934091345110617,-0.10659694470214065,-0.588585597753041,0.7570692142075555
931490.0,0.31073035490222045,-0.6453968244778581,-0.452863581584084,0.9838841698678793,0.9877419226522359,0.4263498103483112,0.2437560753860195
931491.0,0.2287934537021039,-0.6900792513866301,-0.3053588938170546,-0.7032293963017444,-0.5502419244047714,-0.9589131879213917,-0.5151493086137569
931492.0,-0.40468996623406883,-0.20398159284388884,-0.5523852258770146,0.35474777375360955,0.8001975238301378,-0.657752509911026,-0.1743492015450503
931493.0,0.783151081372538,0.5943766635838936,0.039763515177560826,0.4687166108464731,-0.4009011060581753,0.06947426698237469,-0.5743018175674568
931494.0,-0.7312815439197515,0.468222418179443,-0.4801274632436745,-0.829843140630496,-0.9711629024751469,0.03667726980434871,-0.3678298554378783
931495.0,0.25628929988271243,0.38679734851606384,0.17679209614938096,0.9971605348427675,0.17090175406141617,-0.16681040870146324,-0.5851129192581048
931496.0,0.4496576375553314,0.6371255639693059,0.3637368275121635,-0.04762368917809168,-0.30678796816561715,0.045308365683120355,-0.15105724778551832
931497.0,-0.8708400436211705,-0.08069514429969082,0.021613158423432033,-0.4030501756855964,0.35533351819111925,-0.7988107213294289,-0.24717678624985617
931498.0,0.9769601803111923,-0.5066804069759703,-0.21314376543447477,-0.8268333609637495,0.3090548528524675,-0.4865108898939956,0.563808957923879
931499.0,0.08019591253722758,-0.07900504473242109,0.871219268063568,-0.6628953230448116,0.4611714804070357,0.12393904177398452,-0.5651043885512874
931500.0,0.14085290870612477,0.7398921098169922,-0.18521725212519113,0.1562194766996432,0.8493848832772013,0.5468515212101246,0.7078647117334709
931501.0,0.7128002028178619,0.5312928525512548,0.7967502553859063,-0.36932612174240864,0.40757790066091704,-0.03332867121472227,-0.7142889003474517
931502.0,-0.8551307316248824,0.15701937646202602,-0.8772254796058161,-0.1339283721574991,-0.5147900596498278,0.19646566794202736,-0.2938265444288335
931503.0,-0.8650409845303657,-0.6563663652168856,0.5955596377860413,0.3192178015245475,-0.7218041151710994,0.614996815201001,0.6613207147922824
931504.0,-0.9915201318134703,0.5389839612275542,0.15419110231370592,0.07926509227545364,0.8430188789395134,-0.6333236913333111,0.7320030955231673
931505.0,0.5464374016522919,0.3827327383041381,0.8953087334652972,0.5753523489004715,-0.5588226090168293,-0.24413425510864806,0.1776148962576729
931506.0,-0.6529623628599224,-0.3277521659920519,0.7886610628246131,-0.6211869463091657,-0.23552678000149574,0.8179940302852544,-0.23850942241456607
931507.0,0.7487217514730538,0.6093287986743134,0.9046049652998336,-0.8726756561042721,0.9413580064003089,-0.4297848522615384,0.7272352762778604
931508.0,-0.022440988184141197,0.25661131648429114,0.2686723213160398,-0.41291011849381154,0.6673593524238564,0.20441803513682255,-0.27551585097203635
931509.0,0.4540713081372798,0.4519786467926874,0.6762653758148864,-0.3442714451866351,0.7327331230626066,0.5458549700489024,0.5130909526562972
931510.0,0.9983208115521764,0.9714021849960588,-0.43963246053489735,0.6626196758396656,0.2155394248192275,0.20643016333612474,-0.08019376377470788
931511.0,0.7277966537479492,0.2925413158988692,-0.287970187499615,-0.4587856190109325,-0.28310814294481457,-0.38312336398327296,0.616095423681635
931512.0,0.3283725072406256,-0.8234049040188207,-0.16790300700457195,-0.4006200250526393,0.702918001119264,0.1998487892372376,0.6327177151438983
931513.0,-0.4619852614613833,-0.04411162461913398,0.8888156869530577,-0.5255813173949477,-0.16363884563432585,0.159822963496546,-0.9157463163791688
931514.0,0.7795627244400858,0.8030448625861561,0.2631782589695919,-0.9938587983898288,-0.3436433846351179,-0.6479061455851929,-0.3460873700592322
931515.0,0.48343669623124597,-0.7878507049010495,0.3475641507445295,0.5468555149971563,-0.07107916540655701,-0.37721422618925327,-0.32576281688795894
931516.0,-0.02203196574419808,-0.053338520676246226,-0.7646015990661981,-0.831004598718132,-0.1195857281875643,0.3446836547700416,0.4029190696514162
931517.0,-0.4716580562598893,0.20580921665696583,0.7858940591092913,0.24439776962107862,-0.7745910378523568,0.15570424695952423,0.803053827912563
931518.0,0.28423413276574205,-0.8310853815672494,-0.7826235242824482,0.7743016322321665,-0.26289078109737907,0.6688324393829319,0.7452749074060818
931519.0,-0.2417764829894833,0.9627895447431551,-0.9372188525750511,0.9246389562819779,-0.11194933627699477,0.4468006587293831,0.4063577861972154
931520.0,0.3181473455020234,0.7371042744226395,0.45547607054315264,-0.7791500860112353,0.311092609692353,-0.0430408432721725,0.5060882095261687
931521.0,0.04803917180794137,0.3054809797781528,-0.4162270472517873,-0.9206565721224709,0.7159421302527273,-0.13313712282623413,0.7995108212884552
931522.0,-0.8177832860913423,-0.8874972946777004,-0.9980913592939,0.8023059379281396,0.8214153141592224,-0.3032590186766959,-0.9798349711950671
931523.0,-0.07937876049769277,-0.5822010034020908,0.009502037406447839,-0.7316012489432551,-0.9140240493754062,-0.005189272123862221,-0.3757574191663011
931524.0,-0.059952076378499974,0.3571996710381562,-0.4823541827883244,0.01801025327924899,-0.26444544047311114,0.5341970753081109,-0.6068593036890462
931525.0,0.4556188266912935,-0.9803604247473128,0.38259683853177817,-0.8700697433388602,-0.8749138663602407,0.1833383653826235,-0.49290639364787303
931526.0,0.6239272201026573,0.4914498294725649,0.2984015542628593,-0.4953385080927535,0.6005553988079926,-0.8607335461191528,-0.34840408415247826
931527.0,-0.3264041457515441,-0.005546217948803056,0.08238023839853659,-0.6142620419849618,0.03782414552434599,-0.4303242910760059,0.6417888396506668
931528.0,-0.5496062385345892,-0.11047348604029739,0.8353278217054518,0.9000978683521756,-0.8329203336301054,0.16331246724902115,-0.05840106861755667
931529.0,0.7436352639155432,-0.9003488536766275,-0.5338394700744908,0.5153939124784377,-0.5906396259719027,-0.1537251732416336,-0.6096288516269694
931530.0,-0.9678028409059887,-0.9131323433134586,0.10091989549534186,0.8538816586227087,-0.04737572184362149,0.18024300371981816,0.7337661005069009
931531.0,-0.3695571340970487,0.15503800222469577,0.5349164363393024,0.9764747122314938,-0.09515767590131818,-0.7008635707888959,0.3083469808206567
931532.0,0.600134538098106,-0.1403055572946641,-0.07065378125132682,-0.04740309794244091,0.41745017241793403,-0.5410876424810196,0.8297660766268207
931533.0,-0.5942961901615516,0.10279586081911973,-0.4127896770881918,0.2038416834432566,0.8945656649375804,0.729207497000018,0.4688922738954484
931534.0,-0.9642000257520604,-0.9046881247780039,-0.21556368958271643,-0.40535433127117493,0.32312358726822654,0.0035587970182069384,-0.5426340463064185
931535.0,0.11315988144060207,0.3707156498901618,-0.058015604978280955,0.6472212284431631,-0.7759524690434545,-0.9130828106829436,0.35034386268926343
931536.0,0.4805627290292349,0.9688299128517799,0.6709530499367307,-0.18402798361030337,-0.6522655297819118,-0.7621342414029812,0.5782422798117552
931537.0,0.29825065849427257,0.1614264840374553,-0.8835793231200415,-0.9680250598789548,0.844945749674745,-0.15584392923212476,-0.8773103901793438
931538.0,0.7121668169240447,0.9824112469240318,-0.057617966003160825,0.39988528237486887,-0.564682178343541,-0.22734782894318095,0.786026186819041
931539.0,0.8460688086081778,-0.15010175213905885,0.46871126996135026,-0.5274839180443462,-0.23381845409150315,-0.42964539250447653,-0.20240392070692326
931540.0,-0.3914420612445877,0.00826603327997577,-0.48571689024225306,-0.5395544985284142,-0.7277406913361568,-0.17191408761712035,0.7418213978047234
931541.0,-0.2478912349046587,-0.5751581337634624,0.7257977075163446,-0.056358845384733014,-0.24339370298543428,-0.2223616890523492,-0.022413628672079078
931542.0,0.3938973422110257,-0.9668762661529391,0.47909539910538923,-0.47234389182912895,0.8167086012568632,-0.09787812438425925,0.09819620262497786
931543.0,0.7592051667487139,-0.5988545545086488,0.22670035476931316,-0.8058788450438665,0.6967442438384841,0.5383407977394548,0.9659569140757973
931544.0,-0.8275864502913377,-0.6209326172291383,0.7679134872671995,-0.6542246140600538,0.7156947505596887,-0.5904060679947121,-0.08854093401698582
931545.0,0.2618069528128797,0.24418266682613643,0.8999639434344431,-0.02499116338463847,0.6873691640161614,-0.7492820188274478,0.7702804112058856
931546.0,-0.7059256005838104,-0.027732761495625757,0.9200773092520171,0.7195285538129672,0.49803177238989216,-0.1648822936649934,0.8430695617026434
931547.0,-0.3816120007705974,-0.4239088950098431,-0.9699986178817293,-0.05570278636354442,-0.5504000212914857,0.5756608375526893,-0.14738671439991458
931548.0,-0.2650047384875436,-0.7297471018598045,-0.8551451027567922,-0.1226271335281397,0.33163079089828496,0.21737083400134494,-0.6386223145446683
931549.0,0.12206825262204801,-0.8065426009383541,0.7651342072307303,0.953206821809153,-0.28352929509948743,-0.3112583599448284,-0.8614350163080575
931550.0,0.31935888619506025,-0.5210696976292957,-0.24574734560769174,0.6826710231575741,0.9131149302746595,-0.3683697261774004,-0.10857937247986116
931551.0,-0.252612136014732,0.7742475959524655,0.4259296912670425,0.7464258015877061,0.11002037416537624,0.5751045991490318,-0.7630346659116414
931552.0,-0.021141201145708388,0.6963458241987159,0.46396807960984465,-0.6051106210771491,0.4453013073980612,0.7899157886320975,0.7297997485919587
931553.0,0.4371712740236353,0.6564888467369421,-0.6161616587817837,-0.985776507247341,0.14774092058847876,-0.5035389802251802,-0.5376995269446716
931554.0,-0.7093024734112752,-0.7026395669261649,0.5024112738448754,-0.9121277259215967,0.19696753199598982,0.1380456670425525,0.5466835508140511
931555.0,-0.8060218378246338,0.8437617785323981,-0.6349277117768686,-0.8292599090579762,-0.5829532212420008,0.018720948904445756,0.8436670752048334
931556.0,0.8306394762330285,-0.13951750718852374,-0.010471606351666107,-0.22343201854073125,0.8071268064057668,-0.9766596311714739,0.6276347379045211
931557.0,0.7860071903974295,-0.3989528789156356,0.8074989278604194,-0.013490496913761252,-0.9997816739293106,0.01945900969989256,0.15501709248790596
931558.0,0.18984570039968118,0.058066025786702946,0.20659625107357193,-0.80227928575262,-0.9229619912106597,0.8051632834077056,0.6585910404448683
931559.0,-0.3714874748794852,-0.6738273789244769,-0.8305207558989598,-0.290611856105373,0.6181176328571849,-0.9286478604486703,0.5215582387398361
931560.0,-0.9784616280157159,-0.04295368343606065,-0.8534109486488262,-0.723427105588996,-0.4062491296207056,-0.12086908873159952,0.21248957297124416
931561.0,0.934232351581644,-0.14107531856960542,-0.9812017308516341,-0.31941978539410765,-0.3788225020382765,-0.951227003476655,0.25305488048239155
931562.0,-0.3474128659935174,-0.49805868279592924,-0.35763024122290576,0.005123494205572454,0.8060906908257048,-0.11085713440640932,-0.6682777106816733
931563.0,0.3870907997511177,0.6965039513257703,-0.7926758166764101,0.32882031595817285,0.2894427233465575,-0.8756364176659022,0.28608506281579404
931564.0,-0.6313777982771993,-0.23921635227233518,0.3035867796847853,-0.7376025523057086,-0.031864407589204946,-0.3757803288364088,0.46940676322361763
931565.0,-0.051046762798393264,0.33950466133697743,0.06298770069289827,0.8191612784119167,0.4061837549345295,0.44435588106099,-0.33482863066735
931566.0,-0.6377916378550821,0.8701948156269479,0.7629506412295353,-0.329991211182322,0.5270038316034842,0.33464142429204036,-0.08923953787414285
931567.0,0.9827421093563442,-0.6840466939633729,0.11914774706403786,0.06668267362212577,-0.3861258867608215,0.8159349893620373,0.1918915661258156
931568.0,-0.9116232436912128,0.5880875671836994,0.49698553730310024,0.7424505764723652,0.17812470791854818,0.07796036949847984,0.41115545852221236
931569.0,0.25018468987132714,-0.13971753663707664,0.7732493499969766,0.635936549101864,0.19890518077117303,0.05589321726172325,0.1477449395930963
931570.0,0.70891159849981,-0.33466869311827674,-0.9473217633948328,0.6678671137103944,0.9937878224288235,0.3935562070380283,0.9049624849497895
931571.0,-0.7592271198350471,-0.7028701808729982,0.180317420142742,-0.40080416052875867,0.06069022722074657,-0.9494888784145656,0.23460599787689596
931572.0,0.09943494482395021,0.8884323363733613,0.15552646014799665,-0.7512827107628661,-0.3571966235010213,-0.6555179608411863,-0.8208904945725002
931573.0,-0.8721580028077467,0.547525506828396,-0.9344365792823677,-0.425889897345741,0.029825157194177887,-0.6366099835711674,0.8211286627244703
931574.0,0.0610937377008367,-0.07117929810520263,0.12283310824055538,0.7669099653524092,0.8572784431455671,0.013984907593150853,-0.33421408871636293
931575.0,-0.16385735229689313,-0.7570877654072665,-0.33809689483397043,-0.32595867760336805,-0.02927590306459149,0.10286815943212257,-0.8135431594756866
931576.0,0.09896077316142815,-0.23871882705918046,-0.766726016060296,0.5718906957026553,-0.7340801738231997,-0.010598348430605808,-0.9757081441644961
931577.0,0.500586262940603,0.7216941932118919,0.4479467327432687,-0.09131006269781916,0.04091453297605785,0.12422392712914698,-0.09934910325928148
931578.0,-0.7171851977346686,0.34950351343500174,-0.395638394032652,0.019197720196723944,-0.7752215946230729,0.0475552515248816,0.7856648964835158
931579.0,0.22691597732965163,-0.7331059422685728,0.5141689291213103,0.20380436910736766,-0.0015690129222774019,0.5109944718018402,-0.48888434497587197
931580.0,-0.3665695351514664,-0.3416935050593546,0.8867033108859861,-0.3536613150345205,-0.656682420058597,-0.04512605358112598,-0.10088649650310977
931581.0,0.02187194968641215,0.7886572870052391,-0.21279022079770415,-0.982680043319687,0.8849017120502907,-0.41260789455060576,-0.6060345706001773
931582.0,0.24909831697721674,-0.9865856264046289,-0.013577955128899033,0.5578231214805542,0.1744053199803708,-0.5905700666304283,-0.2317455986748984
931583.0,0.2525609376670166,-0.013940872534332405,-0.6415092980513715,-0.5773762698123024,-0.9394678057759924,-0.13204913593805578,-0.014597633661076914
931584.0,-0.9914085775060246,-0.09205277841234105,-0.11480314054888319,-0.4316848712325363,0.3586373683360853,0.7187415990603037,0.27440916107737845
931585.0,-0.7181975515788674,-0.06785998475870403,-0.4327673024847729,-0.8571131220576267,-0.0661780178884308,0.8179942203069612,-0.3088188925911206
931586.0,-0.5615837224222155,0.1032417135294621,-0.34200356714676516,-0.2491334913101042,0.26050315190280826,0.6839103868981111,0.539655066361312
931587.0,-0.6324888632289469,0.1599323896418663,-0.297992686628638,0.08674286317990454,0.8930328538783014,0.4910360071163187,-0.3942574866403725
931588.0,-0.06054929799577358,-0.13659305517165765,-0.15791521583887613,-0.2130332463544824,-0.9122242278408921,-0.9922090705118607,-0.012474609293285255
931589.0,-0.5681896639819093,-0.4492571410429773,-0.5498327194458241,-0.7956711579812521,0.3531954501997121,-0.10292275256814376,0.662972554128477
931590.0,-0.391991386482738,0.903088926601175,-0.1758411216497262,-0.8154797648454821,0.5143461699419261,-0.29764849889330547,0.39179459731143584
931591.0,-0.8220313590599009,-0.06320567521599862,0.5993633174301758,0.9751421206447222,-0.991927774777271,-0.3529950349491897,0.9700830066408292
931592.0,0.7969863992417605,-0.9025847858325917,-0.9774971449755536,0.19383107943078248,0.9470515651953695,-0.7390222939584961,0.9005915129964468
931593.0,0.29392290970047164,-0.24488830106441428,-0.7322681485831555,-0.04177483544002114,0.9208375316062296,0.16291905020065278,0.5714470694737808
931594.0,0.8754947644255566,0.5519952133300507,-0.5536734184050165,0.7931604648021908,0.38701173980840586,0.5600282215864947,-0.9252593615516915
931595.0,-0.6805986932241095,0.7521975101561222,0.7947514906455653,-0.6994037261710369,-0.5423002348865127,-0.8099818390986011,0.1617471302863771
931596.0,0.5107847570433364,-0.8266541969305425,-0.17705357127784382,-0.4424501114327537,0.4643160973505793,0.16305565591836535,0.9454812112058986
931597.0,-0.8384733200061867,-0.6398818375297177,0.42556551080425997,-0.20759735403241075,0.3067071274056776,0.41274242159802066,0.6693321241818415
931598.0,-0.07508208104417924,-0.8779805318244653,-0.39692938505852937,0.4410936505446901,-0.05743614590207313,-0.01196166070164506,0.43656972507880987
931599.0,0.08362421459590541,0.2480743948787114,-0.09706606140103635,0.5330848658001839,0.780684436220318,0.41678514137726785,-0.4163219371025073
931600.0,-0.45698075812461303,-0.8816982655321208,-0.5337758342250498,0.1964228591240893,0.25965747478019585,0.5049365317426011,-0.9454593521213623
931601.0,0.13945067147061252,0.02279415839464094,-0.7702695567238702,-0.3463441352249268,0.7173628258069136,-0.8205479994088449,-0.22546779537897854
931602.0,-0.011217150898477746,-0.8033346873006024,-0.058112841610030275,-0.27600092508486984,0.9110654131771305,-0.024361380257958754,-0.9691569049908755
931603.0,0.5611913011874097,0.975785754029078,-0.4066963798458374,-0.26597724891884145,0.22729420577241144,0.497045082272098,0.11900696506921338
931604.0,-0.4246949156344322,-0.6726531041532113,-0.0916584516381862,-0.24856112745980763,0.4192290064694395,-0.9310769677300799,0.16645125814708073
931605.0,-0.026872077452749776,-0.09790106055443659,-0.9113571087196974,0.04289787170368653,-0.3279498731390882,-0.49661198042577537,-0.9107735917767177
931606.0,-0.38345917800742013,0.42959639758982604,0.23191655086646135,-0.7838420353149245,-0.6611705372440029,0.7729388223502722,0.02620909468564081
931607.0,0.2860564284814926,-0.9871577575668558,-0.6366863664295443,-0.914544437385266,0.12631834999551428,-0.09698744778190704,-0.5059980876020236
931608.0,-0.5304369906799562,0.32765605166929235,-0.6611244421717497,-0.41333817978535214,0.5825542340370797,-0.9779473367762725,-0.9562084137337923
931609.0,0.12226969125023546,-0.9023300665219536,0.6466918067937226,-0.21293254215007518,-0.7832877335362822,0.04457572090642503,0.48982329374196065
931610.0,-0.24925048599517874,0.02777289096000235,0.785368553145599,-0.3517540266042225,-0.12516415016533222,0.9747577730963843,-0.005997656000608975
931611.0,0.9244177256544805,0.2925345600621587,0.01361450040637524,-0.21643590567076365,0.8174507302065679,-0.3352718518436253,0.2708637123244344
931612.0,0.13676670498251475,0.09774365196270507,0.1299926069074484,-0.9329341689132882,0.3208774324955279,0.047196913841002885,-0.26330901581216515
931613.0,0.557401597804658,-0.9827280066903017,-0.7376491513395904,-0.8356701618186677,-0.3251960070110862,0.514138605055589,0.19206858897646772
931614.0,-0.8892704724667617,0.08823036841682885,0.1878642675330493,0.03012290684654495,-0.5523628545967838,0.9660272426424539,-0.5382077876319296
931615.0,0.45704962421452255,-0.3266039297095107,-0.8442397376488056,0.7722645957200109,-0.09327594160705877,0.16989059840383125,0.11931310277238172
931616.0,-0.41686638129522535,-0.43133486682675204,0.22171319613825746,-0.7448219044964661,0.7810720389569459,0.20974977573939046,0.016645394508947087
931617.0,0.3751878442894665,-0.8137893320356231,-0.3829367424940242,0.9357139619588422,0.031144719409629706,0.25522600960134123,0.47598732118110987
931618.0,0.585496008720193,-0.0198909763837003,0.6076629879996438,0.7773710479516487,0.6374258756364435,-0.8047330193124076,0.8718543695190601
931619.0,0.9837618491332345,0.39968095727693864,-0.6706726958953757,0.42039657076132886,0.03420279070346144,0.9929597463178037,-0.13422380561539926
931620.0,0.4111372968354503,0.046921453319009654,-0.9747336252454732,0.9129975393668341,0.347476749312301,0.10145655833158851,-0.35412729128427856
931621.0,0.4468011709832447,0.7524003474485479,-0.010891193999699844,0.05242998645924013,-0.08858623687745526,0.49417346736895573,-0.23786102748550508
931622.0,0.8705782425471118,-0.45837664345632767,-0.8595849546629422,-0.1902951498012171,-0.7550097721737674,0.07086337117349539,-0.1478834385240526
931623.0,0.9936075885341349,-0.3758117219429078,0.5007483916795339,0.7196888529686329,-0.5516678688981309,-0.5225778144246485,0.9375648374561536
931624.0,-0.0708127701895005,-0.7548921694434043,-0.7784361578562193,0.6301258131934273,0.9368925665889887,0.6465798721718985,-0.6081228844522077
931625.0,-0.35565928594767526,0.7517588389031482,-0.7104777179435364,-0.36684228165612565,-0.5113855972382866,0.2864197570654101,0.6471024210605787
931626.0,0.5478543187598235,-0.8373560111455323,-0.12043376557242791,0.5623410483279614,0.24904634583684215,0.4359081506447937,0.300873561018848
931627.0,-0.0867469722358869,-0.43958704470907395,-0.4935024229850127,0.7952808327747862,0.6298375917659447,-0.07282734290091208,0.11034800634551645
931628.0,-0.6258002784254677,0.7868854339378362,-0.844644232910597,0.3656820750194847,0.31707937632163063,-0.8413587523855879,-0.4518840535308626
931629.0,0.30560966351200647,-0.6745288023800342,-0.5164338246788731,0.4022970699645507,-0.6885655899791849,0.19995429177392032,0.950953948634274
931630.0,-0.33407251440655994,-0.6380279264223399,0.2562196199196043,-0.6433581593092204,-0.16201001671694515,-0.9177213650966758,-0.36920070573638886
931631.0,-0.8699062068760655,-0.07414637146626846,-0.5241767292832402,0.19693596106750144,-0.7502289026882525,-0.33200168762918203,-0.011608680495647672
931632.0,-0.7190560395194725,-0.8159432819899024,0.6556460210503801,-0.9036842555866633,0.925662732422081,0.736445622722343,0.023580287927951193
931633.0,0.09997606272729298,-0.010270791729721562,-0.9577696235163038,0.05475796447199377,0.10212161044730839,-0.6108788779811469,0.8585105417979872
931634.0,0.16862471726252792,-0.6862692612367971,0.19676001513556018,-0.26247565657751903,-0.234782529030086,0.34268362065418256,-0.8356655390550141
931635.0,-0.1312279426654266,-0.8406993012363688,0.11325864413040088,0.5380139489869911,-0.44039582528591015,-0.13461884956882297,0.027838922996720417
931636.0,0.2630205198991895,-0.741025284055479,0.04235099817714527,-0.0633875868567555,0.5854843635414204,-0.20010168774072956,0.9386924375980408
931637.0,-0.9035971868558155,-0.34783079795295424,0.08556178245098756,0.6089387444845076,-0.6999551438885065,0.26693597314375217,0.9232268632151963
931638.0,0.0509378420044897,0.004888242046303004,-0.17981740059184625,-0.9239662155227684,-0.6953457037640725,0.19748820225632135,-0.7266361047623651
931639.0,-0.736557641062682,-0.10562157937305594,-0.4320101517306494,0.39895759526706276,0.6628825969362693,0.8557482717475549,-0.562205804849427
931640.0,0.6080222289998904,0.6090364594459696,0.5048412993793752,-0.22511967918355613,-0.35502527064996414,-0.9669323874318414,-0.7429024149341306
931641.0,0.04587468398672878,0.0376317293228825,-0.11509717558175159,-0.33740653937617804,0.3590968086762263,0.08040327085315635,0.13535314933981302
931642.0,0.1204401303942324,-0.17923240525166517,0.4273111589489651,-0.8408733881341264,-0.5061880315026459,-0.6383202587398749,-0.38404050335901263
931643.0,-0.5282834159141105,-0.2242098840122193,0.5759215495211629,-0.04659423514320493,-0.6303800945306126,-0.28122274236461675,0.6281373018749872
931644.0,-0.5283045235721404,0.9056762578994946,0.9321303182355813,0.14594650442484491,-0.11580438851057373,-0.22440635231013872,0.7433159620705498
931645.0,-0.22287232320455308,-0.9855613663476204,-0.24705124310658366,0.6605947168549984,0.49000348958754625,0.3459996271527499,-0.6438569586081593
931646.0,-0.3070892707912958,0.8531518638609175,-0.08796593863680702,0.9328360405698017,-0.03316247459434973,-0.6628455076640036,-0.23074148303709752
931647.0,-0.8555800173538997,0.13045280303210394,-0.5255832167110557,0.2723439295533694,-0.6454382114045292,0.5676310254181163,0.5415484163077291
931648.0,0.24410760319812952,0.4471050618956398,0.7516674884326322,0.9709693989946209,0.8912648837079846,0.5782785765000722,-0.2312394178584949
931649.0,-0.8767326124988915,-0.5273211030739278,-0.8140702713426335,0.3401188616439761,-0.2524537088198342,-0.6257658562574073,-0.17977258370240978
931650.0,0.06989995912370306,0.11940492711916728,-0.4388759712541912,0.351105606128582,-0.21273530374554195,-0.33020757185472305,-0.69534267574509
931651.0,0.12404852854208315,0.10701892894300369,0.6102644506991337,0.5793307642268557,0.4156066100022262,0.44807652482283333,-0.8931775580687249
931652.0,-0.160745301514726,-0.7148154835625244,0.9066879201031599,-0.8138891039936711,-0.22757998112101263,-0.9208770986592338,0.3384786646757192
931653.0,-0.38861375200116877,0.9582021746739426,0.9373436970059343,-0.1844052513867367,0.5474097888241136,-0.9242930027204437,-0.45772358095294385
931654.0,-0.8496943652985751,0.4567532068258424,0.04799084247809926,-0.5610276679323347,-0.13587606907050676,0.9735803942869763,-0.2135186108967504
931655.0,0.6145415664120795,0.05753728510665801,0.4426747758327343,0.6906585537509264,0.7518143912736814,-0.8699690553197514,-0.8225166388232041
931656.0,-0.07874601302632112,0.777099719246664,-0.8136250897779262,-0.6044667920081497,-0.8974611760638194,0.3304711387099839,-0.28029819780604415
931657.0,-0.4430539582983952,0.2559792093236499,0.2071812664127899,-0.5036577079549625,-0.34026433357584773,0.9665942308787276,-0.08436954488033499
931658.0,0.47648897373642396,-0.1315717144842632,0.8668481722522223,-0.9848657615399696,0.16760561431231302,-0.9816891612311758,0.40615225174872194
931659.0,0.9887449270619875,-0.5373888983822328,-0.19888460797059793,-0.7095681398531355,-0.9794837237034142,0.7055687225574174,0.7314801926570329
931660.0,-0.8392450755417427,-0.9614095505562836,-0.2579307480792632,-0.6655388412624823,-0.9768024238612147,0.22148423462176248,-0.27302895303111274
931661.0,-0.7609882686998601,0.18359366363648832,-0.7143556183548656,0.8715090339169451,-0.45928811528414837,0.7265084518431724,-0.4777794650501117
931662.0,0.606831383760791,-0.041499807382762155,-0.1350101215759152,0.49144478819759385,0.2549478590731906,0.899296543076791,-0.7510813928078259
931663.0,-0.43739387732030766,0.3718046926628902,0.7472545966338067,-0.08601751214787368,-0.448529582797099,-0.7790510171070244,-0.07862022322758389
931664.0,-0.41982869696948755,0.9616315329219707,-0.3856102358967193,0.6413420303641211,0.5204437405430582,-0.19098034140603382,-0.3649782952276981
931665.0,-0.08333275790033334,0.32697811206516025,-0.7175318559072188,-0.5152737072436777,-0.968458980646552,0.6395681812005647,-0.8651640523174466
931666.0,-0.5225015678249445,0.7768103331513514,-0.8869393094252607,0.0521189739068475,0.40482446313700526,0.31750535862072193,-0.2302747393701967
931667.0,-0.1466404243116528,0.5882691542473679,-0.26192893230156233,0.9023461205902346,0.8183284923058025,-0.9114784394659339,0.5244247824325916
931668.0,0.08168976369911118,0.2764207036115516,-0.16202438512585315,-0.2600067187933124,0.13055600672954149,0.480318399869758,-0.016763873322456435
931669.0,0.9956111611152043,-0.5313106181368166,0.09244890516140947,0.9643813146938682,0.822038123169184,-0.3354000465239013,-0.8244840912025013
931670.0,-0.09833763764647574,-0.8921768097126161,-0.060175252972127335,0.05971005530241058,0.6509395103222637,0.2214881268244544,0.7761632170949251
931671.0,-0.044658047623316044,-0.3026936693506852,-0.6132411525514785,0.2133474443094303,0.15604815514464332,0.39324516797260745,-0.7728512490868698
931672.0,0.36030967345740494,0.05798818888630364,-0.29980691495082024,0.04973677389343223,0.7067057460566732,-0.9841429268223167,-0.6685737250187684
931673.0,0.5352809291044249,0.5923878989090077,0.49450460054012857,0.5515518561344082,0.5768810236078652,0.23428035831772753,0.865236907551516
931674.0,0.18612409627230586,0.8657446943213212,0.5212511417141128,0.6708079236614213,0.6611746740882736,-0.423118013011051,0.9245554847681527
931675.0,-0.6077432064817518,0.24149252756424278,0.31899865236141944,-0.3750546805901984,0.8457553774689617,-0.37367258425863814,-0.6373597020046129
931676.0,0.5050024740656249,0.06941664270132364,0.688195699811218,0.32272939713609783,0.06862136892363013,-0.8231906075976283,-0.38212953934878335
931677.0,0.5044281007079858,-0.6346014288829112,-0.9920251623670713,-0.7459657284448875,-0.4864455007503705,-0.8842211228069166,-0.5830341634682195
931678.0,0.9206705125116976,-0.7732270745272873,0.9464706186107374,-0.20854850805651237,0.9964357461269049,-0.3888622238531161,0.7075943336064552
931679.0,-0.006736229084796097,0.5323510588334452,-0.9063238611716227,0.535030660154614,-0.04068398934474948,-0.6406843579883184,0.32308112390941046
931680.0,-0.3440356092296859,0.4626796047897377,-0.5231401494952903,0.06116451070492057,0.9871296713001558,-0.35661975505806565,0.02847609517309957
931681.0,-0.6911119025357646,0.9042054868484373,0.6682609655088023,-0.5220955518604222,-0.8639644614770838,-0.991235178638245,-0.6031469030792989
931682.0,-0.330898893946874,0.8493317583511968,0.9476940073387161,-0.039913260278432894,0.43381959517263957,0.45146934180827847,-0.36975337135118536
931683.0,-0.7492275071727048,-0.9314823072458625,-0.48690631157189523,-0.09554541174590803,-0.557188021506617,0.551236323056592,-0.30235399516254224
931684.0,-0.5618469188310637,-0.9324824295991321,-0.965344383701616,-0.498778436955855,-0.6896590078834315,-0.6279448821885178,0.2866695547288529
931685.0,0.09185856989888497,0.1786144634733804,0.9058722274063902,-0.09910359746830144,-0.27364993110237035,0.784940253432173,-0.6768997797401124
931686.0,0.8237298819559982,0.8051831649319663,0.3884680409836194,0.5508072335745653,-0.48448085303345256,0.38040090745648225,-0.16505401074572346
931687.0,-0.5792869674087824,0.7579273473831136,0.6556639533252662,-0.19420255519257745,0.07867535241760515,0.41810870327832683,0.03533944418613566
931688.0,-0.4098343125678179,0.1290135881739285,-0.9770731156304928,0.12099654929189674,-0.6556406329009516,0.5884205363862773,-0.16648160752644126
931689.0,0.8297620077197421,-0.6745643156661651,0.675334754778431,-0.7144764703873576,0.4376270163281959,-0.7279595222076174,-0.2808101591655421
931690.0,0.9188118794627578,-0.3751980241729058,0.6802942734136512,0.31532009755849866,-0.9768106516429647,-0.8208585376369455,-0.1695614436789723
931691.0,0.8098858525206136,-0.7564737644419599,-0.10326327244015832,-0.3246134571407193,0.7985630284159058,-0.6924478472542372,0.11792350489093106
931692.0,0.3132549014349051,0.9514835345599135,-0.32173128930954853,0.3112306506018092,-0.721858730264592,0.4884753077527155,0.165895768504706
931693.0,-0.5289661286962022,-0.6806485048065349,-0.23417310725913199,-0.44079809067556286,-0.9441603619749566,0.2746303687573366,-0.35392999369602607
931694.0,-0.39264365256796396,0.18223808186780066,-0.18511479356869498,0.9031381655683304,-0.6846834855305204,-0.209855521121997,-0.4757870837324165
931695.0,0.8159498046207971,0.5127709906673263,-0.9290538257416829,-0.5950580493794344,0.6276142589002258,-0.38591535392798226,-0.0047753419623477456
931696.0,-0.19790563058420507,0.08793070071147202,-0.838362471154803,-0.3654775560075749,-0.9174261940705812,0.2676956474682528,0.4420219510940151
931697.0,-0.3748962567802405,0.5253065692869989,-0.74711653726906,0.44359125927630494,-0.11280802254580014,-0.17806895768839914,-0.07145757463802815
931698.0,-0.6837722896296863,0.2827782001289352,-0.7930938726023953,0.1824395362611957,-0.20776384721492747,0.942245576930264,-0.3360055058909486
931699.0,0.8464471540939125,-0.8925328788731925,-0.4376611111791211,0.8678789326713303,-0.17502959790692807,0.8755136126006673,-0.5707049768936441
931700.0,0.9941751960052723,0.909947446550222,-0.5294510880824115,-0.510373818043222,-0.1600724966654441,0.24452361520835186,-0.3093731451491941
931701.0,-0.6137378413858929,0.009794733260770405,-0.3208201431630351,0.8141512762170413,0.8886584714391945,-0.5275021218129732,-0.33566124094788585
931702.0,0.9411064499041213,-0.17861530791417835,0.06153243689276011,-0.4977486960186188,-0.23847089762621,-0.25384655172931514,0.44623416909406277
931703.0,-0.23681514206390109,-0.9824181272817818,0.35194981217484256,-0.060449468555229924,-0.8573974248019116,0.2141529739567649,-0.9744561721645038
931704.0,0.16115817611059025,-0.1617334074335821,0.7599239313538544,-0.4395294921352917,-0.4028954582518256,0.6497950357917559,-0.8196003223104473
931705.0,-0.7875231472136863,0.038406355815103765,-0.2887827654650237,0.1947226116075551,-0.08725859212356446,-0.5620471164965419,-0.0987323734314447
931706.0,-0.025351448738774263,0.6318598645764213,-0.641331795562341,0.5942832892913388,0.2095873694778414,-0.14486284916463754,-0.02196717102720136
931707.0,-0.3998470947039032,-0.6058877445558617,-0.11727877575361978,-0.1701734521318412,-0.45535078437336063,0.5069438889615236,-0.9493233027242518
931708.0,-0.7194155080749931,-0.1454439251835684,-0.9152183482838214,0.6610188671182349,0.1963911465703454,0.797471940099147,0.33074395664427403
931709.0,0.26977001292314906,0.5294854594766163,-0.6817063916509181,0.8133417136789978,-0.041199315312855145,-0.42901024606945337,-0.8300238052287083
931710.0,0.5364274503985216,0.8491168732677363,0.4978969407825813,0.6470500335218123,-0.5663400391682036,-0.21870254173340586,0.4372290145701181
931711.0,0.9346057921773774,0.4122878955159335,0.09462371621798882,0.6988419246929518,0.6469318924417822,0.010121397668089838,0.6130592286815202
931712.0,0.741906933887049,0.35895514195012246,-0.1848093914257014,0.24840377446397155,0.2939440825850965,-0.8079987614122608,0.008298422370677017
931713.0,-0.018331644846615758,-0.36175708262802986,-0.2521902358046164,-0.8247295536006056,0.3791909553599213,0.5334178907188878,0.7942139863834379
931714.0,0.13775227648185506,-0.6328169128220735,0.020393067738031956,0.4764542895184136,0.4322530415600261,0.24074822939873086,-0.6588029110415159
931715.0,-0.6631762768342582,0.6287250525702812,0.8411149983867785,-0.3855916734554401,0.7910155149576334,-0.6638641488485038,0.15604711883785982
931716.0,0.3706199527808436,0.9653484663434231,0.9649545155594783,0.593838690912905,-0.574445600593815,-0.23361422139372356,-0.313136237388582
931717.0,0.3699884158117419,0.38279000303330335,-0.8246733994277307,-0.651524937070554,0.2244121410508566,-0.9856801585807404,0.10650024151600146
931718.0,-0.8538781596576586,-0.5333374871604413,0.046489783935623086,0.9822539469070104,-0.05384464509167253,0.28572398224999707,-0.5483997826638556
931719.0,0.12656156423525977,0.1702336021808808,0.34777163039395753,0.31428071540107716,0.6694589918404386,-0.5248207328582879,0.2650051908514466
931720.0,0.8237348205890542,-0.09201920034117816,0.2623508249661808,-0.4387947012254594,-0.3988134407130248,-0.545153517064638,0.3094086805526355
931721.0,-0.1628112189572426,-0.23694757741667716,-0.5070431434539,0.6923563633753862,0.46174898193293257,-0.1914818448782265,0.7816317551015117
931722.0,-0.8817428831798122,-0.3747362010145834,0.1317494342910983,0.7015899475652789,0.7156974697665757,0.5413214991072557,0.63563139732703
931723.0,-0.6851195077515932,0.02110259346109178,0.7436264385646445,0.9310166787190512,0.05574074279266683,-0.5174549485184201,-0.2731127061735923
931724.0,-0.10226311287479684,0.9894511258183352,-0.2521541643021812,0.9517976177140666,-0.5038821678402845,-0.5727624733672032,-0.4545106803231067
931725.0,0.15745457163853382,0.7232143476996522,-0.03869540689349149,-0.41747658458868453,-0.7871011709090638,-0.2586876543021328,0.1260624232526888
931726.0,-0.7458345646335085,-0.15548864890252379,-0.6064899848489289,0.7076351882897216,0.8270931048409371,-0.356968166808989,0.42222177528578064
931727.0,-0.9518337648060013,-0.6820250361794051,-0.8250790718837504,-0.7085985286492191,0.1715194436401657,-0.853275645588466,-0.09164152124324687
931728.0,-0.04795628298944932,0.7721343817080824,0.8383031911926544,0.8993298537442338,-0.871538392699289,0.7284531461196613,-0.35029936041904985
931729.0,0.26872369499237836,0.9075685772322895,-0.8959290945371443,-0.6240567354379061,0.5317553587889683,-0.893432414891772,-0.6654559794377615
931730.0,-0.5962727736925191,-0.7582518305894239,-0.13484227049823305,0.06804358809409994,-0.3822605020990073,0.41819559806058826,-0.1676171932782855
931731.0,0.6013771345870038,-0.635306170503166,-0.16154369262584978,-0.9997858740498933,-0.8230622894745097,-0.8718997074047232,0.9448716590289206
931732.0,0.4777314272873052,0.7679145882881728,-0.733581307972863,-0.20087904734896522,-0.9939206690530982,-0.023809411358791444,0.13644518364524694
931733.0,-0.18001979518683098,0.5549852658744294,-0.6359102431501249,0.3510175315309991,0.4808865100890416,0.6231259126429116,0.4309586985032796
931734.0,0.8329533038573924,0.723547452130354,-0.15233704668396197,0.0671292654238016,-0.018700943534019077,-0.6717507392366591,0.4266714363251669
931735.0,-0.21223401440354173,-0.7912160783009214,0.35289067060684687,0.86986479393652,0.022014624885300815,0.6408479979606487,0.5257042710114233
931736.0,0.5296774728547808,0.15009038844833866,0.9543710424505125,-0.6175248646115798,0.9628192607479551,0.1881554358701969,-0.9485728343558011
931737.0,0.9323314488803265,0.7452399484595555,-0.24608708314962469,0.4069331463647188,0.4922716384977983,0.5398668637463979,0.46263947823045193
931738.0,0.8807779448475335,0.5148793146155248,-0.4555658517056882,0.3279152919374977,0.09731911929551362,-0.3318056296670864,0.6076338206856182
931739.0,0.8249090435607143,-0.24795353220137795,0.060895529400592174,-0.9721522356103696,0.6249734562505642,0.31270109727882,-0.5733868922104937
931740.0,-0.1557794490550246,-0.14656065948021202,-0.26028126290605336,0.21257006338232842,-0.8828131456200303,-0.28955807785374454,-0.867471060647024
931741.0,0.20376305152764118,-0.5809831865969473,-0.4990648462704885,-0.8640478212126612,0.6233156074782726,0.4399953443290907,-0.14508281993147532
931742.0,-0.16120647904191276,-0.5840869689226824,-0.35649477508116556,0.759681317177989,0.9042653483395033,0.7136383051638155,-0.7474991634121917
931743.0,-0.1810241423959451,0.23862629107300148,-0.7473522227660991,-0.34400025658621125,0.18777951313627295,-0.6694484647063201,-0.48759858522453636
931744.0,-0.14872437843632724,-0.8749598848674491,-0.8674019481896291,-0.27568856658615504,0.15404422276746765,0.03224645517442948,-0.2547560488388614
931745.0,0.32612161504307435,0.8310571154221391,0.5498873097788919,-0.8276696062032596,-0.6484277065129069,0.07443680376831274,0.3908300444205366
931746.0,0.0924934096697001,-0.32848744272263897,0.6235720484212328,-0.533022941608079,-0.017913035906085728,0.22705701973493797,-0.0009274595932229346
931747.0,0.3906476603802205,0.5726993623694108,-0.4888769319327777,-0.14766920023672614,-0.6482336682219227,0.10173520527987479,-0.7892361682310525
931748.0,0.36389059203873564,0.890042721433778,-0.252149467160254,-0.5654772565126358,0.8628577172478178,0.7494011236887754,-0.816685917595712
931749.0,-0.25853308474442804,-0.4388785669497175,-0.9401936254151309,0.9739442239772287,-0.32352698148043113,-0.7966102333837606,0.5061413329512121
931750.0,0.5170119559190427,-0.6068773005685664,-0.029362953863568242,-0.5708417242124013,-0.7726415246026817,-0.11532998249645088,0.15939912110782517
931751.0,0.5739775587130593,-0.7470259154703467,-0.846673402797008,-0.3583534361708598,-0.08426422604843808,-0.4956456333070456,0.6177493469577349
931752.0,0.5585426489529695,-0.03189351497321602,-0.5277149812930506,0.9061631819925837,-0.3852688599051588,-0.4619216144970659,-0.21640861857831917
931753.0,0.030574017641715523,0.555441423206634,-0.3701600248976773,-0.01821729362311908,0.4046986646986084,-0.17464288748099288,-0.23488479277589724
931754.0,-0.983528515923012,-0.7670736900479775,-0.45434334259866316,-0.7581100656141233,0.7460919946005866,-0.8207539906396013,0.9012955960598126
931755.0,-0.5290074190889253,-0.7237816413706257,-0.8497522880122799,-0.9041378468348618,-0.20372688731019184,0.44485356986833713,0.01713603356086546
931756.0,-0.8147502338271992,-0.7051144320253899,-0.11169544424410827,-0.5928081159356491,0.6220524764042781,0.027669647010055476,-0.23193525527544012
931757.0,0.012369424859436595,0.517102101006631,0.23430898276426126,0.3762637208928401,-0.03158744953412995,-0.4409556269377535,-0.37226520680867803
931758.0,-0.12083265001239796,-0.9261147530444629,-0.029619661146368603,-0.00486374695788383,0.2781261817971443,0.7492252333767393,0.646867471350834
931759.0,-0.0017954180306751777,-0.524594557333383,0.11055878065501168,-0.7177585113130431,0.6100136019288536,-0.3751327811146805,-0.8137994041763874
931760.0,-0.6381498267029917,-0.31065278856092493,0.8588863209306263,0.6642562641823022,-0.2682447354238531,-0.09859994191176424,0.7344936813722442
931761.0,-0.4499864580098598,0.8947732570378817,0.9336840173368623,-0.7128665283413647,0.11713111903597762,0.7971535849709905,-0.8383946196242764
931762.0,-0.6518890077485431,0.8701762272752955,0.5860772021654737,0.9278618388559565,-0.49496138659311373,0.072124700829163,-0.2710327735191753
931763.0,-0.2194327000887657,-0.6659473743967785,-0.33045829185165854,-0.9918741713100687,0.6304849275632727,0.8840780225179117,-0.4699794046214143
931764.0,0.5794070639881055,-0.17580381634257414,-0.9214913742711939,-0.053438203719144095,-0.33537186668612695,-0.5532281095928144,-0.9746493662181115
931765.0,0.5711034867808034,0.6999996911564133,0.8499882382034301,-0.6182526570683349,-0.8637999931860338,-0.7183649163898385,0.8429637407538941
931766.0,-0.025936589585837666,0.33773364695311625,0.9064536784646542,0.661826471607329,-0.6250580257980891,0.7827821888907651,-0.09990347744734707
931767.0,0.49361254237266383,0.05619192696122699,0.8210006861744896,0.7611446487283868,-0.011562016101442696,-0.7384557381201429,0.3955506280311847
931768.0,-0.24993750238788048,0.6810997307772346,-0.5256401539720854,0.06075418513944064,-0.3707749012164254,0.009265832048423794,-0.8580006741767117
931769.0,0.1855480684081623,-0.5448139778032719,-0.3189049976298719,-0.4681453628771559,0.16442952500161523,0.7521157861746297,-0.7422465231119855
931770.0,0.7542621317437781,-0.923319500861564,-0.16341358758089597,0.8601968022584872,0.11678062412469115,-0.16499785205470707,-0.9533066121368035
931771.0,-0.6250128245153241,0.35888476267277625,-0.7223016874898169,0.14909366172953264,0.40392271688775394,-0.3853172251077501,-0.8846620835188472
931772.0,0.5351313720528801,-0.8565839739303074,0.33626472135725827,-0.594330006856828,-0.906149660018948,0.5516445204185532,0.6750073144949849
931773.0,-0.7995020169527414,0.9364974474220495,-0.6934953118790659,-0.25632872360060377,-0.46029474678561,0.18839771230942381,0.19580008366650148
931774.0,-0.5075626627285592,-0.3028626080925705,-0.4733249306141043,-0.5637523007022491,-0.8281727060531989,-0.0391987428170093,0.8306242753145279
931775.0,-0.294055580689486,0.7159101214029089,-0.5080735270886474,0.7657895545669349,0.24944286196152565,-0.8877290575814858,0.7716860952056723
931776.0,0.7294249620535307,-0.6769128865059182,-0.31465430910861025,-0.2907463937846906,-0.5926804602335729,0.8444807581107958,-0.40839702396678734
931777.0,0.762367570742513,-0.7069096099800429,-0.5551765256834398,0.7351435610035992,0.7617870398362476,0.305990877853094,0.654852763732674
931778.0,-0.0760138246948805,0.29920476252877215,-0.7293995063196104,-0.3623673431512986,-0.13593834628806545,-0.4727308542852111,-0.9973460187416259
931779.0,0.5366900245334612,0.9114544717514363,-0.44571158414018575,-0.2470762195463927,0.6355460538602746,-0.02095215658839944,0.9630428632199799
931780.0,-0.628002072342899,0.03102955985410949,-0.0369487629361549,0.7892422732533624,0.3983117115281949,-0.8311408339836717,-0.6655845518535526
931781.0,0.23458854911865235,0.8002436916625297,-0.12441529432989107,-0.35716561400388747,-0.5846016815925765,-0.48277308308358347,-0.7720931190892615
931782.0,-0.47630819027624405,-0.8762582611586294,-0.30918952172656344,-0.8385398121185619,0.5940323627500221,0.3844055563684494,0.27755029795697195
931783.0,-0.23239266242216083,-0.40781438667484116,0.4106894389321951,-0.6107025325559801,-0.14912528318637008,0.21605870751616907,-0.9676616157890456
931784.0,-0.8769736353608988,-0.3569882498082926,-0.5177478019882653,-0.3279519619746656,-0.6558530645769212,-0.4183932672748465,-0.8620258101023506
931785.0,0.08773664042709339,-0.7306206567402951,0.6602470274097929,-0.6387593198083987,0.9562083800372476,-0.6582884069035368,-0.9346446112184243
931786.0,0.2689344396515032,-0.7110343949415441,-0.9702043536657667,-0.3436091666664103,-0.20149501081334042,0.31434520927589893,-0.015245254306404332
931787.0,-0.21714748805831507,-0.05293693611700334,0.1926751010387744,0.4243735875427792,0.7156175707176395,0.056778222637772435,-0.009723960163918965
931788.0,-0.42155946177396064,-0.6573155967595352,0.3547940109703187,0.3106775735372822,-0.3583780265138079,0.7087064098774445,-0.05418961991655302
931789.0,0.7348095266511947,-0.21529274241815388,-0.36720769729617997,-0.5227150554297566,0.7222691240700854,0.929145681028203,-0.15168544269642448
931790.0,0.4623820008308248,0.5003594806193861,0.9796443719238535,0.6184767157193221,0.8342749378223175,0.07366576125085045,-0.6688435916434605
931791.0,0.5537257430396478,0.286189070937358,-0.44526153000311597,-0.7198094618681545,0.6590975399434573,0.3168403150779924,-0.8379613495803817
931792.0,0.6491967004271855,0.48904785412137164,0.1800835183143057,0.32457571216938597,-0.8079330959680917,0.70545819787762,-0.26181931852684714
931793.0,-0.23945597862179246,0.1274636644527829,0.8248287153178964,0.6011406069412804,0.8858740210483238,-0.07314234113106455,0.7106394362888326
931794.0,-0.5771392304936616,0.4318460150300145,-0.2717763265139568,0.23672966160835318,-0.16739065011120347,-0.7954092521507345,0.41752793098559327
931795.0,-0.28175162898785167,0.1929627041209656,-0.02549745000298209,-0.7489033028318748,-0.3372860667622102,0.37479168021090636,0.8963434203857439
931796.0,0.9361126116830167,0.8776610701116903,0.5011609471023903,0.6001654156330791,-0.10433617165239517,0.09222495480685211,-0.18627883250108934
931797.0,-0.9755058649028623,0.9500102914861872,-0.4331516616031179,-0.2115610955237479,0.2843933775453962,0.8348194354024145,-0.5245318398581997
931798.0,-0.800723407245733,-0.697263960144376,-0.7329414373077423,-0.4842933059498098,-0.8731992007760931,0.9065320020944507,0.12551899015849566
931799.0,-0.5711599685043345,0.30479025297102647,-0.17993617927100614,-0.8015682921280969,0.31306017790831664,-0.8302062966084305,-0.4425174649476855
931800.0,0.15266770539175734,-0.8969120519474874,-0.2766509447498511,0.01371131559234251,0.7777228418790845,-0.5010330254383473,-0.5800683167602585
931801.0,0.8751877369672576,0.2684104764052704,-0.19633467192670162,-0.7253173520676721,0.05293348550664878,-0.9318664097391871,0.6125819648212432
931802.0,0.7519304783925951,0.9085508909337008,0.6144093608432586,0.4655574120986239,0.3902439254823131,-0.5014416475181143,-0.20642868423667937
931803.0,0.176142040754661,0.045395291668138826,-0.330534617069423,0.12253292112034075,-0.028576674166024496,0.9568802716402414,-0.8535009370081525
931804.0,-0.3959933949291474,-0.09317165191737553,-0.9412664124594652,-0.6994576819855287,0.6977746932439735,0.8318522856490955,-0.7450896735102024
931805.0,0.6720043263690201,0.6253115557617919,-0.5879624726186783,-0.8255609463594278,-0.4043362294142865,-0.2678239894467376,-0.4726535040001434
931806.0,0.9154619899990533,0.24049855953205013,-0.09082556209727621,-0.589757964399926,-0.47521314153732974,0.4957402922392191,-0.352917455879844
931807.0,0.9387928928060305,0.8184972459601558,0.40056404967303827,-0.5628078628510826,-0.18677008771132164,0.032071468149952986,-0.21218047293265507
931808.0,0.9042647837901017,-0.909305515996,-0.20349513012396447,-0.32752257561645615,0.5062148308645289,0.08741624595794151,-0.1750127181573078
931809.0,-0.42373539544216965,0.2072104875933931,0.5116797363398069,0.4363237170758696,0.18193638360107278,-0.07865332583559237,0.402339877472081
931810.0,-0.24345151736216764,-0.4425688393820164,0.29403534902832984,-0.5965686554912255,-0.8053890566362056,0.9648529755554747,0.4367584406682119
931811.0,-0.05678389329397793,0.38335646801283185,0.4545369119848153,0.6185526231978267,0.1592932124385713,0.10645384347738984,-0.8971862565209194
931812.0,0.26688559488054464,0.6011540608827233,0.050313308016035396,-0.8123230149283778,0.03998952107678977,0.6800125133705739,0.9917239157631743
931813.0,0.577642080293139,-0.7931532722254655,0.9186665073251197,-0.26409227579728767,0.8331459257365255,0.7502893530853034,-0.4755384735235222
931814.0,0.8485942340481614,-0.6314963144928958,0.7922889632079588,-0.695960685202275,0.21659061339709873,0.28112937506126334,0.4900581814402549
931815.0,-0.0799968736514296,0.7077262832219293,-0.3549777261175282,-0.28647524336645813,-0.8927796397290879,0.07537920911938278,0.5747564437463333
931816.0,0.9334286961998479,-0.9017287234608202,-0.08582236476037264,-0.7691828742431912,-0.6515064284944301,0.39944181136709034,0.5240427909314933
931817.0,-0.7069507696769666,-0.18329301802277964,0.06388533235169191,0.5153091833518493,0.8242777329881747,-0.20266981583115062,0.34062254813663495
931818.0,-0.7108430377358157,0.8470854584339178,-0.12495123383027096,-0.3742163421333693,-0.30835198227448335,0.44660125610911194,-0.49615305966090917
931819.0,-0.5284732683018163,0.6161840081566425,-0.5099139332017075,0.8155823687528294,0.6564626511924598,-0.4441003452185577,0.38309137162732054
931820.0,-0.2255525329272028,-0.9756778081138822,-0.1912796618175021,-0.8647138187307168,0.7992666075261174,-0.4659835681124411,-0.8614390694664109
931821.0,-0.15819725238008453,0.8101499403936605,0.7285908950051487,-0.2690227257772235,0.39252434682096204,0.6292962152977362,-0.7006945887396092
931822.0,0.08137714649792649,-0.179178080258388,-0.31375640090370216,-0.7329210508975545,-0.4545805944599606,0.6715946281370069,0.06723329337580286
931823.0,0.7195289689934719,0.24925075225894955,-0.8378819265323132,-0.8453617493500805,-0.4022754939043809,-0.04078047296251297,-0.13606845252406896
931824.0,-0.9297855118994487,-0.9127878585466014,0.5157837490519617,0.278786560057235,-0.6070106120721204,-0.017003591398309092,-0.8206073010755515
931825.0,-0.6391088884065264,0.20705157955665232,-0.3882972632261914,-0.2476986723804202,0.24280689863308158,0.06423002853559368,0.4421744652938875
931826.0,-0.28293524838748163,0.4308525426622294,-0.37987253741517324,0.46218682248409504,-0.9235404778659204,0.08757064178797802,-0.4909997008982194
931827.0,-0.18320705729416975,0.6641030180240166,0.9175888566359116,0.2685985520557703,-0.069035184342775,-0.26199656605205957,-0.5994000760454257
931828.0,-0.4537849224282211,0.3371173897799047,0.7141153120674038,-0.711386750423523,-0.8604566498258044,-0.4354236011313797,-0.08037369766874325
931829.0,-0.14342130762534233,0.1534573853057022,-0.5416774820105374,-0.05086188332181796,0.045054007190837186,-0.3980218633948531,-0.7105824426582217
931830.0,0.3048779314077952,-0.21390076333207708,-0.6426083062064876,0.7779216008234822,0.9675312866541974,-0.4238034933453878,0.9991582370293255
931831.0,-0.969668109648546,0.5863525849241693,0.32061341031539636,-0.9934169777482653,-0.06355101773978955,-0.7156294256053806,-0.5502292901855765
931832.0,0.22384699346653658,-0.4990816695061291,0.7167538250033838,-0.8464423299968007,0.3041782358496796,-0.6863401769547661,-0.37273746566311594
931833.0,0.32755379987753264,-0.15338406737664823,-0.3810144196249481,-0.6798857682985051,0.7031452823091338,-0.3875148883038608,0.4192245614332022
931834.0,-0.21297566992772388,-0.10748901754222473,0.9100548147441809,-0.814589496835048,0.38751016333235544,0.8913170002328963,-0.3361374256552603
931835.0,-0.6904583374670175,-0.45186482094809777,0.2906824294691388,-0.15480537456704369,-0.9216181824752152,0.24434418682174663,-0.5598376184910079
931836.0,0.10790294895424357,0.7542441796357024,0.032281998039314086,0.9033169252069375,-0.4735243265244653,0.815232884182997,0.9426682042058718
931837.0,0.5881436641763769,-0.8664581679593342,0.24192501367886798,-0.028226378860177315,-0.3183648595886066,-0.26644138966026243,-0.4301761851171717
931838.0,0.3838838581304993,0.8068215378007051,-0.25008434519219147,0.3340251550244395,-0.22386396970304911,0.48852759265747014,0.10704428751907424
931839.0,0.5761576420663992,-0.7090566748640841,-0.42499158067829557,-0.18591071341444532,0.3177733218093277,0.2869749659251284,0.27721526916212635
931840.0,0.45269188705509444,0.04228110988032796,0.6353759318282743,-0.4574107762836175,0.11655891112784467,0.2593995114967582,0.11819525620251126
931841.0,-0.5761028804159289,0.4305738202125826,-0.6629143220397484,0.24510615507717937,-0.45220142627047455,0.19652811378100976,-0.3747814160886296
931842.0,-0.9507005403549931,-0.3425878669130955,0.8156721169074559,-0.00993091536675017,-0.4548051143006111,0.49544440770985254,0.8285831196192834
931843.0,0.16380338062078392,0.763381660198367,-0.838637953803667,0.4685206993497264,0.0873941606821993,-0.20738033217655838,0.33260481050494684
931844.0,0.26657712316077387,0.2040591662787894,-0.10776403666611878,-0.27755757100678613,-0.180466583215098,0.5528123028559406,-0.8480076257347946
931845.0,-0.17925972431808979,-0.5233394331635559,-0.6451947192770477,0.678254002608667,-0.4490977190498775,0.7032360989908351,-0.07040977431113649
931846.0,0.05556678763020817,0.6408123166920723,0.295322028220512,0.4224690572233847,-0.939299489348401,0.3553807450133104,-0.01981484575510528
931847.0,-0.7683728509164243,-0.8412339059023342,0.1444984718130511,0.6783867343756953,0.46227771956465036,0.02405142562604068,0.934825393698987
931848.0,-0.45546096794513913,0.11122290631466902,0.0236718198432877,-0.7497269908092654,0.6999890042429027,0.8354829694246837,0.9409109448920627
931849.0,0.9903661918393798,0.5826055934927048,-0.10736016924595693,-0.637720157354053,0.03391184223113619,0.14865667771033642,-0.1879614593272647
931850.0,-0.73949631706962,0.6464817741762494,-0.23937105894822097,0.08811441440649359,0.029869716926056,0.4778963264616576,-0.37342241885134175
931851.0,-0.4102769681046621,-0.5995046592912896,0.09687349079013985,0.6636887783864587,0.0548341078414909,-0.030450936574777154,-0.43065444224510285
931852.0,0.049621763873616054,-0.6175170185013263,0.743671076952864,-0.30879000064408135,-0.8024491777728615,0.47884618115365174,0.10295355400905226
931853.0,-0.16410101635168428,0.7019974169851912,-0.6676581691873849,0.8000861570454905,-0.22676969230457256,-0.5588856559187918,-0.8710706519431923
931854.0,-0.7267322845398558,-0.13093284923724835,0.6393903809410761,0.13291272630672202,0.74472241725886,0.7913231238742464,0.8962665327014119
931855.0,-0.5081469632145648,-0.8348152953258121,0.21908975014352583,0.9025477635795272,-0.7689359598240448,0.4001125580224001,-0.6763638454312901
931856.0,0.9114802691873527,0.9632830359958386,-0.41890865817838274,-0.26914637766676486,0.1670596920022862,-0.7958650475796918,0.2771849867272502
931857.0,0.38633963108839997,-0.9791863199763344,-0.05790928846191079,0.6248766401232526,-0.32243345765787557,0.3637410056210455,0.46849959898170646
931858.0,0.037531199525636216,-0.5514552040948806,0.05010882893910762,-0.9362340649946035,-0.4111527387457776,0.34634061197787114,-0.2096910113226942
931859.0,0.7871446828528863,-0.1650520976994705,0.7092920510860072,-0.29231959339201263,-0.5722011314132456,-0.8018661055086902,-0.46758756804785406
931860.0,-0.5888755780498611,-0.9126866167561853,-0.8164920870759671,-0.7846031600180445,0.5509797098750517,0.5505854327583157,0.122396056250758
931861.0,0.8837203163859564,-0.448469595712762,0.3859426257821683,0.4258427545055934,0.30277137634451035,-0.20049086297394236,0.6379573414973192
931862.0,-0.8858318810143591,0.12520534664597216,0.9883858865421855,0.09545905274122046,0.20906134054731051,0.49603961265148855,0.6308010475731185
931863.0,0.11073402630100881,0.3135532652427384,0.024053278010667478,-0.6194198950497332,0.7685247269442668,-0.4869532717633396,-0.3109724144127579
931864.0,-0.9303786111879591,-0.38124355094800544,0.13858418852995125,-0.5778296692174212,-0.1490883001939034,-0.8218272454659603,-0.4088171747440652
931865.0,-0.20886071773278703,-0.4268680332342307,0.38617919825111424,-0.2860379022741586,-0.07739619498399053,0.5766513559624504,-0.2628282440656353
931866.0,0.722257235082054,0.8512786625886339,-0.13849847881785116,-0.029275354880785365,0.3554446128688866,-0.6827498930740767,-0.7938425706344492
931867.0,-0.2560330603954306,-0.03246866929794767,0.6710825184853664,-0.86167497196287,-0.8653659784749299,-0.5292126567325424,-0.2662609293782192
931868.0,0.19463455552362308,0.6437011678706208,0.009250670455080767,0.8651863208118855,-0.3090591300009131,0.325470050625545,-0.1011659124346529
931869.0,0.7604555183241481,0.9736170873516132,0.8222388510775482,0.3574117311406204,0.06639836477226457,0.576148264545892,0.2775245360660268
931870.0,0.6411144773757746,0.799005962191176,-0.9587338343733247,0.4802432768171012,0.8962969619876047,-0.8001413901351018,-0.9275821032736722
931871.0,0.1609744790562897,0.02495445788520123,0.8580300831222669,0.4410240673203114,0.379396994741509,0.04090900789505314,-0.2623317456886525
931872.0,-0.5895740366813127,0.2898528304494872,-0.24313458500249885,0.3989801736669434,0.8206216859665336,-0.22482581269936275,0.20314037383683736
931873.0,-0.7052749878220317,-0.6074558567298547,0.6219349664659952,-0.404498493941265,-0.1661707900999685,-0.32749614802373905,0.5040345016082419
931874.0,0.21426719327393084,0.9115632972883134,-0.5089397915370399,0.3236271068480978,0.04163785186021851,0.3329891200393025,0.8394182209180783
931875.0,0.883554524800316,0.016618332052878326,-0.26039985487702877,-0.5811440984891723,-0.1758637214275005,-0.15877195372283337,0.2100213550590342
931876.0,0.8097009660039289,0.8365603562259718,-0.6290416512079542,-0.08967969426608358,0.3010046266255064,0.6039538215398306,-0.24260812057895942
931877.0,-0.5379334114640535,-0.8410354524189543,0.6799899637440283,-0.20479998980140812,-0.7436287522270939,0.5834656462003733,0.726138393941653
931878.0,-0.05014094982834627,-0.4626986105378792,-0.38944676067705597,0.6274231268419714,-0.6071623950195417,-0.36667210303019115,-0.5150321826527644
931879.0,0.33920866558974394,-0.07909116918588266,-0.4757756597102032,-0.21424136529923676,0.4567403518748665,-0.9757244335205331,-0.6848745339379301
931880.0,0.33709702486974913,-0.7979102491153391,-0.9320060944659658,0.42976394249786387,0.8503744463494167,0.6842471653225066,0.7441071318832773
931881.0,-0.7175454257314917,-0.8033706857203056,-0.8666217636580451,-0.8746245703588276,0.4310576060129232,0.7843065590283922,0.01178371911189946
931882.0,0.70780298714664,0.7513444468017327,0.9347750532100962,-0.1704874325040544,-0.24774068177648756,-0.8968851702863403,0.6015647442552103
931883.0,0.7685724475915232,-0.27857490183488265,0.19964941617529353,-0.27846270196374534,0.07035628983967657,0.022974947498018095,-0.31992910132187746
931884.0,0.12727864949164536,0.677177517346846,0.8561899650130684,0.556897412816628,0.8314648726173384,-0.6842902258498631,0.7002841459569387
931885.0,-0.11025319028311653,0.27662859987717736,0.8823938143920795,-0.4271170776473048,0.586131783493022,-0.6705493809386602,0.5464302856160494
931886.0,0.7324574734048426,0.20159726445845183,-0.491055329054638,0.8632245141713148,-0.3587098811956151,-0.3415544600520035,0.3623428720494142
931887.0,0.6426816480099915,-0.11953840030127294,0.709851716553167,0.19905892486381638,0.14488683073863573,-0.15080675868252036,-0.8482186092652546
931888.0,-0.9475319373503597,-0.4851592474042985,-0.7439392407372349,-0.47621146250720425,-0.5305488398145213,0.3703143353295384,0.13562299059073624
931889.0,-0.21180268690901638,0.034693496752232544,0.20543426128253706,-0.004556782613777344,-0.5309129783400699,-0.8655199649468968,0.5784906516017927
931890.0,-0.18828476780183667,-0.4677599051478132,0.7507166269510861,0.2936002328619136,0.8557259328390237,-0.9536926603433213,0.6862036211663978
931891.0,0.4156486929195742,-0.5220620658735533,-0.9585297058967994,0.481764745507663,-0.19946490991636456,0.6180766585800062,-0.19943377705104437
931892.0,0.4507854416333199,-0.3803376005392072,0.03847294007425339,0.32042140091616034,0.8288054822198831,-0.31622565112866763,-0.24388767747286133
931893.0,-0.9733369522921271,0.7884413392555087,-0.7753763120359893,0.3130556294049407,-0.36358247415224443,-0.7525662731665281,-0.3447309915578205
931894.0,-0.9706948320311863,0.4176314472443696,0.23965262423768285,0.668982522828617,-0.23299788664069565,-0.9474275642913901,-0.6331560919581785
931895.0,-0.987081687533776,0.4338712358979946,0.03718262383995041,-0.6671883014758839,-0.5337026396386575,0.4251156621583916,-0.4532268289394632
931896.0,0.9607790778223455,-0.748215364646516,-0.568405666400839,-0.5607612380233276,0.8371016525110577,0.23650555560691933,-0.8778008801168753
931897.0,-0.8151289136846247,-0.20575812873116694,0.7980555760925487,-0.19231736749638095,-0.0945551512621734,-0.36893750962901417,0.262717587008759
931898.0,0.9659294221926806,0.03888085628132165,0.9412678180205543,0.7966300700854505,0.2027380863024255,0.6218543877349316,0.25436914641605357
931899.0,0.8565686001570678,0.9180565767757096,0.8929619158145696,0.3303254518127692,0.09828757310329417,0.4750061272657944,0.2264985659385439
931900.0,-0.3117087370909748,-0.6760340570400276,0.9469326381134777,0.43241798065112147,0.783307268052456,0.034659138423585034,0.017699431991526238
931901.0,0.35949531355010245,0.45156636720746635,-0.2706893287620791,-0.25177395772717603,0.6623127294909195,-0.5854855008519917,0.6268864187198366
931902.0,0.17882364769535064,-0.023660330402187846,-0.7015494440298617,0.6304796372004537,0.22970213392821415,-0.39307599461604803,0.335508508685078
931903.0,0.0403197673215312,-0.4778849209417215,0.7470443590919282,0.2823384902825752,-0.2976063491835017,0.6861402269695789,-0.7509198269304462
931904.0,0.3455731427931572,-0.5191093083869935,-0.014199694315608413,0.9548269529498823,0.23090188815634716,-0.29429793623224065,0.9121089051465767
931905.0,-0.19788538194665084,-0.35579049926163253,-0.7843610742790637,-0.055296279872234955,0.5284965761819087,0.39915448603962167,0.49567820785942573
931906.0,-0.5563657255088126,0.964433655890796,-0.43698628118116956,0.31360436786989476,0.20259513359862358,0.5913027667900639,0.8116427918758051
931907.0,0.942305764185587,0.33514896073712763,-0.8447559169228382,0.8284676342473218,-0.8335480647334894,0.9773178839314558,-0.6185606221875415
931908.0,0.24935196999799447,0.9599890161998883,0.5160059954985716,0.7005024949560135,0.048874277196739424,0.5652102286726615,0.8185506775499083
931909.0,0.17847502967321294,0.19828473874023445,0.6427004694854841,0.7768943870152196,-0.5297808996409905,0.2479250049489925,-0.977492176128993
931910.0,-0.9931397804337381,-0.8143755719894048,0.28041335101542586,-0.044003379427283384,-0.5822261266684745,0.1639028774504232,-0.0018412667360547808
931911.0,0.3249598697802911,0.433929044402787,-0.3801320146776934,0.5768994517392458,0.8969004149591877,0.9313606676048467,-0.9018955163882492
931912.0,0.1562613987632051,0.85271022162689,0.6732000472118249,-0.9778866232467744,-0.4696248683474711,-0.7958249990053043,0.07737970592289978
931913.0,0.7657000740285811,0.10198495429484944,-0.965674605156257,0.7366572148745196,0.14164909851072993,0.4359242456820027,0.7738110900145849
931914.0,-0.8539841851691381,0.3002399403068601,-0.4822505371963075,-0.4395312414399801,-0.4849170137515264,-0.1308604761499439,0.3181937629380651
931915.0,0.060997853865845775,-0.17550289226551152,0.8409662378583496,0.1295669337138834,-0.635935020728688,-0.2732079303616777,0.9619080031232625
931916.0,-0.656251503080056,-0.007326107980291541,-0.9080460481664716,0.7441863828714981,-0.3633111990148783,-0.46737873639806904,-0.5487311085322013
931917.0,0.3953362101864044,-0.2274620358927386,-0.7651863998087967,-0.06037470250125776,-0.3540267210504935,0.16377407918684228,-0.7044862097288938
931918.0,-0.5277966839368007,0.11532861461184929,-0.8880209827994203,0.8748849626528428,-0.6646561301818912,-0.9618913990503544,-0.5525752654777838
931919.0,0.10423051245383297,-0.03220781222462166,0.9170867764694963,-0.6147257706209486,0.839632733277031,0.422265466532348,-0.6225375066321543
931920.0,0.4036577737641436,0.5313740349713596,0.18130535631171174,-0.5957965004033909,0.9593162409981093,0.45517666796295964,0.7915766891427052
931921.0,-0.6769416489136175,0.24449685422528034,-0.48566079958235564,0.4442482726490258,0.08173695667476899,0.4887976852719982,0.5465394424208827
931922.0,-0.5925793511097053,-0.3369120036012634,0.5291784755131879,0.8769026805612721,-0.5896063970436884,-0.8623059993661175,0.03924957956163189
931923.0,0.7621128643612121,-0.8604809915910907,-0.3726346608182056,0.5785832793121051,-0.7104669865281978,0.920697499665819,0.9129152893701491
931924.0,0.5304741485134865,-0.8260618501743413,0.3888271377573185,-0.18455838060515983,-0.7949417720243535,-0.7036151367025683,-0.16038127212878628
931925.0,-0.6799280546806246,0.3437893323103194,-0.15868718570455043,0.3518958936844938,0.24217425188676311,0.6740629679650425,0.71901377918864
931926.0,0.3653444068897469,-0.5677090368116366,-0.09682173690752194,0.22101518151901978,-0.8507411517047874,-0.5621616221210268,-0.805992199753029
931927.0,-0.006480145552203442,-0.9469366508845194,0.24410281959961355,-0.9897351252258231,-0.24036705961936833,0.20019945638938919,-0.9007589846900492
931928.0,0.9779943932245201,-0.5125666712783068,-0.12553267533588097,0.2876604445079425,-0.6030618375405403,0.8446771109859788,-0.026035562247933797
931929.0,0.7718206652220909,0.2897117754637881,0.7298736555212912,-0.6537879364902397,-0.35228224959649834,0.7464568261286952,-0.25884350299650594
931930.0,0.2973779771148988,-0.9189105658992833,-0.3768695746396,-0.6568035225915299,0.7464779437986178,0.2145634479621088,-0.5683946721875013
931931.0,-0.4076025833060144,0.27551806625982866,-0.044901077385197,0.048149099248907756,-0.4742008755780829,-0.1324122832495198,-0.5836971325567633
931932.0,-0.6429069003657342,0.3357788613623347,0.7087660307163566,0.48470451568842265,0.5218868350445889,-0.0648322513343893,-0.22120138739293793
931933.0,0.9139403528869385,-0.22036204656172154,-0.9797170791706962,-0.3213062419777395,0.9258267368044331,0.7600736090684759,-0.550755446180738
931934.0,0.9188366417144849,0.2286145167173883,0.6951006170294429,-0.06510051907978442,-0.7963069115312458,-0.40784250228367736,-0.2905266758694023
931935.0,0.3322389930315197,0.21702701491576715,0.7248754402452271,0.1994234780225308,0.6205458046306271,0.8476689686763255,-0.7925146390943631
931936.0,0.25372687170798125,0.035824001353624624,-0.23278888740562942,0.7147652853970241,0.7291668825417275,0.9058255853931205,-0.3942368977688189
931937.0,0.8846173634331942,0.27161102376602386,0.39016117657929006,-0.25466886147694345,0.5312434015661782,-0.05841633166461779,0.6230044656658271
931938.0,-0.491645852170393,-0.9277194023384452,0.28672564751308016,0.3000176972606612,-0.4072434200512345,-0.06709870494010484,-0.0927069086547252
931939.0,0.6661353955368161,0.9107949423172925,0.6098396088990132,0.5787020865502945,0.9506616493957925,-0.8857807820227244,-0.11660102270788775
931940.0,-0.3327756748492434,-0.11174070588596474,0.6727568356425182,-0.9750491224849958,-0.6115962110328133,-0.7578116271505799,0.707039201626672
931941.0,-0.35904200839606504,-0.8120506676895223,0.7042748062121964,-0.5523194867328656,0.06846240590953045,-0.9699625404520806,0.4090802916314382
931942.0,0.8226619077936894,-0.5276821834853795,0.7575904212432838,0.4689453439257498,0.7587096305633871,-0.35353346539442976,0.9470299338622388
931943.0,-0.8969535924468939,0.8078907334300516,-0.3352479943402573,0.03539316269834569,0.17519819499976808,-0.7132175598752741,-0.8216397363512633
931944.0,-0.794662302904785,-0.16950642865936505,-0.7508492080020992,0.9139169020443139,0.24140022987746024,0.3401281259094795,-0.7753988961075398
931945.0,-0.6772519253050655,0.9248932537671226,-0.11342739709443239,-0.8928313109132948,0.8364111352636179,-0.8822021233055786,-0.7650960734716417
931946.0,0.22663795965161415,0.5944848590736436,0.5971495390992372,-0.19267077442039948,-0.07514128149616761,-0.3136182667699323,-0.25045501942962534
931947.0,0.1387700593139618,-0.9807401675138228,0.3107206343228228,0.11000208181206927,-0.9130476156040168,0.43096711669467824,-0.6072330142434617
931948.0,0.7848758607352724,0.6427177573751977,-0.11200247542092368,0.00808254054031421,-0.8011862290420977,0.5066000888936713,0.8657058685889876
931949.0,-0.6820331914254085,0.3938855792128604,0.5980404029631714,-0.4264651066406846,0.5208741949252609,-0.5162049633532879,0.1402264040180914
931950.0,0.34417047269581613,0.9922228856330229,0.7885122631133601,0.038645603845586685,0.18908723143363537,0.14512430529514186,-0.013941192821900872
931951.0,0.9982188818728854,-0.548193306861698,-0.1467216393804338,-0.8388439007417814,-0.2463777830409617,0.6627976292108553,0.5467618150389153
931952.0,0.746062833682708,-0.22267125577740687,0.4825705870457988,-0.1047739554404743,0.0976716055253517,0.21209688139780125,-0.7722043508381848
931953.0,0.6443499733285494,0.3093331675857416,-0.4326011617334278,0.9426695872518751,-0.12477178477376327,-0.6211672289705552,0.36874415098452284
931954.0,0.5356678152233372,0.3975814886816087,0.30295764103355616,-0.7803342554331596,0.4894883866293016,-0.9828461618306519,0.42764136333958636
931955.0,0.03342522694860439,0.4793852056148007,-0.4235409148869842,0.54189389709587,0.26698260123704953,0.36437533923178034,-0.6123525612447636
931956.0,-0.2252383409176102,0.06527576219190889,0.5649389161625884,0.5081476692691891,0.7541144539794993,0.6482694099273645,0.189494143161824
931957.0,0.44586391047517715,-0.35641410820496344,0.33938714188400176,0.3712890808901992,-0.24707612105012333,-0.9738541338107773,0.25400797643160944
931958.0,0.06777625497361961,0.6278816270441738,-0.5913820291640588,-0.04142614610227402,0.8235953627623731,0.9067523415267535,-0.8650311346313215
931959.0,0.5988705700313044,0.05581170362894561,0.21924024725161373,0.32285019351981936,0.17947569270064467,0.2783871459642666,0.9208167145022039
931960.0,-0.11256989909060833,0.43032335667558086,0.1796705158972569,-0.9520168423910933,-0.9239294441510173,-0.16768844529979177,0.8418648502965931
931961.0,0.4707141736846674,-0.0007257559418272219,0.4527384416701419,0.8835796319981128,0.9440872189330145,-0.2457615121162917,0.04523384348954895
931962.0,-0.21497769483061635,-0.7618520335683199,0.29345486952873223,-0.869513791510216,-0.28152265970527646,-0.7838891821515994,0.6502498736063544
931963.0,0.8999213168789131,-0.5986345808860563,-0.06001179125753975,0.6580730853219281,-0.03924472870455453,0.03323543542094254,0.2385689249618812
931964.0,0.6204861548462335,0.7071563078292291,0.3553096061320735,0.7365752475594909,0.20708710719522627,0.7733786986900528,-0.663748599054975
931965.0,0.9224285403214056,-0.12635493502414197,0.37352410297570104,0.5640322996432587,-0.49910930382388297,0.17170803527333733,0.6846938037432702
931966.0,-0.3322015831666496,0.5365352418796023,-0.6707229719662167,-0.08370751214320604,-0.9712007387653601,0.9540657395673715,-0.6131253179952489
931967.0,-0.5942091204581725,0.20743412523426685,-0.5539322789217747,-0.7092153209221719,0.6279970355341944,0.911806633814424,-0.9870737254998649
931968.0,-0.9288790707350301,0.6435814800538551,-0.6362658821256346,0.46556572745615354,-0.8761334905358205,-0.6841756621642858,-0.49741314165114026
931969.0,0.1996076747942106,0.6443054501269843,-0.02337827753892019,0.9901839203407026,0.835247655580605,0.9575138165901116,-0.42460189704873996
931970.0,-0.6760491083294697,-0.2897395112426129,0.9930084038450973,-0.623117025768483,0.9832974101362739,0.5088244417325067,-0.4831386139139915
931971.0,-0.7125863844927989,0.40969519237092134,-0.20535831483978795,0.004568689965897876,0.3501128590631437,0.14835395546323227,-0.7855223847538506
931972.0,0.7311169192731457,-0.32484827977275277,0.33604697832285235,0.0453792545025995,0.30054075399492963,0.10591271972419536,0.23735928031489117
931973.0,-0.7355182842434569,-0.2929321921630712,0.1130804962404579,-0.8261427575216624,0.13714673204967753,-0.460637005186348,0.011376883748660083
931974.0,-0.5277551393786204,-0.8153620097245962,-0.36022675018409545,-0.08518012000477082,0.04494605045820044,-0.5560907155369346,0.3922016535397088
931975.0,-0.8489296783121931,0.023338284020469224,-0.23203494098119548,0.24235295055251904,0.7685879791566781,0.3330159695209043,0.7869662132157444
931976.0,-0.8099663244074877,-0.8779866049031273,-0.6133399644392483,-0.32325124885172474,0.8625645959146677,-0.9025967513225512,-0.1795584687154228
931977.0,0.41303774422377004,-0.8146457568554153,-0.3506084034027217,-0.5744329012569511,-0.021012765920893628,-0.606294591673703,0.9516920589204816
931978.0,0.5936624804516224,0.9939145455132783,-0.026598089547371195,-0.08577323566434591,0.031060168996765558,0.7642603590314905,-0.23374318561877505
931979.0,0.31232896250063447,-0.12229539344143392,0.2315892364525287,-0.7152049905625515,-0.3443576849564247,0.6693232936117113,0.9771191763800544
931980.0,0.23043945189841208,-0.5841881203917858,-0.008213813555382865,-0.5730295560596468,0.7288424947980632,-0.591646700557855,0.20545912282890422
931981.0,0.24153355127287002,-0.5952016293950917,-0.6026871234945481,-0.37231841782069486,0.560518893293628,-0.9275281725559141,0.1379533044856578
931982.0,-0.4091847432059701,-0.5641073109382755,0.7444122905378161,0.32293746260643186,0.3353776449119579,0.10038935386841241,0.7946751489248758
931983.0,-0.8611933638355189,-0.9210679997249238,-0.8096079333126058,-0.36278466989842184,-0.07270722628758852,0.6662422369025967,-0.12755624292945678
931984.0,-0.29950146628232877,-0.6865922332648811,0.31448659815104874,0.5667668493328937,-0.7309962295912691,0.8916511061839574,0.7555557292934423
931985.0,0.7089049517155732,-0.4723401446293687,0.5995280464070718,0.900527100358613,-0.8466485616937758,0.37136394902626835,-0.7435126497229754
931986.0,0.22734732900013932,0.7631694413692556,0.5821045757757355,-0.4976817415246664,0.8246863654446492,-0.9712888520247258,-0.2734090239652158
931987.0,-0.6923813057643966,-0.10368050214461166,0.8900680023805239,0.8911257467694866,0.4635761360449606,-0.6434519911667482,0.8958927469802043
931988.0,0.30355830469537315,-0.6682266359667659,-0.8140486806171987,-0.5135433480330518,0.5420766671717119,-0.5836389030367675,0.29608253890353153
931989.0,-0.06083458009829101,0.06697960563718186,-0.932665011799312,0.17177584819482083,0.333151471251526,0.2944147248046076,0.9425291513588012
931990.0,-0.6829561780390172,0.5905810592853664,0.015725640185342282,-0.4396594541972345,0.23444651016978457,0.20816067130055305,0.7330663811439901
931991.0,0.8496684038176339,-0.7260819462233159,-0.5094745776296175,0.5774750413311918,-0.5229088704889733,-0.05407495914988303,0.8409449515437792
931992.0,0.3421513401168941,-0.9704776544776226,0.17766137674716775,-0.6348965476930584,-0.6285714114550589,-0.6373490339552035,-0.6438088648824962
931993.0,0.44537027668902796,-0.07510925936568036,0.47513935765250026,0.07485738298924383,0.06569186954314188,0.8629330188568141,0.98487203714797
931994.0,-0.17962362511737529,-0.24178446961486966,-0.5539231007474335,0.5662889323267759,-0.9212720756735544,0.6264861207262806,0.5986140868051633
931995.0,0.5637727076633745,-0.12360406386188894,0.20123546463112651,0.2973102694167984,-0.4041045297212362,-0.9318390457592554,-0.6064329337659844
931996.0,0.11073916430378605,0.3884979541290956,0.9215840974036327,-0.9742449151235877,-0.27396433124774067,-0.7316434984518136,0.4393849077618368
931997.0,0.3676125207713292,0.03908228268073155,0.392552208577861,-0.7987885665331054,-0.48995334783863886,0.07727834694413915,0.27921801683072656
931998.0,0.17745974276927678,-0.6048970116147758,0.7284413252422155,0.8830729622257687,0.9679030710796541,0.4672491640859062,-0.5136883646652368
931999.0,-0.07297179889345484,-0.20084135039322026,0.20844543069828303,-0.047174104884174506,-0.3454617962932114,-0.8736494925384208,0.3413996323967823
932000.0,0.2626785119068187,-0.8259631304942561,0.9028257256023307,0.5354897170810142,-0.564875944391197,0.5141553411644539,0.06631666772198641
932001.0,-0.29805673468363647,0.8877635471630714,0.9492535778394755,-0.04061180150551991,0.4766621792601555,0.1413521363169954,-0.8831218254753037
932002.0,0.2668683114668635,0.48933915482240775,-0.035063017280058784,-0.6468723614734755,0.8895578376011368,0.634671062485791,0.9431182312372184
932003.0,0.7302891475093829,-0.39715358366063613,0.894915240924965,0.10402769440135873,0.9058124686685662,-0.765992170775637,-0.7174698176719048
932004.0,0.8229311251032065,-0.09960397297453505,-0.17870420982616908,-0.25106844426399055,-0.9718662202557566,0.988637353721671,0.8613754150338946
932005.0,-0.040501603447791634,0.9566254166619395,-0.8705783193854846,-0.2045129674768762,-0.3950442704060162,0.42713939915173516,0.9466711796816616
932006.0,-0.7733159404589816,-0.7712571674347064,-0.8845557952401382,-0.21682928939025192,-0.6011521429634556,0.2709505029402979,-0.2794936195465054
932007.0,-0.7672453835849085,0.5738794489571233,0.9767803339419829,-0.7707422890909241,0.14679137842132572,0.995780527601869,0.33362576617039563
932008.0,-0.8978897590585335,0.012876190735130688,-0.17028294560914925,0.5889817172136751,0.35973395413047715,0.2900558708250942,0.14878782678744273
932009.0,0.42786445460894695,0.39295245811487556,0.6172638727802344,-0.7639620136973779,0.11106018224495884,-0.40743862307560663,-0.19330056474204027
932010.0,-0.1712766457996482,0.15639898218808734,0.2891506516898861,0.4228105405468636,0.12203477415240171,0.1431944594893546,0.2039439770058875
932011.0,0.495659610833572,0.09892498439344233,0.2181424513359569,-0.4183101654033772,-0.2223514399512927,-0.1431995520298628,0.9649299230853003
932012.0,-0.6277117631171825,0.755876763268645,-0.9233201880965884,0.8078310389437504,-0.7399190940141918,0.6530823028903476,-0.7150452746358371
932013.0,-0.3695710034270696,0.5286860966583533,0.13289333685247962,0.6749890618753955,-0.10950789245167258,-0.4801830773939655,-0.8039663438292424
932014.0,0.6507821401870937,-0.9132611733693798,0.21595544422834956,-0.14745534922423453,-0.6582034724645631,-0.16953524336394366,0.9018082082203969
932015.0,0.7097198042514821,-0.48156091943306767,0.02069491664432288,-0.6819708072343509,-0.5660617284904776,0.295605138881301,0.5252068198259656
932016.0,-0.6426928613393907,0.30899219702601255,-0.11962716235372639,-0.646075105799494,0.11153043789392392,0.8961809165999091,-0.5007063108366461
932017.0,0.28664786169944545,0.01912245989109085,-0.6456432602637834,-0.6258767449553715,-0.7299750425710749,-0.633684438455508,-0.7168963503233707
932018.0,0.6123245914050179,-0.019907111919127196,0.14329318746697872,-0.14722514990324176,0.2570605666072865,-0.6935914285572171,-0.9549877081696359
932019.0,0.8290108180103497,0.08077752884123068,-0.3519402447946891,0.2181094264896617,-0.5912481769450475,0.5670116773338636,-0.4241055211606597
932020.0,0.15065139475109812,0.12637051234950158,0.3065321463958577,-0.34482601363067045,0.563216906033297,0.7122388195817433,-0.8561813745087727
932021.0,0.351732369961949,0.6862648730588679,-0.051235552835005915,-0.9884652398413387,0.18562615465135623,-0.6489702596304918,0.20505439307861106
932022.0,0.5168772689575469,-0.22991057580623586,0.23277902618305446,0.2783738093805863,-0.2277961131429307,0.6133360950808344,-0.8504618356659726
932023.0,-0.2950370086830916,0.450648039814169,0.7989360295285357,-0.526704203916748,-0.9075305192724619,0.6914244611806617,0.08814740375662766
932024.0,0.3497391345713874,-0.1720980474056759,-0.7780894509016729,0.2307343730085769,0.5617164368050043,-0.5149484550310375,-0.6572337577333751
932025.0,0.8047270254441856,0.706322145073935,-0.2654555561984342,0.8314333240933462,0.133887975497754,0.0851977226915912,0.5099189102125372
932026.0,-0.18194129548113036,0.17350239515925403,0.6049239743302075,0.9747280623096928,0.29331013104359194,-0.5600841607747391,0.9557893561642401
932027.0,-0.9086412563481954,-0.7314508984796761,-0.4265711300681523,0.10338704068753768,-0.2705091992000894,0.5128503759050744,0.13630176958917373
932028.0,0.01853538327240445,0.9916055025060015,-0.8163385048053371,-0.8902286214836264,-0.5190310269013241,0.6522988892026951,-0.7045456027115351
932029.0,-0.328177859773257,0.7195939082902734,-0.18660577560834968,0.2557164026803751,0.33710105399435264,0.6895874501976755,-0.7054352127517507
932030.0,-0.971609246937428,-0.37022993424263606,0.7218496160038486,0.2427731388262837,-0.4345270574800899,0.6200718967912167,-0.43525507485001347
932031.0,0.201776448771823,-0.6319487688503032,0.30941738938307073,-0.9682138088375172,-0.7634723656200848,0.6183103933515319,0.8177197644266812
932032.0,0.36494944919334893,0.5456855621718173,-0.9617327467062717,0.29000970137611004,0.4646851109898078,-0.10072559732850084,-0.8561054726609552
932033.0,0.8344541588924106,0.9844431416718111,0.8681062769954226,-0.04971011718867846,-0.11398041950258708,-0.10124187014301556,0.6937165140976782
932034.0,0.7147280088227723,-0.6978518541399827,0.7781518298421366,0.18169751124199607,-0.149485360265178,0.7681943712976236,0.44199004263488906
932035.0,0.655899411158593,0.08250196938176213,0.6883110926033011,0.5269740126360907,0.7158078739381069,-0.8729252758555253,0.8974864301835617
932036.0,-0.6833784820489333,-0.6664886486920076,0.4544873388889834,-0.03854949552462261,0.6781619441822659,0.3485298261497116,-0.6059281160088374
932037.0,0.18107476039256998,-0.5912859575052152,0.775456769748333,-0.2601966160730307,0.1310590065689825,-0.4428357837746031,0.3857474746343166
932038.0,0.27774971489110123,0.5673881995155907,-0.8548338360918928,-0.9494085519261619,0.03676605916455533,0.16451975048966028,-0.6718036346543439
932039.0,-0.34967718811238013,-0.06567411486896257,-0.9838795447073816,0.7406857014565273,-0.507995359119007,0.9126708285861349,0.0821891397439678
932040.0,0.33438594601952065,0.1146186666436757,0.5115882056897709,0.819156996715301,0.3527222431300858,-0.6640897115347422,-0.9426914599899363
932041.0,-0.35003474470183016,-0.8834653776630352,-0.864311492131576,0.755428496242875,-0.4309976919212688,0.3961456709749791,-0.43114621471888537
932042.0,-0.429046111313943,0.5417376061751495,0.3309159987590877,-0.6926630142359109,-0.32053783886379184,0.5921362676661852,0.8109657707835414
932043.0,0.7755123095766718,-0.11387128339245134,-0.7820996960477817,0.6782079962808485,-0.9634678155902832,-0.23354717341333675,-0.786822478490691
932044.0,0.16225684277186847,0.5815756435323327,0.26063566378547853,-0.9678407162710245,-0.26034834739919344,0.31133853129148337,-0.05518670492941702
932045.0,-0.5940777013755116,-0.7808262738478946,-0.20654132082903898,0.926297487083924,-0.8243892878279935,0.1112872789782422,-0.23427815502570026
932046.0,0.9655261046106167,-0.9161888628102679,-0.1548407073895106,0.5241494652210954,-0.04837295059268709,0.3122713318312067,0.9995834385824947
932047.0,-0.10226949887663572,-0.5270640954944605,-0.8892531913273238,-0.36263061200568103,0.5981568430313857,-0.8354398478917264,0.6890478193532412
932048.0,0.41350038488610474,0.465844955269507,0.6861097545367432,-0.16861052649328534,0.9160406915787718,0.14951324124804044,0.7458968678486082
932049.0,-0.6263252342931864,-0.10217964631588883,0.2133608525809143,-0.2558364498390706,-0.22593548962499055,-0.2954678113344362,0.006131852169512397
932050.0,0.8009281117219087,-0.6762390604792727,0.51400294601881,-0.5139988298259137,-0.12408164876835359,-0.9921758151048459,0.1816052781587436
932051.0,0.10193571557110359,-0.4658506748345268,-0.5024635201103587,0.12625599516219577,-0.053947312829956795,-0.8281729913401457,0.6194170723690342
932052.0,-0.5227624342729971,0.518247044194291,0.9591357880355755,-0.37274928517604833,0.812954920542245,-0.3714893102600154,-0.9344520373414618
932053.0,-0.4628751790030565,0.7150385455157955,-0.02799755823273742,0.24611923681078185,0.8758984117398887,-0.46216407670644477,0.4316412038832975
932054.0,-0.765574381508666,0.7304103645459381,0.8885421810732268,0.08861844087791426,-0.3442375179783326,-0.898064848190796,0.23128029348744716
932055.0,-0.7984520205361363,0.43891436015473184,-0.4505568080770668,-0.9632500288288808,-0.09908683492596593,-0.4246883433318773,-0.46505856152023517
932056.0,-0.6000387241958303,0.28410520604876344,0.526751081373164,0.008904395615364713,-0.5227206681450256,0.06099377380851467,-0.936265219279137
932057.0,-0.7647561433548142,0.9336602770971452,-0.6698798069838188,-0.808227098134092,-0.07458444340278403,-0.7098101034795825,-0.7890264033754868
932058.0,-0.011142317595511209,-0.4130679496157539,-0.4031275562474159,-0.3741023598131148,0.06886338334242104,-0.0345790663764447,-0.5144760311994347
932059.0,0.8804604721686136,0.30811752803743775,0.9118935667079622,-0.06939399414711622,0.8336441665054977,0.08811914398199105,0.19510497862954934
932060.0,-0.18118696904468923,0.01725562885033316,0.9823514914403018,-0.8232713359803792,0.27544958257676266,-0.08270346800760797,-0.2674715399776739
932061.0,0.025684170808527362,-0.2335137743035467,-0.9248700531608489,-0.2653887580795935,-0.8681766522030538,-0.20788855135893414,-0.0320504750013384
932062.0,0.5529123602040065,-0.03590800395276106,0.8125359939677268,-0.20189831326528784,0.21112761542249037,0.04557582128395876,0.003397903486438425
932063.0,0.19874526084500044,-0.7882109484580759,0.5840447931271033,0.9293363916803041,-0.24885832357274507,0.037589191963234514,0.8889040450210675
932064.0,0.4951447107343854,-0.9097269792581597,0.2709267112864211,-0.9348505370878057,-0.3241808395569863,0.8586768551587343,0.362109053017295
932065.0,-0.6054329340940285,-0.5950863351013553,-0.21516021425333864,-0.3101153416292117,-0.9646853053132525,0.45580988941614375,0.0557231819852988
932066.0,-0.32850635881791557,-0.6407783910318012,0.01266946745171782,-0.32255559196041106,-0.9955441056052983,0.24389687577846986,-0.6647190852100551
932067.0,-0.4184359449431103,-0.42113657648980185,-0.16070215721753067,0.6922009778662368,0.9147283416935217,0.9257466274367618,-0.23780915251896384
932068.0,-0.7367180396656212,0.3412000053213635,-0.3642499538680084,0.7252252934605541,0.588593141537207,0.058166351003740235,-0.9186236267218599
932069.0,0.9192062317659955,-0.04274744984822143,-0.971608331320617,-0.7537408264348002,0.07172388404865604,0.7434625249305384,0.0480752531907338
932070.0,0.8076367375706632,-0.13192867172125555,0.5957925441711984,-0.9979079024884709,0.7296129553763842,0.36339145086038127,0.3178240004026571
932071.0,-0.2946984480681958,0.8281477253088587,0.11162630324043654,-0.6108931826670143,0.7816736643600755,0.8164943898400105,0.8901201551261462
932072.0,-0.45069805161763776,0.7141919912547796,-0.425751411638724,-0.6618638166401296,0.5858139963207669,-0.7042220425976551,0.5773372618429922
932073.0,0.027975609301579718,0.9629900228214157,-0.6022276335587267,-0.6039514430817499,0.23211274989762054,-0.9300450306236143,-0.44895874005411485
932074.0,0.8076467772952538,-0.06110158620341011,-0.9635121554010257,-0.02145081911304403,0.32349231713040094,-0.0909809649398241,0.9693683890120126
932075.0,-0.4213870049911299,0.5296831868938121,0.9468215529816624,-0.9492141225777297,0.4296039042849422,-0.5096566966132225,-0.9023648788555543
932076.0,0.9185459648567014,0.23412283725254457,-0.5741243464721659,-0.12326947372571828,-0.4776001079947183,-0.7127108736482337,0.5449850229635249
932077.0,-0.23112264202869115,-0.06520411292331452,-0.6117630418774418,-0.6770236597577532,-0.31291667952487634,0.09171080938279674,-0.07308660041670145
932078.0,-0.39887122801171193,0.09758083999321876,0.03360024480664037,-0.006041194079096535,-0.3065269649127449,-0.19598653080948258,-0.7388066671304336
932079.0,-0.12004642138381016,-0.26748887074309047,0.6553975700817563,-0.7006906567160252,0.2655065268185923,0.9098593066956697,0.5151745831530368
932080.0,-0.04365097733506795,-0.16603241834996751,0.6850769866016853,-0.1858493395556,-0.5568946239585246,0.08849011160815712,0.11326977678798933
932081.0,0.08417457716953969,0.9007413534706676,0.27158179725654197,0.5174977987540079,0.3508929353843693,0.5965014270441495,0.5013811689130527
932082.0,-0.3697367982805526,0.45791777833065295,0.9786967613392943,0.5966610800756105,0.7321666827758879,0.6126754015044065,-0.5840221221367812
932083.0,0.9347141026249612,-0.5911713027773855,-0.9557571701829768,0.3554820242658179,-0.2414937251813205,-0.7257484966755536,-0.18079358858744987
932084.0,-0.4986352045470772,0.7930794846709164,0.7574637899447083,0.2250037279515824,-0.8744799668725449,-0.18232422562820827,0.45445886284692527
932085.0,0.40198542291365436,0.2175590568541872,-0.05281407893875878,-0.5363554615375516,0.2721026865748999,-0.32080131224080866,-0.7933019257776046
932086.0,-0.6892645560675794,-0.21900415895789638,-0.952296648557956,0.026193979008064083,-0.3752004331593153,-0.8477285797352041,-0.5213273404670453
932087.0,-0.9503233293381008,-0.6188932789942712,-0.035582382750881436,0.7311495537881276,0.9479606440024682,0.5740271048029844,-0.18209381311494632
932088.0,0.10322167244146119,0.026695432547102937,-0.9079014746209992,0.7457818508736533,-0.8646127615191965,-0.5923558770913133,-0.43764223745732345
932089.0,0.598999132230033,0.10720401928461043,0.9240991001478405,0.38226935138687823,0.5123581170339331,-0.1587206761840143,-0.22495189653787606
932090.0,-0.6550728398857597,0.5678426025337009,-0.16528662480239875,-0.813507218157236,0.37457686080685804,-0.6135591088854448,0.3635167539421109
932091.0,0.9660545815766075,0.6550814951832513,0.5238289799422939,-0.5498563013485267,0.4732491975686659,-0.25356576102403183,-0.3772878861810376
932092.0,-0.43013973991507104,0.6805920887259809,-0.5474793830175795,-0.982561040947902,0.0010551923237582805,0.2726228487264939,0.5732144376787549
932093.0,-0.9077413912257342,0.9729563116053128,-0.5226140030795634,0.6430178162029043,-0.4834818597305923,0.4629840938032137,-0.3956807167785119
932094.0,-0.8414720171390819,-0.9101404213513711,-0.4848114851041059,0.6055508309474735,0.6687436533549833,-0.580950720420893,-0.7014158636722427
932095.0,0.21822578572516438,-0.2701090112276223,-0.8591974956476518,-0.771272523687971,0.7073158342221781,-0.9347090295182732,0.9553938097198664
932096.0,-0.33479858201606194,0.6132140049320309,0.07851726651750979,0.9058651216227889,-0.37136039059048964,0.6735313223337136,-0.4575007455790767
932097.0,-0.9539228542266984,-0.5281750776144025,0.6705946624480066,0.7806610911060707,0.9558014591044219,0.00708531140083557,-0.05542797055947046
932098.0,0.28083303354792055,-0.8145350477239275,0.16449031021017446,0.6792128996718014,0.38324014707176657,0.1394496229655895,-0.014807388937339017
932099.0,0.1377367989625502,-0.30595980483240703,-0.17324592294949048,-0.8305581008092646,0.5875528569408162,0.15617982824225485,-0.4550300935769753
932100.0,-0.7232951936743477,0.8490349947207783,0.6400095065952662,-0.2142026378599582,-0.8180390735728473,0.6606676764899007,0.200273935945952
932101.0,0.9302004880571069,-0.09172347903168165,-0.3323140701620655,0.9642351331767325,0.5662144762443531,0.9703038515660423,0.5293054854299557
932102.0,0.7016375852491243,0.9788037066868402,-0.6797931135278974,0.37190199636494525,-0.5693507471771215,0.21290585274458218,-0.044008394535979045
932103.0,0.48340095397697147,0.5512723288775616,-0.6117831344143674,0.05667564179637119,0.9587105872105155,0.8699188120880359,-0.5931995037262257
932104.0,-0.3602260883088364,-0.7965213849211008,0.6358715780518045,-0.011382990465787168,0.5323941939353389,-0.18071210101387059,0.04287192824018149
932105.0,-0.03282711091825363,-0.7510294312992274,0.377369202515635,0.9596938043055592,-0.9028620248984847,-0.8714168619699774,-0.7774089267989144
932106.0,0.33418186689374263,-0.09569903370041821,-0.9563911602135111,-0.6916946297724584,-0.3977556011860026,0.07156523125564473,0.17034447964903254
932107.0,0.9000123795610004,-0.8789488098298306,-0.7185769761410263,0.09442893089085147,-0.09688261667903086,-0.5104799260848862,0.7372186186804566
932108.0,0.887705180631446,0.49431135293691053,0.36119417185048297,-0.3032677694468049,-0.6539876796047572,-0.5799798371087752,-0.6658000431115003
932109.0,-0.027997990797757222,-0.4765360056898158,0.9236540361613197,-0.1827120823894881,-0.512179511844939,-0.21711443911483652,-0.47637384845499664
932110.0,-0.8773586637630761,-0.6911269189646816,0.40035768417616224,0.7128840209819018,0.6748562392228792,-0.9916889477687199,0.7842146419687397
932111.0,-0.9049641527172259,-0.5153809493312635,-0.5147500844331636,0.47002705746979623,-0.2503795673758622,-0.27877648990345105,0.2910670977077361
932112.0,-0.2778882406047247,0.44704424442671464,0.9359373237169968,-0.9082633779577987,0.7598807260690363,-0.6048852308372235,0.6389662345140457
932113.0,-0.8970280138086233,-0.3509328933779674,-0.10111893641592729,-0.1887073165700872,-0.38894445927691423,0.27704256915974335,-0.07792658516350937
932114.0,0.5815513096342839,0.652604332284783,0.13018787933620057,-0.4129287385966365,-0.3089677205741026,-0.29365107121338196,0.6818921712684771
932115.0,0.10177233974127997,-0.32141779071276155,-0.998358849498661,0.5626475823295349,0.7960074595955362,-0.5408818552469032,0.11404290291431285
932116.0,0.9874032811663958,0.07109661288363922,-0.6547813710026,0.86713877318551,-0.9400426137962241,-0.8962256377335625,0.6744121416799571
932117.0,-0.3177834996899507,0.7069199452896,0.43027898578067214,-0.653286535686846,-0.31470351052872614,-0.18997742096427483,-0.3545410707922396
932118.0,-0.37691572824479525,0.390934668701314,0.1430810793981061,-0.8314209712681457,-0.6518287236950386,-0.582438522941187,0.46657597728771805
932119.0,-0.5042427860353229,0.6570744770252068,-0.6833108577348059,0.8489760035485034,-0.19419644797735192,-0.33953915539167556,0.8819405368015345
932120.0,0.3573274947991394,0.5425159682733489,0.37674460407344723,0.06900572899581436,-0.03041778653635152,0.34483867241916366,0.980540749374367
932121.0,-0.6940188185599825,-0.41310155799293646,-0.5665459264531623,0.6149773210257086,0.9936129662027702,-0.9955261405151214,-0.7319780709086265
932122.0,-0.6899483627864065,0.906714112243463,-0.5693253707289052,-0.815207566295393,0.3423725322055087,0.09712717889833988,0.6298358007016711
932123.0,-0.3851928641375766,-0.25789327933292117,0.5430344403526357,0.33224564754342656,-0.5847799394887112,0.06958023390760326,-0.9145786242036607
932124.0,0.20763534119624083,-0.8256378618513449,0.35443919222250675,-0.12390598632558714,0.40596262721115095,-0.24027979382545106,0.9528925876443559
932125.0,-0.04746595498311312,0.8827079100120792,0.0026455585818738747,0.03523926102821262,0.7141910276023493,0.9913908734450163,-0.21405096653139144
932126.0,0.6381874720061667,0.25604961122413394,0.52235085732725,0.42098053024326476,0.6607693516699074,-0.019119539607719727,0.5991262455272413
932127.0,-0.6596281523179985,0.19507060863842396,-0.6493252992537595,-0.4542284457067145,-0.3382189164167808,0.12620659941996792,-0.3530969640412358
932128.0,-0.781987038714169,-0.9294556017911162,-0.3797925954318566,0.31792515819130274,0.44676210644735304,0.04432850231941177,0.9351945613190988
932129.0,-0.48122329390803675,-0.7230431818188015,-0.520388125787127,0.39227275946276485,0.8687331306890533,0.34254796853448166,0.10815554182761633
932130.0,0.5227259827194188,-0.9400953117741779,0.6205526625568287,0.7961244634850495,-0.8304179610046811,-0.5006527014788187,0.09090232237558338
932131.0,0.7380918686337317,0.1383616837505126,0.9562526954394537,-0.9150374150893386,-0.9527624421130194,0.005003635022177599,-0.5423466194387929
932132.0,0.8817147084950354,0.15242090026598842,-0.5965340207583429,0.6092779503327004,-0.8578613653148057,-0.30035618868451075,-0.34082465093059633
932133.0,-0.4597396715885276,0.7517250960245869,0.8608751279985913,0.35758799855441104,-0.1931143131316202,-0.5205458921676887,-0.8133069924114416
932134.0,0.694516807716268,-0.24404974382205258,-0.25859090896974335,-0.8978552674024596,-0.49443704785394704,-0.6351396504963718,-0.20612155373231533
932135.0,0.4330361216644447,0.08048882322105055,0.33512127382826185,-0.4395014842830334,-0.5848210221919361,-0.5708804094557034,0.5241231626754101
932136.0,0.9226818025635122,-0.05064191236830662,-0.7663133123636328,-0.6161239813503379,-0.7916106711142239,0.6615870587955619,-0.7344213232759411
932137.0,-0.47666939701152233,0.6997060615807984,0.3731778022862291,-0.3789393698460697,0.840007008117603,-0.249578273465618,0.5790443378081154
932138.0,-0.7402066921092538,0.3106351977288122,0.17390219566235787,-0.29940217153029214,0.5703489694746815,-0.7081022645247848,0.9311918830284154
932139.0,0.3892671247182333,-0.4966630619917374,-0.7303971336472179,-0.39784403840520755,0.17367384707373223,0.21076402232285796,0.8521135819265877
932140.0,-0.8547656462721831,-0.9638804621650663,-0.9765895560805051,-0.6592422460112299,-0.32773800845302037,0.17103773112856513,-0.882565019102804
932141.0,0.7765887268352312,-0.029500566887726842,0.3621080831524057,0.8635801143294728,0.3557987668465017,0.9138351978427373,0.4278017320901202
932142.0,-0.8831915836013913,0.3876016292128286,0.7830578754372042,0.39864968497421716,0.7721265301882825,0.3734603053436969,0.617218598663388
932143.0,-0.4163614660259094,-0.14625948020514246,0.9668435017840926,0.18156209308645677,-0.5301368096451406,-0.598405715355262,0.13722215316640263
932144.0,0.6004786515545597,0.7517836421042048,0.9614628546662398,-0.8324974130697707,-0.3146279184860905,0.719258799675514,-0.8608784774711804
932145.0,0.6453144762228529,0.0323822447593789,0.6112675725409435,0.3451762469320956,-0.4608851607690556,0.40857089695417215,0.5102927681112612
932146.0,-0.0769622002630106,-0.06431440427370161,0.6382962494530631,-0.5325023785321483,0.7808710240640873,-0.6047470372453461,-0.6835109592581865
932147.0,-0.42368249350202736,-0.020132116912380926,0.8793563594503802,0.048428318629106126,0.9699867252202257,-0.18293847577018796,-0.15934508483985832
932148.0,-0.8035644730717915,0.1709826182617762,-0.476779413662312,0.33575832565790664,-0.02126546790598316,-0.7001626411345234,-0.05079540974971386
932149.0,0.3972773736197721,-0.8836542163335059,-0.44723802433693294,0.1860498294936328,-0.9106515092351242,-0.8218869880054276,-0.31669544605910427
932150.0,-0.30623810978145927,-0.8785305669362,-0.8664763099772959,0.4236289515135332,-0.5226630158967591,0.45309460742849095,-0.03829051628728686
932151.0,-0.7290625087718094,0.8967701583326109,0.02802332085123238,0.21813212855932873,-0.6086202156797469,-0.7129713765603871,0.5291975216822549
932152.0,-0.13525320563264653,-0.4462800862498353,-0.6290842861341592,-0.290030899060711,-0.8140318797749444,0.5406885187228292,-0.5046542549836899
932153.0,0.04259065571926235,-0.7518150752868085,0.2963534184980978,-0.12909375649752053,-0.07223883904238826,0.6901711752465114,-0.6095020296048033
932154.0,0.8650202481703722,0.7046548494378095,-0.2525655259321298,0.49278207663739493,0.5450959375369828,-0.37218056750702666,0.4840642193523961
932155.0,0.10726762643551102,-0.8551819833518739,-0.35655832102503093,0.14877242636140142,-0.9674429131817828,-0.6800139416908155,-0.3754208248738009
932156.0,-0.021893749579951383,0.8353810927195824,-0.47326423103130644,0.4359155729047386,0.9801023322377869,0.3363945292612165,-0.9818629900552591
932157.0,-0.8060777402591628,-0.04705734118010296,-0.7008867695605878,0.35583617127793254,-0.6704333223951577,0.6649254956506412,-0.8524657411823877
932158.0,-0.011891175876519222,0.9695791839797181,-0.11622792569669316,-0.01937505820807872,0.5395483142342463,0.7504973280389793,-0.18181280709765013
932159.0,0.6624282136298836,0.3916436897906441,-0.936928502268582,-0.840684182129797,-0.9014719432422724,-0.764822493604373,-0.60703955301984
932160.0,-0.47594729032884087,0.5396789805839568,0.29327908386202584,-0.4501943700965245,-0.09543617944376637,0.24019260548914856,-0.18989044024162616
932161.0,-0.25365210739160715,-0.8809117788089502,0.5409806753876314,0.13539717315210842,0.8732091696523114,-0.36712259441062467,0.5426529609045125
932162.0,0.7085497708996369,-0.6793246540124254,0.36271987592413857,-0.2527482083044654,0.04148834606181517,-0.20422643640314542,0.2764228864080698
932163.0,0.6768056184187767,0.05086798827536776,0.4975149630816351,-0.8442166965058517,0.6748582232668923,-0.10321426221743368,-0.6438495308310219
932164.0,0.13314013355404852,-0.3001052377360214,-0.08925057906452749,0.9169406534549704,0.13078656720842652,-0.877670977163372,0.478061378572056
932165.0,0.472275386360427,-0.18719102749844896,-0.5974559040868388,0.6946823737815788,0.5929009741589704,0.9756487025717622,0.8450976316801835
932166.0,0.9838120997355764,-0.09600507749065157,-0.5444719048180111,0.4976332613829657,-0.205928228568665,0.689829012633695,0.6805330321405294
932167.0,-0.8315063212740086,-0.4014251690024455,-0.0673964618624856,-0.49316899343781495,-0.7830290725612628,-0.7456568758581485,-0.6771071794778614
932168.0,0.21601012142968368,0.8760195281130059,0.3577787025803787,0.9233100970885713,0.3729602004514072,0.6614086768518561,-0.5293017667085942
932169.0,-0.7498176275186486,0.5093582512911417,0.421390870465185,0.6732130438958102,0.7874159233353037,-0.8158763491673231,-0.890919442570884
932170.0,-0.25564114675930893,-0.8093683640115377,0.8081915320377904,-0.006068584911442132,-0.58055742840161,-0.07304183913889561,0.5697807765187135
932171.0,0.9866384507449235,-0.7301034212844772,0.33679948048770814,0.24333304218563967,0.3336659319777793,0.7794256720705646,-0.5629265767585467
932172.0,-0.8278453380362616,0.08520104667647144,-0.28268866661563496,-0.9223292131331957,0.5758854734709433,-0.4092740011756195,-0.6268275800042142
932173.0,-0.7350512726989737,-0.16290197210254775,-0.36514367947998894,-0.9489663411179716,-0.7095707454544817,-0.6502429868290818,-0.8520547821918547
932174.0,-0.46942416707860035,-0.5940899814054008,-0.46608692045385247,0.8577743615833826,0.9394055042893721,0.801751279189151,-0.22653935860521113
932175.0,-0.3483067150362089,-0.1435689038182142,-0.7987067452182366,0.022553514177497958,-0.5921909069347853,-0.017362739829021923,0.16648545674429815
932176.0,-0.7434309242177277,-0.3351677192196323,-0.5541142493111821,-0.6670287011564788,0.013117689254866782,-0.93693838120168,0.4772726834930845
932177.0,0.5477294574659088,0.11307020952536972,0.6829962427588192,-0.5132838613381112,0.6621961415629729,-0.3895551142323015,0.5655358226867153
932178.0,0.46085702734792733,0.26185495386240487,0.8916991575516722,-0.7616158184437587,0.8899311040371909,0.4367577483379186,0.9146330686682693
932179.0,0.717503879523582,-0.776950220999701,-0.0345742207894324,-0.8146450224560626,0.13706745377306162,-0.5753883234980846,0.176217406870268
932180.0,0.045018499066095785,0.231213972642897,-0.2447822359802856,0.8306026132812494,0.7327502235280283,0.9465900284279494,-0.3600980736646937
932181.0,0.33213065817253984,-0.4451329050585724,-0.3662309152722889,0.4088659715961982,-0.31246100973251223,0.9924033043458562,0.7537881162002398
932182.0,0.06849473448283949,-0.1470693784406676,0.22544926123411346,0.8953962760596774,-0.3320373451463867,-0.25399577904390913,-0.018423172152058687
932183.0,-0.24990466247492993,-0.4596001905664975,-0.9599031043116231,-0.18265557911464247,0.012911542127380216,-0.8317193995691698,0.2979385742865559
932184.0,0.448391854745241,-0.03501738471843274,-0.9168402407057774,-0.12610750959792627,-0.5588278248375056,-0.8012400574700564,0.7175887919949269
932185.0,-0.12177847554876031,0.3438164317058612,-0.647983651358333,3.403593671835736e-05,-0.6649378358721498,-0.9092983153769716,-0.60439369590278
932186.0,0.24601608672371644,0.7915409661667692,-0.8457781484072371,-0.6146200412136549,-0.3855544177782244,-0.9658827309878624,0.8508793321699131
932187.0,-0.9974721288090602,-0.8246797554049099,0.9585577201801252,-0.6410640917901034,-0.8607214438014494,-0.8585245245869451,-0.6172885430891208
932188.0,-0.1318397735166581,-0.6128685138821448,0.32542462615292966,0.5257769099078711,-0.5883768332473731,0.37524530594965655,0.32304347325011373
932189.0,-0.5869741231272736,-0.8994726267218995,-0.678621624551657,0.6888218286531163,-0.7098593388695649,-0.7620949855589789,-0.6864919012032744
932190.0,0.8473648661024085,-0.10598021724768336,0.8783482562976539,0.6548825915015648,0.7861352256647933,0.008099075306741366,0.798406662021413
932191.0,-0.8086454094234434,-0.91417786358413,-0.1007487550857864,0.3701844365234328,-0.5960255691051726,0.8523821263782019,0.5851960122841078
932192.0,-0.264464366343117,-0.9124199884440989,0.5623984323570794,-0.9091575410696879,0.16631148391910688,-0.6706450276928326,0.2957504796892567
932193.0,-0.422221239807957,-0.7049131050134994,-0.08112417960514251,-0.21558058792668566,-0.13422070299214295,0.08959209216308817,0.268097126839173
932194.0,0.03952039749537373,0.9394075879627106,0.5809117496323117,-0.2987072826825701,-0.8952974438201471,-0.9827882256500782,0.5163844423961481
932195.0,-0.8962469955476311,-0.6524515739799588,-0.24079819152489956,0.5911173516792727,-0.9394306037296278,-0.5919148402693921,0.7857811867603923
932196.0,-0.48956015169697187,-0.5021185794959773,0.8421936253128413,0.38017796580566077,-0.049700406622408044,0.7342048769302476,0.3798475904882048
932197.0,0.6596545476481308,-0.489157859084707,-0.8081969058622791,0.2264982922083929,-0.5237332703888289,0.4305160077772796,-0.5235918958532806
932198.0,-0.20464399886758322,-0.3683224943618264,0.31796100442667896,-0.29707033859604537,0.8131661287127854,0.006010472646156284,0.6331228968136569
932199.0,0.7193906548182427,0.39586825819757676,0.7766529677643077,-0.33018138214492776,-0.5294724572448575,0.4217052945291444,-0.8738624431043427
932200.0,-0.3971506393491153,0.6483329921309473,-0.2005497398973617,-0.527651181888068,-0.4025456407791166,-0.1372277187997244,-0.3741731498256273
932201.0,-0.4868994388658754,-0.9543073675237128,-0.538581874772246,-0.4135154981622007,-0.5586045208487476,0.8660023625184794,0.9607219511275669
932202.0,0.4179840973643334,-0.25744058285287474,-0.7492847751676441,-0.46534311891975544,0.28684740341651915,-0.8699658393345864,-0.8311292481013897
932203.0,-0.8110878373818848,-0.4279891862166785,0.9456303160879054,-0.0706386208652412,-0.4517275452511933,0.8967375255120413,0.21016167393898955
932204.0,0.40461568622232,0.7487963028877926,0.9312220408838956,0.4171948429412551,-0.7244454009320662,0.7830254413119837,-0.7611550347999116
932205.0,0.43728936115429873,0.47946608049948236,-0.8289002028820607,-0.349797817762024,0.5585056843624112,-0.879174819932679,-0.3436184404837934
932206.0,-0.004311594720655787,-0.5537009492713234,0.4523162087747876,-0.28975971929809874,-0.7464466925820166,-0.9431631601956518,0.2655428761954235
932207.0,-0.5737969372415375,0.5011089626760095,0.33360123535900144,-0.8717954193108781,0.1657589271402593,-0.22322596806978412,0.36541673178634126
932208.0,-0.40732946576537565,0.7927448938630808,0.7139402991343984,0.5639778705838192,-0.7147867422446541,0.5651568386065577,-0.9964668492362774
932209.0,0.059231989301131716,-0.9899998968002905,0.7383430924669228,0.48758642685504006,0.6463564510783288,0.7672142313191215,-0.4713394929804784
932210.0,0.5464565648677653,-0.965185714244247,-0.14556790070350933,-0.3395688534312622,-0.9100420795174293,0.03555508646228711,-0.3621861334797134
932211.0,-0.2778440147554673,-0.6181838219110123,-0.5641450674698043,-0.22440833451950604,0.2755881511182894,0.685945240336084,-0.8135781360409047
932212.0,-0.07020497081096955,0.766183911138312,-0.9249223007250915,-0.3174108228170369,-0.5902060131104507,0.079942058592819,0.2212283697052997
932213.0,-0.5115185568847822,0.6038160872345977,0.40910981147201597,-0.85636063936697,0.8111401363383723,0.8200948464300801,0.3831469756147323
932214.0,0.8058936375564223,-0.9537193232452905,0.4321607610180582,-0.6897145166269973,0.4741168100829063,-0.7810814853667929,-0.017814238937872373
932215.0,-0.794766420440087,0.35175765301369255,-0.896077815659295,-0.44279033117537536,-0.7224273586446925,-0.5171054516977309,-0.9310541042726603
932216.0,-0.3797718070258447,-0.2628966976508367,-0.7209752512268457,0.08608264228864537,0.3196548052562438,0.9473766764091145,0.5206133320454258
932217.0,0.3727528587164597,0.9891952161142521,-0.7951909579102163,0.9954232800248868,-0.15465131805232524,0.7993872470253465,-0.9875111787469053
932218.0,0.0321115783791579,-0.7397125842067847,0.8886625773524834,-0.8158428150731254,0.06302011773045191,0.8269668621185429,-0.020335688628335458
932219.0,0.1205962326158696,-0.33420495479511136,0.7110849312125127,-0.381072194877244,-0.3853976281273115,0.8963381357894404,-0.2496219624591116
932220.0,0.11073845709681107,0.09891565381842748,0.0001097784250165823,0.5072684517087165,-0.8561512280594046,-0.3712136259639853,-0.21002694626445462
932221.0,-0.47228697820132926,-0.8199120154937911,-0.16779592271754695,0.9963321446130768,-0.9400963939500062,0.9707699850880853,0.5435469090584546
932222.0,0.5395169048087518,0.7508615933019209,-0.913465236647149,-0.8206300044187267,0.687556989116002,0.5514638553113358,-0.22794638951605029
932223.0,-0.8813091666600721,-0.6395369999485792,-0.6234936358622105,0.5692030811378888,0.46960012216383884,0.697811543608891,-0.41352186884745645
932224.0,-0.036437606306695125,0.2630406378168635,0.9841508441875799,-0.5122726303887626,-0.03699641807254417,-0.08656860212661588,0.6753255021864784
932225.0,-0.3885933649159987,-0.47415513217400873,-0.4127727622166586,0.2851394932397249,0.16922576619765817,0.3673531104401022,0.2199759822775611
932226.0,0.8051057849934333,0.489110301830878,0.3521455635671744,-0.1330697608986371,0.22374897762070334,-0.7484944449917403,-0.6906454826971484
932227.0,0.690984219985546,0.6781276988631957,0.19659935926727257,0.026930398666031197,-0.5189211812738046,0.2945818535184601,0.8357585530646308
932228.0,0.8409873125891558,0.9365033936425622,0.446239819908006,0.5329121491725337,-0.898584740847685,-0.15517684938088827,0.37955148621189827
932229.0,-0.2314543284014896,0.44426032019337747,0.3990026660275532,-0.5329631925400256,0.30769724827652745,-0.28779770156570716,-0.44988823447470794
932230.0,0.2508000495751894,-0.9085892420570425,0.9506046693320438,0.5763466310691299,0.09141910362646422,0.208451434580466,0.7035803499971187
932231.0,-0.9783397730914833,0.12115048211366619,-0.5485422127211963,-0.837016796967962,-0.13864974052929258,-0.4727456397644467,0.677351209898055
932232.0,-0.6831030756963095,0.9988375039626054,-0.9972541916485516,0.7692579926519996,-0.1030444713569103,0.5324050793378696,-0.20175303369345432
932233.0,-0.11713705825207055,-0.376044485567262,0.6865441281243445,-0.8989048681959642,-0.22013582506374885,-0.08335814313192258,0.4881484341506166
932234.0,0.4802079217060984,-0.7787830509330067,0.151783192843304,0.003684671041500609,0.041892925786293,0.4618707931254795,-0.4752811954370195
932235.0,-0.04042680368666485,-0.23441067468245969,-0.8974384444624428,0.8749554717098778,0.7366316770285442,0.5335417593264502,0.5507821022999109
932236.0,0.5127370004420893,0.9050078014984031,0.28455850954464035,-0.4712704517344819,-0.7859412877940064,0.6417040097408291,-0.06748514629108238
932237.0,0.6918965378947735,-0.19162368266401986,0.1858874839390232,-0.3090000179560508,-0.2162387260659786,-0.17761671515113164,0.19394048594056845
932238.0,-0.9365615270103764,0.04810427046953958,0.4336709202179754,-0.9271165497447744,0.5388730860644975,-0.31129116939486723,-0.3518277201544586
932239.0,-0.05717782945873262,0.02253102317800093,0.4975389114006683,-0.12252651617751953,-0.5860458051996389,-0.3835646033271838,0.1894815501696614
932240.0,0.4637698240324648,0.9854337161290343,0.772338769381377,0.9878763589610919,-0.12372825807503807,-0.0586852384989931,-0.5342121022283624
932241.0,-0.4374740734873097,0.4243098077017946,-0.6360679059081544,-0.7403997226675207,0.15435577568380854,-0.46914834898517,0.4142880526408761
932242.0,0.05165805319614769,0.6116550598930026,-0.707470494253341,0.565937446578328,0.7066064941059174,-0.907321041415464,-0.6039744392076571
932243.0,0.6798669465698504,0.5699089027893809,0.8978782812010495,-0.11575723775261415,0.2663442475377107,-0.2724981689090733,0.46430560795086584
932244.0,0.10535534798104584,-0.14199924720694534,-0.7421900036447464,0.6436113399950092,0.3784227288923645,-0.9609997518850075,-0.9923366305467691
932245.0,0.3661627291837828,0.4815591489219313,0.587698514313352,0.29145665643379814,0.4814137385987438,0.23528520112655715,0.6167737369542969
932246.0,0.8121095331513428,0.18632717435232804,0.6395075007561697,0.3164375585900956,-0.7574666975948137,0.24257039335556785,0.01830351865217139
932247.0,0.651726008176382,0.17794569372223634,-0.8558577489972279,0.2941120510964417,-0.5636067949864141,-0.8354714855890348,-0.1497449237817985
932248.0,0.43364608270350025,0.5630742312193258,0.8098185620522493,0.08410151591059978,-0.4587848784876729,-0.9485140409944945,0.26902509303893285
932249.0,-0.45455823617503643,0.3904342346994314,0.2518963248220687,0.32797419960182905,-0.07052984021727315,0.20574716916782454,-0.2591458851186792
932250.0,-0.33189659702999275,-0.788844205762437,-0.007796727793730973,0.1973751526077594,0.8289852513586957,0.515501380222686,0.7526377966772844
932251.0,-0.5828014010575444,-0.6265326544440653,-0.25237975141222924,0.7109691647013106,0.9789117130923259,-0.020916634088506303,0.526889132744115
932252.0,-0.43441145114200475,-0.42634824229411694,0.3283658980257398,0.021197142267007196,-0.6724080958428171,0.7200212738236684,-0.2585360363316025
932253.0,-0.2669799688064365,0.8075377899793199,-0.6930741950528154,-0.030194979019288137,-0.04135920946611105,-0.5396369444874325,-0.7466390279283792
932254.0,0.10581845645583332,-0.7173362009495445,-0.6791319666109981,0.8608906087930861,-0.7443234998002779,-0.8363569496455197,0.36296045297405
932255.0,-0.24011020066928057,0.9141713589653992,-0.12736428060878002,-0.13075740558368554,-0.28724802758675083,-0.45551797334881483,-0.032580364930672845
932256.0,-0.15659380378632037,-0.6342066825328279,-0.9312484017184568,0.1856266169218972,-0.26975738336514454,0.8173960465753447,-0.9860342799712378
932257.0,0.5025024675642626,0.6813472026065119,-0.6250804220349551,0.4103074718634374,0.623393328128903,0.9914847981497112,-0.5141155892609892
932258.0,-0.0932256702668155,-0.2348590194591864,0.6050319219386231,0.288355211179508,-0.347752056712719,0.31917096256173094,-0.9460106279328355
932259.0,-0.34485899534333364,-0.2623314777149064,0.7617308330040475,-0.07143872601250378,-0.647954363408878,-0.34155630286901206,-0.2935794733547641
932260.0,-0.03005535103207757,0.6837606069936568,0.9749888038464951,-0.7673819362785199,-0.7835432712564008,0.16464055842442882,-0.6781536498874832
932261.0,-0.09430066176015472,-0.9157231673632926,0.028047137416624457,0.7257549122863276,0.4781176912741203,-0.5535948804412383,0.5395199610608974
932262.0,-0.1793423159249734,-0.021708512365548938,-0.9419662196949721,0.7187923918116537,0.4012792031840602,-0.13306481276652615,-0.569583356162606
932263.0,0.8444432589175945,0.1238536189900814,-0.9060114341866325,-0.31269266197572554,0.037593458087996856,0.8640621497426726,-0.113134531719975
932264.0,-0.17243947653760006,0.8029058621426708,-0.05735333661950648,0.869727333600991,0.06757100480305689,0.796015008199837,-0.11843394580182531
932265.0,-0.4110494702680716,-0.9043904363229136,-0.07762614178799998,0.32334043186814565,0.9921290551374911,-0.6968752644128622,-0.2161506558818913
932266.0,0.9642053878737893,0.016173578496311736,-0.5488576964081955,0.49530030183810325,-0.9367541986495687,0.418341242453387,-0.7526223176022782
932267.0,-0.33974199493369195,-0.6406101916069638,0.7564241075842872,-0.5354384491677586,0.861907939056368,-0.3583796022122563,0.11060302680726175
932268.0,-0.672804950765163,0.05126695331533382,0.9475667163601955,-0.4673121538774987,-0.8545462693266517,0.017327686370844475,-0.4471766243237827
932269.0,0.45703661538729,0.4488180946418989,-0.09958305537330991,-0.025093358602934046,0.3991746755231955,-0.5921561351520359,0.4211531713955734
932270.0,-0.35999156649263786,-0.30227175237248205,-0.07863753667724538,0.5861079540135632,0.50621353588856,0.5811804266401284,-0.37044143336706337
932271.0,0.13659983000257814,0.41340185797793616,0.7139898502639623,-0.7361300526295398,0.6378909929587449,-0.17445448034589361,-0.2826067014517408
932272.0,0.6226227565088389,-0.4604296309559912,-0.14223637816491252,-0.7593749787318476,0.39545992581181855,0.2613818648582218,0.5194639616771337
932273.0,0.10579566140024332,0.5487999076449228,0.22024224467230713,0.9509591294696207,-0.4032538945658184,0.5254533796387457,-0.5087149169762886
932274.0,0.9237469915645122,0.647705546033156,-0.37234543851558155,0.761310961919694,-0.7903031118135233,-0.12956202867694877,0.9476843377901427
932275.0,-0.5287333644154344,0.5106226293474445,0.12424236998958005,0.7507777335640442,0.984071097190458,-0.22140865075051952,-0.5545528173050016
932276.0,-0.6084197059126952,0.10934039852493238,0.6416878238100596,-0.8671928783104457,0.14891551696202288,0.005675414244642019,0.8714880991592868
932277.0,0.7273574731883035,0.32604958333644674,0.6739735425045799,0.4140812440680899,0.9735862949333316,-0.7473275964504731,0.6669533575897177
932278.0,0.7526460160892259,-0.46270855568356595,0.711967851961681,-0.3617599800917415,0.9134773757126475,0.9302993564818431,0.36675353618244766
932279.0,-0.7202516851053911,0.9666675884240019,-0.3266817273521321,-0.21447985178060058,0.5784974060120249,0.9195173614748526,-0.34014067359741507
932280.0,0.6785225666638759,-0.23517339143279492,-0.6666779160645251,-0.31967847389370596,0.40894630625421735,0.5600758124483585,-0.01232532253508456
932281.0,0.38008590715712387,-0.03981047079349476,-0.9499994502258859,0.8498948543391867,-0.48755210018017725,0.7902199704081849,0.5474652956900621
932282.0,-0.5695029465292798,0.03598749823147496,-0.28200017626877205,0.8479985169272986,-0.7778288934694395,-0.026986654365120044,-0.12829194888606188
932283.0,0.8336481443061183,-0.8211822854103541,-0.723028142849053,-0.6839919505200942,-0.8497573488797416,-0.18278643424282137,0.1905812157109914
932284.0,0.4466873137141203,0.3320814537470458,-0.6390574756748013,-0.3806891420315295,-0.6127928446995821,0.1662360641485796,0.9411044093570351
932285.0,-0.6166884271828732,0.3248913843634287,-0.8677493836470132,-0.09905250858447157,-0.28264587289274723,0.3142968201344354,-0.4969580500627233
932286.0,-0.6070248541733798,0.2286460685353846,-0.035424623419165524,0.2594934419141053,-0.9040047547401406,-0.2896361386939441,-0.430186166070349
932287.0,0.6767954613159297,0.7285941628545001,-0.47300979089129713,0.5738478196129213,-0.48764713083364164,-0.8221598259319032,-0.22588987967571117
932288.0,0.8850548568036172,0.22159133976030176,-0.3233269301197186,-0.127438624926842,0.3114699044798783,-0.08366307193423861,-0.45381394121378693
932289.0,-0.3515061170543554,-0.8645793064943961,-0.1973220142367269,-0.6338332029508851,-0.48774458724699055,0.26363176823063794,0.7677758750565395
932290.0,0.9922823198732822,0.680273000612122,-0.0842427887700532,-0.09278762200024326,-0.5670306721780545,-0.6689340314145447,-0.46598729279568496
932291.0,-0.6902187990718851,0.9848787301111228,-0.12015507705079465,0.9492484563563923,0.37285759596914825,0.29811936260566263,0.10260076227677972
932292.0,0.8418412702081657,-0.8600733894270991,-0.5461048532081774,0.3087540692112172,0.5302999735601619,0.07780319691735293,0.9447240128192937
932293.0,0.48383810921237225,0.4456814955830293,-0.7315945203348337,0.8635150987642102,-0.7411492052687578,0.020744884123363727,-0.4414553454942487
932294.0,0.2324294365587889,0.45766867983330917,0.8189022275752025,0.39441135973972075,-0.33472724755957195,0.45002215700422,0.9652378006510811
932295.0,-0.6005538512386508,0.6996617119783546,-0.3628175801961133,0.28343648729922966,-0.5269315713683769,0.7413693705436744,-0.6400910614957869
932296.0,0.5870948559496574,-0.5776376610945415,-0.9473168072880334,-0.7270196418289394,0.6555998960293754,-0.8251838200399857,0.07260412420507567
932297.0,0.8786928585417788,-0.18522607901586596,-0.9331457123026017,0.6353490368063168,0.8323731549003113,0.2538509276396621,0.0988786741808958
932298.0,0.18811752111095625,-0.8221982974006468,0.07628054246140614,-0.34069404493014566,-0.6162213491204591,0.7968204684379594,0.6284589915425709
932299.0,-0.4180530647432581,-0.1583201410683468,-0.9499108704579866,0.5198940339163207,0.7336784800311367,-0.552399374845689,-0.3099696047113294
932300.0,-0.5002062406619086,-0.4845566411315112,0.5576604978568123,0.7648419796452068,0.9815652519719424,-0.0823313711579381,-0.9193603381390938
932301.0,0.060927498515793044,0.8832959004851451,0.7213917620908825,-0.35584243130221327,-0.7905382942198385,-0.44979944995268006,0.9638772768229973
932302.0,0.3308121171982472,0.6194276311840796,-0.8340653840960379,-0.004115509120274918,0.16939925395864774,-0.2856890537672647,-0.8602599689315489
932303.0,-0.10675539025120018,-0.3962073981253158,0.2873184835464546,0.3048120395745013,0.9069864251265598,0.5417215751573865,0.5970631595236089
932304.0,0.18276673689788625,0.9410585604943877,-0.5071695885787559,-0.09927848965994301,0.5092544164875399,-0.014849239694435079,0.1906184352755056
932305.0,-0.920822856200207,-0.9353073942946468,0.49679634384924354,0.9216315541816618,0.30417084275766615,-0.44146844570577537,-0.5102337211902899
932306.0,0.5874211747632612,-0.8312979644103167,-0.509295603074299,-0.24871827168668936,0.15613795706989286,-0.20775618443809574,-0.6298513893805657
932307.0,0.9833115987802343,-0.056050096767909396,0.8095861351005269,0.10350932109040789,0.08135249950831325,-0.048003081083660915,-0.12704635544268328
932308.0,0.6733136326848674,0.8144290923362276,0.2819253530168342,-0.5951832914053954,-0.8132715760378229,-0.5455198902482126,-0.30499936787218296
932309.0,0.4957446855279417,-0.584098706792777,-0.39615940854208764,0.11704350803571928,-0.4141042451119292,-0.6867220452870022,-0.9127165592182183
932310.0,0.6827696393176328,0.5338197698595091,-0.23530770223846798,-0.24871361575584627,0.9870811470655805,-0.41837582726917555,0.5919053331486159
932311.0,0.4841677271519793,-0.9173891852800127,0.8475263766879639,-0.029587477171505894,0.2242731243731777,0.3966415266944334,0.08543015925890929
932312.0,-0.7123853737975705,0.5050141582286525,-0.26020677490101396,0.09474824266566095,0.4829061673045836,-0.5637085867904144,-0.6629896066431409
932313.0,0.9490906312126055,0.9007219954743111,-0.948787139634858,-0.7012962832002199,-0.6467207398668724,0.12208884858603497,0.05638319489686472
932314.0,0.25383481447186407,-0.7409933563159328,0.1067451716706771,0.6132502045757477,-0.14623702782190628,0.2680149948884436,-0.24908919362642945
932315.0,0.9993998514154343,0.9170933592129096,0.050753390788807806,-0.781939902629649,-0.2639435017209548,0.4074212174022869,-0.6937387306814988
932316.0,0.8538296479701815,0.06056102889625681,0.6046666090447823,0.8546325836964674,-0.11691354341671922,-0.09608528622359969,-0.41741076349394457
932317.0,-0.9930244330941402,-0.4373624718272837,0.3044827135612729,0.1914887650315753,-0.82318948020103,-0.26457852305518315,0.7372589584049141
932318.0,-0.5931728298108936,-0.883432481011823,0.4886667630046917,0.6677806200766698,0.39455272778734485,0.22033974094634545,-0.4731068002764607
932319.0,0.9339353601871476,-0.3164370441211677,-0.7542359733125157,0.8842327748860135,0.9984732386914423,-0.2732583400849695,0.5412742292397998
932320.0,-0.8597370856941844,-0.4190663373992174,-0.5937335835012516,-0.13229486958519643,-0.7397298385830293,0.791696394403949,0.8955674494460817
932321.0,0.5139748185974178,0.2189274020461971,0.8048594717895108,-0.9099018112668225,-0.7020207231773778,0.5870112633957518,0.5754883717510404
932322.0,0.22265131716274822,0.5008242835647294,0.49495927295996567,0.6794427771105778,0.5090876261897928,-0.43465655144496984,0.4858720670944645
932323.0,0.47179909853942603,-0.3027150201190969,-0.3575306926879107,0.6826399445951574,-0.007895389970059119,0.07875441544878248,-0.12349290997273754
932324.0,0.35769040357232007,0.5259545417791758,0.94238991647122,0.7765657796598624,-0.4401022664829297,0.9958685233738429,-0.36888169614592403
932325.0,-0.25595163778814967,0.7139477751272176,-0.4140818589316171,0.9445157438333978,-0.06974149287124654,-0.8352855192532966,0.09536800293957493
932326.0,0.10537701954241485,-0.9428692037222484,0.6413606062880133,-0.8177796504489425,-0.20144370372949383,-0.7938120573192842,-0.7683060315657924
932327.0,0.9940307286271648,-0.30671948395983195,0.9859316672327281,0.9006781471533354,0.7801344099187102,-0.35206389985389186,0.3978870977682072
932328.0,0.8618901707795588,-0.6421630903863247,-0.5417345529311559,0.35022494771735224,0.9572174837371803,-0.8092998764961066,-0.77034809445314
932329.0,-0.49462500392210607,-0.3372487229286165,0.2678897952608388,-0.37610593550270277,0.9568519369181854,0.8661153261263113,0.6301007024587431
932330.0,0.269264405729412,0.5130556712029393,-0.3802445875713678,0.6241479161474892,-0.3445265457374398,0.7041513697587738,0.6077136968772296
932331.0,-0.7119895272311039,-0.7909725666812921,-0.7765320737313506,-0.3278236593774544,-0.8238096996575199,0.313043171321145,-0.1636846641251204
932332.0,-0.6133736661708393,0.7357378686677272,0.8587027765555821,-0.3634306672013845,0.21943220537750197,-0.6614761873939998,-0.39904227948261206
932333.0,-0.07626788951804864,-0.6031391906789894,0.45832807421029065,-0.6533280000379218,0.6135178758641926,0.25502732043444043,-0.19740204350177382
932334.0,-0.6391530936048282,0.33447093686955864,0.8164262280946746,-0.8122900184889212,-0.0579012827851233,0.1521389981773975,-0.25130485933547964
932335.0,-0.05645148372019504,0.4194600604237191,-0.548185898562819,-0.24174939916959048,0.23929340410198363,-0.6021330046847808,-0.7114383071197865
932336.0,0.91259835004399,-0.02994094241130263,0.7025159723807932,0.17675591516717137,0.7071730519030226,0.28623039017836427,0.9206071452566602
932337.0,-0.7015557190949291,-0.6602930927409543,-0.8474799637858816,-0.7937213916184642,0.25453470236084597,-0.35529537868584526,0.9392640408646191
932338.0,0.9357316727992198,-0.7804023699648213,0.09410167619564946,0.09789415656833733,0.0778295982718118,-0.8676592635587046,0.5179614620886117
932339.0,0.25557833175805533,0.4624633811552925,-0.22026395250700737,-0.1653530924662867,-0.6540205328413755,-0.43691675145997455,0.5910520048313055
932340.0,0.42986001773545945,0.15221721338715777,0.6952309817809457,-0.8784081716532472,0.9324341837191685,-0.5295214496620264,0.010336794550828587
932341.0,0.25325882998095994,0.4834322725295219,-0.7220943304878975,0.21943396438394602,-0.9241290127599595,0.24148342315579052,-0.665223027350013
932342.0,0.9596392559470639,0.468110806598526,-0.10011053607234843,-0.6425590501009915,0.07766970496930004,-0.39060413874555944,-0.8072764513191337
932343.0,-0.010151873071665651,-0.6716236641141777,-0.5274676044291109,0.1676407046353141,0.8276096304902507,-0.43459881225102603,0.6512461880472551
932344.0,0.6327728930842256,-0.2937635934005889,0.023448563870287487,0.9987243858197381,0.580650763506583,-0.18844111938740626,0.23712846118233433
932345.0,0.5219724680086046,0.6071171125724049,0.789891900668396,0.9575861054594672,-0.0313945485408027,0.7995944804142858,0.8003449845228543
932346.0,0.10922818139695578,0.32655384145293476,0.250480708128197,0.8610109677714384,-0.9279937874376389,0.8202809232430797,0.9414671499026925
932347.0,0.2280394615441106,0.7285694677152039,-0.006815321966731291,0.5599946094593153,-0.9349342010549138,0.20168808725779308,-0.7685101125515328
932348.0,0.052072238423168216,-0.26704671138316916,0.7107461339202019,0.04234386542249058,0.014488557528224977,0.41946696696233476,0.19474622633731298
932349.0,0.8400813067726716,0.09805607659739302,0.36939822508223896,-0.8257656776049009,0.8538137779502044,-0.8795165886507472,0.20208409936266514
932350.0,0.6936186791721768,-0.10586070960554617,-0.5108519547021066,0.666714927000897,-0.013869447935813684,0.9764586020833996,-0.8759604692327785
932351.0,0.4118720551373263,0.9731058349751311,0.0782928350980523,-0.427908890832557,-0.28234869727596923,0.26847621129468635,0.013266825950794647
932352.0,-0.3131739574822947,0.8535760797541494,0.07304588454092742,0.3872883991179754,0.5411560301625842,0.05037987573163405,0.7140407243053732
932353.0,0.5443453164816463,0.540486855084765,0.6879817063906679,-0.12565407268687623,0.9504504480350671,-0.7376787147630806,-0.8504998707345455
932354.0,0.08550687265168344,0.7527259660546972,0.7677996035845418,0.23460610989755915,-0.03418976072354596,0.8352030587057644,-0.9423418796444443
932355.0,0.12584978744066344,-0.1681200573635162,0.2909933795012214,0.30108342434577295,0.4687506619951256,0.8171703073972647,-0.2670208438873294
932356.0,-0.09524509532667103,0.946590410546633,0.9259478260152405,0.9783538535649403,-0.730378721701801,0.32945559193397767,-0.07669182688229315
932357.0,0.6155144968789128,-0.22634788626763291,0.13529632636947397,0.18799170568246004,-0.7415365984008233,-0.28853075434751085,0.3826841833594352
932358.0,-0.08272011380088617,0.8849870620968356,0.6453684363565244,-0.3233804690236095,0.9696704318054672,-0.0672175350423605,-0.4589575966085335
932359.0,-0.4485576966993927,0.09597680533224628,-0.7914309612690764,-0.07295275836832849,0.8573054841684666,0.21357328023673006,0.6689958086456833
932360.0,0.06945030165530897,-0.6453773175161968,-0.8590660166775679,0.7778386857489976,-0.5575694451843873,-0.1508591590336381,-0.8589574422188864
932361.0,-0.3042777842980131,0.33401851735119115,0.447039492396502,-0.541585931286408,-0.5567905355819152,-0.6204409290406743,0.6280975777038582
932362.0,0.8994956752107954,0.08381976637163513,-0.6417248420802273,0.2549900827207956,-0.4644644654471075,0.493044821430481,-0.8020559386324966
932363.0,0.04656889738280712,0.30931574790468597,0.728703095154579,0.6498907551990876,0.9435066444673996,0.6144420041154659,0.15981471341485332
932364.0,0.32364966030125597,0.7196223244910074,-0.210030197709401,-0.8317349354338837,0.943084127751636,0.7156152138265239,-0.7192450520238018
932365.0,-0.7260009888125598,-0.3745704541762884,0.5545570217109654,-0.6175385016340804,0.40059147597634226,0.3834934912998891,-0.0833805382378332
932366.0,-0.23353577987864438,-0.6482180946660125,0.8388702252743723,-0.6825864507170132,0.11598811051081537,-0.23032721526217026,-0.9378122915150813
932367.0,0.48577054711895373,0.38078098522887927,-0.46053242945357753,0.24950337433019532,-0.8975972269443229,-0.8126888666350438,0.2081779691074508
932368.0,-0.48620669028576735,-0.8252954378947479,-0.9519187885676557,0.34071001919605015,0.7465152258231695,-0.26013063693288574,-0.9364670112333464
932369.0,-0.7397343160961674,-0.5201983000067643,0.018569232711192818,0.840156545272049,-0.4711135283833079,-0.2282057326650908,-0.8212123911008944
932370.0,0.9095831905780194,0.21690492923943117,0.26957111568020564,0.09616285350931664,0.4704779242685375,0.32511552237324426,-0.00647940198165009
932371.0,0.49339258008198317,0.19850093808772606,0.82895164571571,-0.5916553744159416,-0.5557190313790528,0.871444038577434,0.37020997989406523
932372.0,-0.1837931080586528,-0.6565523985751254,0.6612315836339373,0.033953928542989065,0.08249689784487213,0.3343056800363928,0.2038209060102849
932373.0,0.6563524428360787,-0.8315014925081836,-0.9888990164121034,0.3959329565499028,-0.3160862973411023,0.11929695295621956,0.3382991131270723
932374.0,-0.8807011839341046,0.9487594063768905,0.8678338656023727,0.16587503004039594,-0.673571229283527,0.19771842471073064,-0.1963715732315816
932375.0,-0.7162096069736847,0.6597158942276713,-0.685015095550404,0.7987731002106258,0.24930498778092214,-0.9462605696521378,0.20137418532963736
932376.0,-0.0625629778767458,-0.7611018502289841,0.5444958260740977,0.050737437834059484,0.7328256044681614,0.7610271458454656,0.1835747255179847
932377.0,-0.7557834946981221,0.6866846161611917,-0.33177180040649135,-0.18855895388324684,-0.11271964839423565,-0.7079962761358298,-0.40943089264699717
932378.0,-0.2825325429095955,-0.19067484730498196,-0.9833805670578624,-0.8255954475209943,0.9395675184319419,0.5997676592586021,-0.9868041909687377
932379.0,0.9867031863401325,-0.032582705332575346,-0.1880295858941916,0.31395726514486344,0.899421497759183,-0.47727573171159055,0.4316578285644095
932380.0,0.8577818574235465,-0.12687883019949364,-0.20268634913944172,-0.8983911926287653,-0.8984031720204264,-0.254738581890128,-0.6236125746061132
932381.0,0.8859101522689217,0.280970767413361,-0.5295470178842598,0.691980704817196,0.13156862823567894,-0.26245846125139427,0.8324059674066961
932382.0,0.5826373149199993,-0.9152497889152935,-0.9019610017129907,-0.8031799390320458,0.561702346652817,0.7067259345460994,-0.17464278025625934
932383.0,0.29503528415269664,-0.3481341904055433,-0.5257271950412432,-0.2951568257892818,-0.18230690939473537,0.2765637687128417,0.7218265332763893
932384.0,0.6104661860362623,0.851564545940763,0.04744407657703964,-0.11237065082277375,-0.8630083928802221,-0.6670389061196924,-0.13392485988000447
932385.0,-0.5286904915819037,-0.23105259361963992,-0.20227519486845424,-0.12873987521805552,0.31055463449038356,0.9292540863627994,0.9786110100338232
932386.0,0.3935778797942442,0.6721724412141739,0.6160157839334528,0.3877864072108954,0.8018961895321672,-0.7782440686514291,-0.7220645070854701
932387.0,-0.7167075355005135,0.4756586107301979,0.6187977334123482,-0.8216662602348168,-0.19637420710061604,0.7815279354892875,0.8031883611109554
932388.0,0.5027324953503622,-0.6067278017041569,-0.14071644635510716,0.964640231221255,-0.8970658589458695,-0.2373676698624796,-0.16520231314614575
932389.0,0.3934585613230823,-0.013603267634649585,0.9381356380028103,0.8181669714453528,-0.31671436352464477,0.07095046349536882,-0.631045487716354
932390.0,-0.4325635598343973,-0.5620392595172004,-0.9933227990528082,0.703053412999727,-0.17579607028485222,-0.12871895969614644,-0.5097823106879789
932391.0,0.26552458933511747,-0.8258607006678604,-0.18306232027556546,-0.4716417727774407,-0.001473305377611478,0.37081906275512844,0.9103116747069335
932392.0,-0.8598195738190995,0.7637208442275749,-0.7130537981894731,0.6661194912251669,-0.46183601856225676,-0.49860223981608653,-0.3865363660049965
932393.0,0.3332989856767301,-0.8036256524996668,0.9010250062248106,-0.18289833887285623,-0.7661972299458493,-0.49229648751888466,-0.04569803457932475
932394.0,-0.8926522399842278,-0.05914047669981248,-0.14913465959643313,0.4457838567668735,0.28204548912543603,-0.7369001273827394,-0.011351282718072842
932395.0,-0.3317688910986192,-0.06299753539419362,0.7848448127597207,0.08560424663087729,0.3613349511728636,-0.07899423639788705,-0.6126661934559912
932396.0,0.33755648297505547,0.09828522629231062,-0.27976029953084036,-0.44930763626103576,-0.9105497120469135,0.9043596207253319,0.4233994057656305
932397.0,0.8435953571754848,-0.9396529619980787,-0.5655575352337763,-0.6329751512692667,-0.558052291717769,0.38130946056275805,-0.6155222297319107
932398.0,0.021359596707338557,0.5255132602453612,0.3685780385124251,0.2703951423370192,-0.0024865459098943887,0.26384288563374403,-0.886700779339801
932399.0,0.1751103612441096,-0.7823503073174811,0.2167863173758937,0.3880426437212574,0.9657837227200992,0.12816207337883823,-0.8844024158159121
932400.0,-0.5299039277703907,0.978768276320074,0.47558451740798513,-0.5626706787529354,0.10655934947687729,0.5329095297305213,0.31159948360249223
932401.0,-0.6457421979531959,-0.061780892942645105,0.41206589349876954,0.749065658295818,-0.9489717515571494,-0.6245022394127007,-0.174810511597844
932402.0,0.6799102248215403,-0.9345683374014544,0.5673431721777071,0.5725863314246946,0.3987371809900784,-0.8211791450346959,-0.41496010664207184
932403.0,-0.05760914262926975,0.1714856720402862,0.4799156572991259,0.15108099576381906,0.4357817589161166,0.6318152563365624,-0.703246853372173
932404.0,0.7178823530408025,-0.9811703419603961,-0.062136344174342106,-0.5700642975035235,-0.8909354235529168,-0.2918162409659275,-0.705589276329287
932405.0,0.35928625606114806,-0.43976769082207157,0.3900346081490569,-0.26553875780055947,-0.8107686266212195,0.29968778521836303,-0.07791784291822434
932406.0,-0.41020190745111074,-0.8325084406603072,0.0053616427471261385,-0.9305408678675278,0.03819608477270631,0.4645227360630575,-0.24462344172677608
932407.0,-0.7136119355369077,-0.7484550999723409,0.06438658637542893,0.20259050292154712,-0.6123019980871827,0.7086509242412273,0.053396825569101525
932408.0,-0.6041545109264939,0.09863058340039377,0.10748796767038349,0.9637291250846629,0.023222846722948276,-0.23544706325295084,-0.5113841757186341
932409.0,-0.33406013659689027,0.057948607048569745,0.026711284183706496,-0.378081320394565,-0.4893544525943232,-0.2907171742781989,-0.6043184494981702
932410.0,0.2792721395328843,0.22639920075434428,-0.40116321297656077,-0.46547965583178263,-0.7321033946074043,0.18092734006145972,0.29554447089513447
932411.0,-0.5494638235907288,-0.6088633287976222,0.7225701916966027,0.9313191636489286,0.1742720497410526,-0.5681229612563703,0.23041586846237383
932412.0,-0.15187346476829622,-0.4288990583173009,0.5518422842753723,0.8363083874878359,0.7475764511675613,-0.8090369621990412,0.894653194514359
932413.0,0.31639895651192673,-0.09800086488546267,0.297578279163885,0.29273645942384285,-0.22590342450671663,0.568538067053248,0.33488774122245624
932414.0,-0.6453273647208402,-0.5513233349719187,-0.35875280108818663,0.7190835663163122,-0.2574249112106799,-0.4099020260721107,-0.7175177621860858
932415.0,0.23296871990092227,0.8707167327262428,-0.29680410834123205,-0.5953541551752213,0.14564239834187642,-0.19516819116422424,0.7108053182773029
932416.0,0.8173179263857921,0.8038707176667361,0.5209905284722551,0.13418066039231036,0.0364092888580978,-0.13962558006284298,0.3286438728792933
932417.0,0.5841635255990714,-0.5064061487097355,0.31981593320719504,0.21200216507687264,0.25468157509775025,-0.6137656973736607,0.10674359499981811
932418.0,-0.9219238145247424,0.5408362392062716,0.11014320432644431,-0.23490719959571105,0.3993135629068778,-0.7886257174152209,0.6052930399313339
932419.0,0.6233470811786215,0.005680802796187212,-0.18551910419213424,-0.09426395028281087,-0.8664408552083647,0.22716260381411324,-0.998364964720386
932420.0,-0.7030553034982328,0.5303587060072457,-0.29397825970977465,-0.2965141051466247,0.4079220128916601,0.4137369350756721,-0.36743985506294075
932421.0,0.5659532681110326,-0.319584106222385,-0.04173991858637205,0.4678515254263531,-0.6976406838501032,0.48051306703421504,-0.7960554204643786
932422.0,-0.09841715879009749,0.0695927569447865,0.4130046600779338,0.6564875680391873,-0.2403670259587003,0.10248766579693624,0.9805153927773236
932423.0,-0.8184042575154158,-0.4813145406419477,0.7297869402947166,-0.7730495787142391,-0.3014873944788623,0.4125912066789734,-0.17978071232046133
932424.0,0.3436607485140388,0.630603551423006,-0.6665509458696599,0.4381512500074094,0.9461231323274286,0.6977867092721506,-0.39219707257995573
932425.0,0.4198590991139366,-0.1373221366734867,-0.9156127100091895,0.12222982109953096,0.28708918379770165,0.10150978899652308,0.5350111021894735
932426.0,-0.8320186006233736,-0.7687956779599043,0.23437503420423766,-0.3598673403676702,-0.16626740176399357,-0.12058750651688732,0.9016439724016292
932427.0,-0.4490600763606569,0.285432034794201,0.018281428061130978,-0.9644047112694316,-0.39975166441522303,0.028120280928848995,0.3131531885851051
932428.0,-0.7646674777617077,-0.41959195575255515,0.5293512796459594,0.13630352557852277,-0.5027875472665011,-0.23510664436183926,-0.29269642483502634
932429.0,0.538059055011791,-0.07085325267486065,0.2818720415161844,0.2968960040014963,0.532610632959915,0.787501828464622,-0.7852232928965661
932430.0,-0.9806864848066119,-0.16589281852873694,-0.2066476757722926,0.616612907433107,0.08271379568577153,0.7604735670915601,0.23217621152458667
932431.0,-0.3738989838697493,-0.46397439335946156,-0.14180817795809775,0.041685570585990206,-0.38036626917812133,-0.6840137000519837,0.521512698242393
932432.0,0.6482636482889803,0.4362033367129965,-0.9576016799647347,0.7683466153415117,-0.15266740040888727,-0.18106551338930665,-0.6558158380468988
932433.0,0.3295163535069483,0.9698747492995166,0.304157442188318,-0.4972055835577289,0.009180240018151764,-0.2774382453805553,0.3128726258783374
932434.0,0.18484818222735222,0.8785764629073436,0.2545688141700595,-0.9013089018066398,0.16449399062702885,-0.11447903550201466,-0.07277403017775086
932435.0,0.5372930031188878,0.13447697964127925,0.9036896110207804,-0.558098738405034,-0.07239343079269367,-0.2322641276472508,0.2872278454579429
932436.0,0.004004876887466757,0.8913724131778029,-0.761066095096246,0.9502406046289003,0.5078163686841732,-0.37044388309838316,0.6850366870398317
932437.0,0.7734571908664085,0.29645441708623665,-0.055917894279642555,0.7570702081767802,-0.46388872307724793,-0.2733730780893604,0.45161124948101117
932438.0,-0.28104844517422634,0.198500146370995,-0.985416986026324,-0.38297142561779296,0.43199254503121787,-0.06699890879641268,-0.7094057008901025
932439.0,0.7451102228127016,-0.2583083039784555,0.0897293738758056,-0.9862451555544611,0.516970425375777,-0.8951919775152115,-0.5006124780023442
932440.0,-0.8823510191937696,-0.78501608041519,-0.5833801574389677,-0.7758758283831404,-0.8182222259987264,0.28842160174474385,0.7698316063096997
932441.0,0.5297882323256329,0.6891276832425635,0.6503138370819965,0.31420387358673785,0.5558133370310336,-0.3639202138864972,0.5820237067226086
932442.0,-0.4923315930002774,0.8693873113346724,-0.7705681151889561,-0.3001728587044794,-0.15005982505267212,-0.8115354538678883,-0.48811727692092965
932443.0,-0.7438789808123636,0.6395935030125603,0.4598894639154345,0.7394789212479935,0.8589182883891149,0.39346336621489875,0.1559181468698343
932444.0,-0.07419581059196889,0.7798414216119576,0.42463940996237826,-0.3385820509008657,-0.6096859113150654,0.54658592889546,0.7548644476740907
932445.0,-0.10574398026605936,-0.371489997089401,-0.6540053915767541,0.8045650140415017,-0.974279514297157,-0.18375253472044206,0.3840873569336538
932446.0,0.892493246761233,-0.5255161560745654,-0.7715149916918411,0.5444751027049559,0.8159809440482568,0.4506627844212492,-0.22042430747921138
932447.0,-0.4200999439887054,0.9411594461626869,-0.27250210305100264,0.44212984552889645,-0.8174203565936022,-0.32404918908299907,0.30124469864633574
932448.0,0.6750490293712901,-0.12813248647012343,0.2920908719842017,0.7505424154756215,-0.5612334617479657,-0.37835040130344333,-0.0689430644759581
932449.0,-0.7106371897569062,0.1644995396059239,0.03166216505518982,-0.3747945324596105,-0.1179540091806428,0.8011722666526273,-0.4160080180780419
932450.0,-0.5357555461346255,0.5848398438534279,-0.7408032741652111,0.06214303270642718,0.9804638768264615,0.15720946742498998,0.42395020945315376
932451.0,-0.2532296338266067,0.019427901268949554,-0.9853848828485858,-0.2609859509868995,-0.10755788010827927,0.04330035557965073,-0.41313447528677383
932452.0,0.5870654120466876,0.4385860399828936,0.47889475238762147,0.9490283277018545,0.2364323084504345,-0.8387388520542838,0.7994929821417562
932453.0,-0.5652408761772383,-0.22019909287908512,-0.7872970475543337,-0.25527425946321003,-0.709648312400649,-0.6345505174361088,-0.77448245130907
932454.0,-0.7184382636608746,0.2782278196256729,0.8523185169410417,-0.22016079868725336,0.05695441273286539,-0.9258297699634326,-0.6832108070959335
932455.0,0.9140729286499125,0.545710961968281,0.10828770996764936,0.863218818203304,-0.24368528077090157,-0.6889813826360465,-0.38280377488444617
932456.0,0.6458544562848207,-0.890343801540618,-0.3737502138265232,-0.4754789196003286,0.05826565397103689,-0.29389792383092517,0.9735306489216333
932457.0,-0.10404884821162552,0.7573211561649431,-0.7524938921267856,0.8573128642961523,0.7811416902559163,-0.06879589521044993,-0.09690112988547872
932458.0,-0.09051734877744555,0.2054607563483295,0.0028420954521817254,0.11145205982897766,0.3248984030283344,-0.5799804758720795,-0.8320257361652657
932459.0,0.02022162401751304,-0.8173935094022575,0.4736649930224719,-0.9741978915400573,-0.2404149349842979,-0.9327795033525748,-0.9867854762346335
932460.0,-0.8564626503841797,0.4571682347693462,-0.4502225619561375,-0.8223253886356052,-0.09443498110968473,-0.11178688393683811,-0.13691491253918064
932461.0,-0.640750432789204,-0.8931470095395615,-0.44855657131742266,0.6403390981039401,-0.8514088104232445,-0.035441831379104505,-0.23389016551818242
932462.0,0.09162342998278428,0.49778802333656835,-0.7380218698768719,0.8097866147529089,-0.11542329790414363,0.4724193350152859,0.8969234987779933
932463.0,-0.8217850852824418,-0.8173082291497191,-0.5281794019657808,-0.09171996236749269,0.2952522407876037,-0.6015224051971753,0.554846391062269
932464.0,-0.9495551239018747,-0.07210234992941023,-0.6186440976286669,0.3620155047973257,-0.8538474328397472,0.4927688503072327,-0.19079669263618038
932465.0,-0.2355318916276552,0.10539872878939494,-0.7131814583781766,-0.3547950321548783,0.5840328808139472,0.8981693691234696,-0.4019063321816476
932466.0,-0.9970584569737357,-0.15078926311887852,0.39529436242376814,0.7472862072449082,0.828626651891518,0.19583810427998238,0.02807428886081431
932467.0,-0.8335761376273629,-0.2206271617234259,0.6846924975694444,-0.4329517390868822,0.6208035121492765,0.6291522936547034,0.5884713953651481
932468.0,0.8058618810964717,-0.33420905461798545,0.33990496787801394,0.9610602703240474,-0.2783275189003085,0.7312298589809099,0.8599935852187697
932469.0,0.9863914981770796,-0.7468304436294688,-0.5794926086148144,0.04238207770869584,-0.6107402363519536,-0.8240092222779081,-0.7442900808728032
932470.0,-0.676018213785657,0.6349666557844176,-0.8465220929858361,-0.9661126051306461,0.5329033588219978,-0.4640528744246393,-0.28014933595139313
932471.0,-0.8386053103202182,-0.27776152437654056,-0.2846881560303334,0.20391357980947378,0.15104017757162036,-0.4780880340881961,-0.33895469064187256
932472.0,-0.5211253310581547,-0.6542569380644943,0.8809258587593356,0.8066237980442001,-0.26968247098775944,-0.650402229305675,0.9655236937391136
932473.0,0.5786582470197177,-0.7406538306830208,0.34347251486394836,-0.13190208836468398,0.3750518537184082,-0.6930051708350358,0.15330248230848098
932474.0,0.3646787587961451,0.4721458083315926,0.07820682636861331,-0.8339455596365211,0.10643295947007214,-0.3264263201977078,-0.046405586721547154
932475.0,0.22430535266366936,0.33886262786696464,-0.42698142324217914,-0.3244039800585172,0.557000699621043,0.2796674225928695,-0.15736028697673543
932476.0,0.5601631559253093,-0.4269879493227,-0.9263252240287725,-0.48221746442475744,0.759247724824593,-0.8356637654113697,-0.800585488626822
932477.0,-0.9378456818603975,-0.21252281709228704,0.4509188504818582,-0.9821705070062514,-0.09418768737987171,0.8849115583640617,0.5700402950567762
932478.0,0.7041267730476164,0.49123234849752606,0.7314652028596573,0.5866089279906501,-0.5332861691715969,-0.670118780636666,0.09735742063648423
932479.0,-0.44038132041542655,-0.5136890689562379,0.9348259817122322,-0.22239598891787216,0.5346985955705092,-0.48564527855447315,0.9815973464009384
932480.0,0.641673630330361,0.7284990711730355,-0.8546972611078236,0.9881211608325438,-0.1638140592374271,0.16501143101388438,0.9579502662936163
932481.0,0.12241984530197558,-0.9362410203559715,-0.027971383269084438,0.19515012680099963,0.9172351623711248,0.8801484107078519,0.5469255068159633
932482.0,0.7886193203339598,-0.010206077961393278,-0.05403643020425797,-0.7352681700413142,0.21952254096356683,-0.8454341183518952,-0.6614207019667491
932483.0,0.6849736529801129,-0.7497002080663815,0.7663360032273818,-0.3636705502192008,-0.42707154845660433,-0.5332526220126184,-0.964231017832446
932484.0,-0.7613170697653044,0.5938184091216108,-0.6871617438564421,0.506704966930259,-0.43380813192055756,0.8086188030423824,0.39739993506738047
932485.0,0.5886753072998012,0.29537760039930894,-0.4895290573595623,-0.11223642429136782,0.9282956389511625,0.35286570580743803,0.004843447573349202
932486.0,0.37447791294647614,0.5270202215985893,0.6445039105061765,-0.035846991312152854,0.17036602981382543,0.08891928998098142,-0.17213813887167628
932487.0,-0.2234928598292747,0.8658165524011208,-0.6970937092793232,0.8359472307877422,-0.14588638837961243,0.20425330468524305,0.05864035690506286
932488.0,0.11188030165022411,-0.7943844730230178,0.17431710932941624,0.3518447966377751,0.6351292768481736,0.5498939101961691,-0.9842379360884825
932489.0,0.7488901625724773,-0.3183329886631081,-0.32046736013938704,-0.2799656144168361,-0.7521086175271643,0.9245726212729033,0.550682042671268
932490.0,-0.869038977955733,-0.7825913746799842,0.6997338009443044,-0.7284717954447832,0.8284696289829134,0.602086691660862,0.02962152266619511
932491.0,0.2648625352713452,0.1457449833633444,0.40626208891569227,-0.3262468846088473,0.04315683429069761,-0.8498901928662401,-0.9180050004320852
932492.0,-0.21359776369672612,0.4429877860183924,0.8012562561095589,0.6695999690421073,-0.47041364407946684,-0.9857997678822006,0.8937910798499242
932493.0,0.9763904816731113,0.44757141620741137,-0.35065573465984734,0.23094263002590654,0.18746556758509203,-0.2544298475917792,-0.05686183476813844
932494.0,-0.6600175981892369,0.4956944026864474,0.1472393136939787,-0.2911451987555611,0.9290812481105706,0.6275967732259686,0.8884794276299
932495.0,-0.7740188881601038,-0.1034998942415617,-0.5088056741520193,0.7320962934746367,-0.10022686100308276,-0.5040019782951626,0.7239359393703113
932496.0,0.9475569358761717,0.6657500314996054,-0.13700180706070508,-0.692536969611715,-0.6976305232174369,-0.333340731905877,-0.18382164083914
932497.0,0.13895534719029268,0.5336138753248678,-0.35883675365485557,0.9636979464104218,0.9648091661845541,-0.9625294539961424,0.6004192152127661
932498.0,-0.7219204121452565,-0.8537851143965949,-0.9286842888718572,0.023706445240725404,0.8552380130845654,-0.05453155733558268,-0.11876667173252753
932499.0,0.8827564065309574,0.009936977739053665,0.08428392202049362,-0.4911888128505444,0.9001618544957184,-0.4309745848071378,-0.2773045183673495
932500.0,0.9854421401103479,-0.9828089837927287,0.04722819636749587,0.1597039545197072,0.5723635049274918,-0.6808851432176892,-0.01818325275970234
932501.0,0.8520096638345802,-0.45856019205396037,0.876150289877577,0.7241244695873403,0.12105798284211722,-0.9426287880006232,0.2238295498995322
932502.0,-0.6829867218118053,-0.3477724993617173,0.6623373650793472,-0.08054556823231906,-0.2082948974317851,-0.7854532467935158,0.37278703718167416
932503.0,-0.489144198745451,-0.5884791081332847,-0.1470701578042759,0.7969013501482574,-0.9360155829217616,0.5299279368857137,-0.36262666120704967
932504.0,-0.753750336399833,-0.8824100649136182,-0.7267163132749781,0.6585764339471376,-0.47607309276959664,0.07175768892977241,0.1947638964858227
932505.0,0.06249333086071496,0.08107684926756553,-0.09840038507613924,0.8229555766795813,-0.3627915364426084,-0.46309715348765357,-0.5556378259527013
932506.0,0.11485666342320755,-0.5018446909536567,-0.5866398405145683,0.5016241185361641,0.4990031811562228,0.18484264881271595,0.01996634909049333
932507.0,-0.26577885803043855,0.000855980071591933,0.529238448325154,0.1707599008736096,-0.8647441401259084,-0.5118674497043403,0.01321650272998176
932508.0,0.9960533073125246,0.3437180179188106,-0.7062014305137858,-0.05296756086102561,0.5384861887930259,0.8923918159693975,-0.8209209700026616
932509.0,0.48069035341900235,0.8838013782197445,-0.7596633245496458,-0.523192154741116,0.10284454462152715,-0.10176846689447183,0.3573531596870603
932510.0,-0.3904606655750815,-0.8287720201788304,0.36744997983058214,-0.7913628302090314,-0.834794246986658,0.15839947200557902,0.4381377075727475
932511.0,-0.10161336918247521,-0.8802336272522089,-0.11744376686069402,0.7637878503645537,-0.009655414400154605,-0.6160884714076214,-0.9425001875609351
932512.0,0.24707681939658688,0.9767638576713331,0.6284793271791733,-0.11016834667875952,0.09737463652831324,-0.26497093325344645,-0.8663684687470741
932513.0,-0.30028779322326526,-0.7464893660165854,-0.22393196780952063,-0.40367649938195016,-0.7529561752724994,-0.1106338669823077,-0.9706943972719357
932514.0,-0.7818458389634817,0.7820254493841579,-0.6732697491596662,0.40983289909534304,-0.05423567747643809,-0.07706883610934767,-0.17009977897749784
932515.0,-0.44900005914464414,0.14652153263847612,-0.6150659870715227,0.3502137217488033,0.35566748819938554,-0.6129988654631295,0.38215821512979775
932516.0,-0.046336038315094585,0.9467104826373869,-0.24621420687930318,0.35766718613660764,-0.7236799526801001,-0.39609337093967145,-0.3057937459661846
932517.0,0.9101892115212902,0.7756321237738599,-0.6944778974551926,0.8444802308819102,-0.5697134025580748,-0.6507793362223475,0.5904061270755938
932518.0,0.17449108317502882,-0.4310193208846238,0.5138162240220123,0.09131834736049815,0.11376245691525111,-0.32573401568493443,-0.07369329843180616
932519.0,0.03354470446514157,-0.28732936621088734,0.9758908829907675,-0.8987793996925082,0.8812521114165281,0.19764204317445255,-0.613407407932312
932520.0,0.24985318906148501,-0.20842676934056925,-0.9933048754187845,0.9792373484525292,-0.26211537991697487,0.7989594707332577,-0.2954783396435485
932521.0,0.37398284506639423,0.8685075572916789,0.902635990519985,0.31560424577706425,-0.4776726509788649,0.02641915280908802,-0.19214470094770664
932522.0,0.6094421326158255,-0.023860436850108746,-0.6941684086468969,-0.6318750122650403,-0.0001241109461496137,-0.584755265776407,-0.6317066576291239
932523.0,-0.3854772786609122,-0.1927026530085818,0.6704264272825111,0.03435479729066837,-0.5420391803877691,-0.17921597751811258,0.826084584648898
932524.0,-0.19025186443515452,0.34775767656372536,0.5725318192634157,0.9817166465090592,0.7710175448155208,-0.12684666713195014,-0.5275961334774433
932525.0,-0.7214085241225299,-0.1360853326004301,-0.8475305813621992,-0.8430820512364137,-0.6413654245245288,0.4584441930258665,-0.9951734752970858
932526.0,0.7746501788315521,-0.5385399504571959,-0.502466685588419,0.6187313017868921,-0.4440740375899348,-0.6225571107487387,0.16595879048016804
932527.0,0.8201328946097364,-0.9837818787520491,0.16790996044999495,-0.8795981378182254,0.2857447003798719,0.2780200759297613,-0.45628507427531795
932528.0,0.9860538348188492,-0.8782439848882346,0.4178674239896536,0.10870787016218375,0.06474400257133683,-0.7421296693698476,-0.7758555040322395
932529.0,0.5726995311386307,0.699669408704211,0.5554440245152528,-0.10331021999259415,0.3329390860154757,0.5128296831314054,0.32659418330274126
932530.0,0.48683266660960833,0.5731197652501911,0.38502736941867055,0.8746578102432965,0.3353704057037967,-0.35161292867553806,-0.8821154290566335
932531.0,-0.35813694337736246,-0.7764784629590344,0.3131843167078816,0.05169282400902975,0.1567686983729315,0.3331115779535858,-0.9840492150103839
932532.0,0.49679425792098186,-0.14275120692746146,0.34372281184335707,-0.6511656275396978,-0.2519889010927503,-0.5801488572516587,-0.4397475670964526
932533.0,-0.31708772207635993,0.333992359267965,-0.8707635352469516,0.485540246791057,-0.9843803918694682,-0.4086557921767868,-0.33018030002698784
932534.0,-0.8333495195118228,0.8005708149290998,0.11087198501744511,0.8594282999117255,-0.8565425467486283,0.6296248721261426,0.5748133002592328
932535.0,-0.6302634801828089,0.13142493840661662,0.502398133555062,-0.4008353244008025,-0.9611375478212902,-0.43842273147125543,-0.7713553810803937
932536.0,0.09362371823343074,-0.7530156014605072,0.10767979597388044,0.5815595836539644,-0.19239584570102863,0.627814490802552,0.8459614553518895
932537.0,0.5016374722295791,0.08155907463262069,0.11573249389899054,-0.43181231971686573,0.33671620846328665,-0.19031288193548446,0.5447306400621375
932538.0,0.5945592072856722,0.8410720835433216,-0.5969349684856928,-0.3986271051755106,-0.09353847493813072,0.09287221848952987,0.48644114646213477
932539.0,-0.7997603528664541,0.8572750153309048,0.17668344642565859,0.9392789166532256,0.7884879413992414,-0.2015079715110244,0.42401074883781065
932540.0,-0.12791172571334508,-0.2000554448925731,0.36539933960630977,-0.8995283794537907,0.29974682487867743,-0.39534485055264,-0.14571850471213077
932541.0,-0.6447723326244381,-0.9340080902870112,-0.9981689077345595,0.13680067507603266,0.28751253932372234,-0.0950225401243745,-0.34521600109648576
932542.0,-0.6206696728765635,0.39355785687857536,0.07786564970485732,0.3853081225040884,0.14145530098644765,0.7088338146098596,0.1900894523581409
932543.0,-0.5506849178285156,0.3557695096793396,-0.3062551078761522,0.2020525644093787,-0.014751444664821145,-0.16081030087122605,-0.3864711182059728
932544.0,-0.01873556088188688,0.5898138585603834,0.7093992038787991,-0.27879427133299095,0.33491984230212113,-0.42984085808444483,0.6121788565138397
932545.0,-0.1952300298108065,-0.8271256195385284,0.39646350999535707,0.8492346701909188,-0.08124352959298475,-0.8094997067537915,0.4282717140235399
932546.0,-0.7219752390891623,-0.49271776006955537,0.666312135687267,-0.9587940198003462,-0.24101758951568653,0.7859656853095858,-0.30005237571331445
932547.0,-0.27757318712275714,0.9733527664133097,-0.36980003767861724,-0.105072520469073,0.015240563091391213,0.5448509401870154,0.4261578928558831
932548.0,0.6766873643182172,-0.4329486804738343,-0.6984794543879471,-0.30405706377192754,0.8201607112703313,0.509455339849872,0.9128514364254923
932549.0,0.5968960251065776,0.3868313226245499,0.13008593420433812,0.9036348442397721,0.6938415614258373,0.2076144143044354,-0.08011049921197211
932550.0,0.9618046961207511,-0.6528089036590883,-0.9026579035172069,-0.5873044095581499,-0.6379369036959506,-0.17542274034238825,0.7545694676859664
932551.0,0.5201428406170701,0.3882711321288561,-0.5670127066376074,-0.3715652694890548,0.003808333679352627,0.7059445487914209,-0.9397647695644527
932552.0,-0.9211853744639455,-0.8626050253358226,0.18184880008863624,-0.7346592312962288,-0.26308533468126116,-0.0004504403902465537,-0.23224382755932882
932553.0,-0.7777647672872212,0.4418064444558347,0.019879923800710575,-0.2788561139765078,-0.725838671940422,-0.3596651863032194,-0.9595796628470139
932554.0,-0.6358542561354714,-0.47811142559658126,0.6548827312941807,0.7329087394622147,0.23411966640383874,0.4945170047530365,0.9278816390801816
932555.0,-0.4526830459643869,-0.2869627973053508,0.8946407111114116,0.21304700997029014,0.936604943667545,0.0025741942165640186,-0.34040336250536485
932556.0,0.3820039851601438,-0.16713754696640248,0.9735015693565086,-0.256331951250373,0.2289825968887811,0.8779290134478264,-0.12217500128091907
932557.0,-0.851103927102316,-0.6528748716402306,-0.9370363089003273,0.8168141361635,-0.32898154148019887,0.2511310056807412,0.28848402487099545
932558.0,0.7903694760931672,-0.08967228386724702,0.7961687637121777,-0.01686981525175746,0.3291776936191395,0.2515859202596167,-0.8408661098220274
932559.0,-0.8072555140580417,0.9404772521373637,-0.8284280680186982,-0.3593240169676222,-0.5911283739617457,-0.8439226922647358,0.7248985415513873
932560.0,0.7809810955356116,0.9619202145227641,0.7307224481469488,-0.6781428061622317,0.2842941890673527,-0.7671660742857938,0.027891984845205497
932561.0,0.8590001143838417,-0.019525816055628198,0.20826600522093863,-0.7969934261019882,0.29452878213310374,0.43186673249503094,0.9176801527051814
932562.0,0.3028392294462452,-0.715916224915224,-0.2056936974306569,0.03318430206341105,-0.2741092686150399,-0.5714536386492719,-0.3621915928767816
932563.0,0.8571703524609311,0.49087406886343676,-0.17125006811359533,-0.06318473515597689,0.3454546071877025,-0.11815224431330007,-0.6799866648439086
932564.0,-0.8236891464377654,0.4213802953081458,0.8774161013530786,0.9249140612871711,-0.870638266888196,-0.1440739406977194,-0.16444407118283766
932565.0,-0.6217690500076198,0.22656588595421923,0.7346565072809099,-0.5013808978351839,0.1361481482085236,0.8793123565456813,0.9353991808652995
932566.0,0.1763463688022051,-0.37027008395923433,-0.5712176158108784,0.19451072408118764,-0.4410457021785201,0.12412116984877453,0.8373008007041587
932567.0,0.18514611856066976,-0.3484406756535039,0.9382407761037226,-0.42990537630026293,-0.6220033144639101,0.8642782543310592,0.9638377808676266
932568.0,0.612707627046639,-0.3842820152875317,0.20775900504667622,0.8672785352384293,-0.2725085604432964,-0.9826641828430274,-0.1608314884049633
932569.0,-0.07078275424072666,0.04253344955001004,0.8854959083777125,-0.4239285027615016,0.30270669797166105,-0.5469081467378296,0.7750143748420499
932570.0,0.013839829918009361,-0.8336096416837053,0.35537567827136374,-0.27053062723237,-0.033421903345255854,-0.8967511237176211,0.4230229682631683
932571.0,0.7228195847405701,-0.9917466457134974,-0.04433156319527409,0.7068091251075796,0.15852873429960024,-0.7644263343170385,0.1233110204499237
932572.0,0.4047076213138301,-0.35714636131774014,-0.4582060587406749,-0.37673945193861824,0.8739431722900994,0.1771377881408267,0.9350580387311349
932573.0,-0.4185899818054144,-0.10468250075464258,-0.09705808607153399,0.7321558527249785,-0.4441133981049379,-0.7497891831073662,0.4204599491826666
932574.0,-0.29214765588917757,-0.1625327806892236,-0.2040642731479989,-0.16760368123826308,-0.8510694400288905,0.5184159824456247,-0.37647662929211423
932575.0,-0.3916872450112845,0.8938754913261064,0.2980152367644968,-0.03652473751344587,0.9342625108363838,-0.5036126639600167,-0.843089433118642
932576.0,-0.5687421638765784,-0.871694453176018,-0.3249831539246131,0.6020252689926009,0.20931733588279156,-0.1872238076305479,0.6083045422484092
932577.0,-0.9507823805639888,-0.5551572034201346,-0.7183206259217827,-0.7701439371545813,-0.17890150157976925,0.5526543152240502,0.7293521983719939
932578.0,0.8827756404219638,-0.5312440909754443,-0.9747765964821269,-0.5144726231604686,-0.756149563393012,0.6094177379062218,-0.38184942774443265
932579.0,0.8601357485763879,-0.17747065880351776,-0.7059544745236344,-0.9788140545813062,-0.47500953570490223,0.49218270473052006,0.809795936937235
932580.0,0.8140999671822007,-0.36727390105042446,-0.7483236184899211,-0.7051712302765638,-0.8414253087914783,-0.9689392714917586,-0.6604057651577457
932581.0,-0.9946043698461877,-0.7108599132681397,0.028364443682631135,-0.7682525553887478,-0.659489563566271,-0.6655115376897613,0.3804599074936139
932582.0,0.7689835507724667,-0.1873868265599119,-0.4623408372660467,-0.1938731599213137,-0.8398393491021385,-0.9723931865762814,0.8171669148946548
932583.0,0.30525972925957046,0.4556111550640216,0.8383183826979808,0.3744401841828304,-0.8927700992955971,0.22941149034193242,0.4241664915348997
932584.0,-0.9235123365511304,-0.2927279511627794,0.77090346625486,-0.5652982857013249,0.11186872306014806,0.34712948658306475,0.6364874204641287
932585.0,0.008648026623695682,0.7322093864527,0.027026856561794377,0.5367340063000916,-0.160441231531542,0.4843258345726962,-0.47650094142450805
932586.0,-0.5553821249639304,0.7170973237677545,0.28143183327581145,-0.6815007068152206,-0.3203808947293021,0.0628667011476467,0.7615307266411231
932587.0,-0.3084028913559871,-0.8412648817769972,-0.47810308631104736,-0.46458964938418124,0.03171218388345132,-0.6852425614501159,0.35035844991617426
932588.0,-0.48450430440947634,-0.4031795949141994,0.7108066929181427,-0.8483336302934217,0.0014859323871572183,0.5887298700408885,0.048079253339478045
932589.0,-0.9219181938527081,-0.18529452889871778,0.1325262760336856,0.38600711065445825,-0.724113303950578,-0.6880791081075508,-0.9094560615272591
932590.0,0.7064946922197572,-0.2689945904760864,0.27615064137559187,0.8384348553329515,-0.07276386988995309,0.6246393074402874,0.7520011501660806
932591.0,-0.9741300919885731,-0.24829533073966958,-0.4623066923167414,-0.2885059013768667,-0.09654051620803261,-0.05625908757386422,-0.9334517302212386
932592.0,0.6066791043057675,0.7382605394056678,0.2254661891739589,-0.5215100361144567,0.12437511999741324,0.9245757530452976,-0.5138213569037937
932593.0,-0.3161045879064017,-0.9610337340485904,0.8298373526424785,0.05665214150263154,-0.4295831587180716,0.14120927264024785,-0.2369046031041364
932594.0,-0.9305262699853563,0.19978666518816102,-0.5365347345074925,0.7465289212640265,-0.6927711659709679,-0.8820306094371413,0.5481986906122123
932595.0,0.4462941302521266,0.34153176161534526,0.04061114324645332,0.5400398512923978,-0.5765141994276008,0.9988228467567324,0.1091656187789829
932596.0,0.8818566869472801,0.6083002994097009,-0.012879456844305581,0.5094875866670003,-0.2106791099487948,-0.2866325508855987,0.7911767296239363
932597.0,0.7829350252716465,0.5501154742493515,-0.13535615750496577,-0.9120532383206252,0.43775537348959914,-0.39170338144374406,-0.5510762629283972
932598.0,0.893358091999441,0.8007136207996404,-0.5803427669979879,0.06905669041567575,0.15800706509810092,-0.23372353455069317,0.02456815206169205
932599.0,-0.2922556197976298,-0.6460829094994727,0.8760079643198271,0.16793592347726016,0.44877573987361097,0.36279470576154993,-0.7435697739152454
932600.0,-0.6152506744954866,0.5122237874807358,-0.9224533290409653,-0.9301092896451673,0.8201468842251045,-0.7287763089323747,0.905132706690915
932601.0,-0.7952883481177404,-0.14485966102239933,0.45032210958648156,-0.4546267136618347,0.4184898393617784,-0.6706301954494498,0.3532616026358113
932602.0,-0.18032843151704991,-0.8776202101104829,0.3689163980990653,-0.8270299871731897,-0.4537504801466734,0.26907663500229373,0.5469860204197463
932603.0,0.5888112428654309,0.6706674853847157,-0.7925874842464216,0.8179192452876323,0.8714900691142826,0.06483812631932939,-0.15002286194173586
932604.0,-0.7187095487241939,0.32561894531892777,-0.10319884803971147,0.29165254049488665,0.1992196027088704,-0.1702776536901729,0.51205817111252
932605.0,-0.984412620526649,-0.34793364006144967,-0.19743849306763606,-0.6121012868440305,-0.33750675785761497,0.16399560247738676,0.25591198504544055
932606.0,-0.6863223357036035,-0.41748583935206174,-0.18310374109664074,-0.7101438948474217,0.8342894508160421,0.9798907938145067,-0.9906400477793254
932607.0,-0.5142344235280354,-0.09883779916187119,-0.01536070732119832,0.6787116121212506,0.7511716529211054,0.39947649496446647,0.15995048251308197
932608.0,-0.4600124442575575,-0.013344341479967436,-0.09448078836355922,-0.15316419084593869,0.5628011560125605,-0.7456450601318318,-0.45167105209026515
932609.0,0.2092654883725411,-0.8182902308644349,0.9685326373100982,0.4331761064630162,-0.13907268063686318,-0.41992186004172294,-0.6550414293369717
932610.0,0.21602006616263392,-0.6592692323267624,-0.6957880297018111,0.02854650685824711,-0.9669026101511133,-0.6571450253641762,-0.9317410203945062
932611.0,0.7592469717044381,-0.7509883430146309,-0.3342969308760184,-0.883728566132203,0.4055395977080707,0.20028038797108505,-0.12191173903625718
932612.0,-0.18547459001801525,-0.9019538331945178,0.3571352309247333,0.3231358151740704,0.9441613040797365,-0.8376019749626737,0.9064106820867381
932613.0,0.9001363638664914,0.7638827207323102,-0.8172403332431168,-0.8706073004368653,0.8767800215178716,0.35464885173372407,0.6293527511027892
932614.0,-0.4474646572082379,0.011476104521464858,-0.09408354828968424,0.910246216038666,-0.10149291521593673,-0.46558200160645,0.1504005634405201
932615.0,0.05422832715418657,-0.4263222487876075,-0.5752620368605432,-0.46215485607393725,-0.6254363919772261,-0.07505265511270154,-0.8176948043159669
932616.0,-0.18983617722684665,0.5248889477993892,0.9547995169273464,-0.45532780924492,0.40936315104222687,0.24054398130145094,0.11100627673490515
932617.0,0.7829194311747623,-0.4854293339838096,-0.3974615546042266,0.5959394125780342,0.4488971983601808,0.6197638523586357,-0.42089187693091423
932618.0,-0.5780895907278856,0.9161482351242796,0.2754149494446916,-0.9115419840360157,0.8888925420473988,-0.3317451492838188,-0.9782066057557071
932619.0,-0.7108875491834894,-0.9118803321989011,-0.8484868482515615,-0.32507606846315396,-0.7777194972422277,0.8172118596126015,-0.020594489115628445
932620.0,0.37597754951184736,0.7613377778575792,-0.007729350181560513,0.899141562321482,-0.2613996705331174,0.3924765474147174,-0.52391109420223
932621.0,0.918956216816643,0.35569347347299707,-0.30761714916047933,-0.04286325742736441,-0.8043688091419499,-0.5491006508698901,0.3364831067875982
932622.0,0.049404064203194764,-0.12309048896359265,0.1684091163079784,0.4683149750709643,0.9537672531078125,0.022442250358623683,-0.45497689599489943
932623.0,0.21242336324361832,0.6854619842468994,-0.7814192952996064,0.24645199045991228,-0.8254571338669778,-0.14118843366883405,0.3803103866159485
932624.0,0.6765782507992393,0.5773641482573386,-0.5803905198777846,0.9867542867221866,0.9345723726333337,0.24706867439354063,-0.7670602110975964
932625.0,-0.0272431434923055,0.6607946524700474,-0.3482788805530548,-0.2007337350553935,-0.1015321770690445,0.9269891662766581,0.3845793973088618
932626.0,0.6304011703379018,-0.06662105251306705,0.09747257786329921,-0.33237398691722575,-0.4351854274805209,-0.6887393122931991,-0.23750145834848402
932627.0,0.4314438742644755,0.9361710423600706,0.35582607440387304,-0.489388244025599,-0.31941784038239174,0.4541690008732855,0.6705069414305893
932628.0,0.47988654147633647,-0.5239854767008123,-0.5975453451232715,0.033804763009181116,-0.5475555984638154,-0.03288997215639822,-0.3648623216638711
932629.0,0.583309981248531,-0.8130507324984169,0.4225694697184428,-0.9377112565495709,0.1306664448423973,-0.11928043157235768,0.19313031372871636
932630.0,-0.5894171326141133,-0.5410804453741507,-0.5363449947872112,-0.7288283286268806,0.5082945822912239,-0.11590515793697831,0.2008361401419425
932631.0,-0.1752675439499607,0.6919536246107567,0.33373038227875274,-0.20627013717452392,0.932131342038454,-0.40280229748583873,-0.8655343441290719
932632.0,-0.5282281275511467,0.8014440109763346,-0.020316997768790035,-0.7394688318512881,0.6514253191653867,0.06719509562751846,0.21946300209845004
932633.0,-0.2799377579258342,0.526011872905793,-0.28122768027508194,-0.3977537731732692,0.12241968306317519,-0.028847831588828754,0.1398870419406688
932634.0,-0.731000666798896,0.9058021276470749,-0.1424007932975242,0.6846005802802908,0.7696655103556358,-0.45963952040076395,0.6705137766682105
932635.0,-0.2182301176029704,-0.9445940050159289,0.40835773190459523,0.2883123602200437,0.11616188716410702,0.3780786774883589,0.48415300178135356
932636.0,0.35100494006700766,-0.07574283999374742,0.14415692129643887,0.40576945735262937,-0.2742001389968014,0.19097895593961,-0.516093699666659
932637.0,0.7211726998400632,-0.4980157583325753,0.004655782277649179,-0.4892841393106455,-0.21572141428610858,0.3702632897606446,-0.5911564094209278
932638.0,-0.3524237618350414,0.6942256840094987,-0.7223912449462895,0.9321111404221332,-0.18768587998028696,-0.3917061621224809,0.07899684120642614
932639.0,-0.4260085434438088,-0.97446198787337,-0.9677808791945262,0.7846197507182313,0.033627438676809396,-0.8630064147661325,0.0476727559764103
932640.0,-0.8737913778374937,-0.9395343549073407,0.015070683898656734,-0.057223310695791785,-0.32754906034237274,0.8079066554118928,0.11262751231562085
932641.0,0.5497720453567769,-0.24601300585892671,-0.5588063732760453,0.040138596227276446,0.6469496112619371,-0.6560573100430698,-0.2981998949595268
932642.0,-0.5747569866982369,-0.21839539307360512,-0.7733192898669345,0.2927969342054233,-0.7111160500861364,-0.6215224166457567,-0.3967805258770287
932643.0,-0.26683696969515336,-0.022980650833970495,-0.47840139727833275,0.36806110328649244,0.27852074153339057,-0.5100929209096394,0.9297941445261275
932644.0,0.5815654288483514,-0.30551127990254634,-0.7595578858587666,-0.10485569519514426,-0.5303816093490095,0.7892229997790126,-0.6838744974745612
932645.0,-0.4857070682504787,0.05662055990617132,0.4062268301347818,0.9246472821777698,-0.9192180539031105,0.41101663248948683,-0.8315013447978159
932646.0,-0.834024324757829,0.4831492583778896,0.09141925897209457,0.38210390986998277,-0.24738954508066713,0.983114975577891,-0.7345783062628435
932647.0,-0.644333133693225,-0.3942512684249342,-0.3623173400928321,-0.0904057858675813,-0.05570755235054725,0.08361101546206262,-0.7983778051573946
932648.0,0.36028904304998277,0.7516523983966266,-0.2131464370667231,0.15427795511871967,0.5162774528611458,0.7293578631045936,-0.940596377273595
932649.0,0.7886354244897436,-0.8632698864558881,-0.9382063367366502,0.5453980579668323,-0.3583066885501853,-0.4969467835331909,-0.08016461694337096
932650.0,-0.0980089424851609,-0.07719382435316602,0.321391118379758,0.5198529831406338,-0.0416498940105583,0.5714809282234337,0.06291520369668224
932651.0,0.04197567823458037,-0.9493513766432096,0.15870576870018338,0.5642172207621963,0.18062819091599325,0.02798077215649042,0.6602912433620292
932652.0,-0.3902801691569091,-0.832124100097857,0.3497932563517283,0.22114218713946787,-0.5590563179329755,-0.08085913375441578,-0.7294183424559495
932653.0,-0.7230405217204348,-0.47929514181540256,0.37860452830198454,-0.4776523195880744,-0.4863552831596971,0.6528170715849586,0.44325355321175275
932654.0,-0.2736875882433898,-0.4135283574169377,0.5865924124609148,0.5401745877687296,-0.9000378191949681,-0.868482380072076,0.7675010611509665
932655.0,-0.1080685525677918,0.7119524122514314,0.5180945205136125,-0.36206377764350073,0.28964391566444525,-0.002205650152194094,0.9412415665517508
932656.0,-0.07067836816270767,0.9584413845412436,0.6065981069857709,0.8344718216278253,-0.5975822160999407,-0.9744519225408845,0.3143046003696266
932657.0,-0.6621110605569687,0.6673984779619169,0.5551345070220495,0.6449836941704743,0.4687636393079755,-0.09927292357509754,0.12582666692299993
932658.0,0.9061787989428396,0.7748379499879925,-0.8919244927212004,0.05144662262931465,-0.3561585375190395,0.36859467762680986,0.6400324413689444
932659.0,-0.6490724353370887,0.13366052113101956,0.16633670714698656,0.39443507359613905,0.16552134607743052,-0.9425248094419516,-0.560881304550602
932660.0,0.49806204343364247,0.2505915380889605,-0.6622834732755696,0.8662506546718585,0.00675540718419132,0.02578186477802591,0.8755498368776296
932661.0,-0.7029050280541171,0.49257555313042034,-0.72324153959251,0.5516269674042658,0.2741854540262809,-0.11374846455266585,0.6475093459225032
932662.0,0.04486988601863939,0.008200523250700087,0.15386285796864718,-0.26468068797253097,0.783418523395703,0.9448178388097608,-0.6866689030283688
932663.0,0.7372025416135164,0.792669262615886,-0.7955975904858028,-0.010721038829284435,-0.8464569422156192,0.7283318474355547,-0.1754294102362539
932664.0,-0.03792142261058906,0.36818325219525216,-0.6426549210950603,0.5372837560374404,-0.6923676426423628,0.7222671736353221,0.18020004710208015
932665.0,-0.6434702400290406,0.5683142778298189,0.37718733060712983,-0.057190062731441005,-0.6687969569859982,0.9193500942469932,-0.4627357547352424
932666.0,-0.25454853062266247,-0.03521372214219798,-0.33225564941072183,-0.899643622757136,0.5796329378008331,-0.3510113089191096,0.8011291318765177
932667.0,-0.9443688303574049,-0.4512396747979017,0.0008428706109442352,0.6120171465017807,-0.9386721087275862,-0.5673144227101952,0.08853271877455549
932668.0,-0.5214565182134185,0.3567617527961777,0.9377967774096787,-0.7938994719106494,0.6749590058323787,-0.5731374278366346,0.8898631989558987
932669.0,0.410604153003147,-0.06080558583670892,0.6240731813522042,-0.9154992965039901,-0.6709792211931584,-0.9473793764256846,-0.8433729815425763
932670.0,0.21454467909257846,0.12267252342137547,-0.10061090867313371,-0.49573589479110103,-0.3805727841219453,-0.189854080933064,0.6560857300727494
932671.0,-0.2272951269332324,-0.8999863331662932,0.603226297157752,-0.31454272388234306,-0.12501168886501368,0.7353980458660401,-0.3370605476023045
932672.0,-0.2798008562164518,0.43517902416095167,0.7222716596974457,0.10594407136995354,-0.08637386031227212,0.9261246354928001,0.286272381461117
932673.0,0.5173226736681038,0.7496570190128564,-0.851104270106801,-0.9773230479078197,-0.3250577327008535,-0.40905950921843126,0.6245536043942419
932674.0,-0.019873818856624315,-0.9580891658876127,0.07209051865925575,0.4871389757036506,0.20020474997276527,-0.2549110015986946,-0.2246704716181236
932675.0,-0.20306451400761327,0.5556536319872325,-0.9091296502265809,-0.30052997806852955,-0.46623045606376623,-0.49485981856165595,-0.9934412268593349
932676.0,-0.9066854966102393,-0.10441280372943651,0.9153318089058555,0.7031064766065167,-0.4514377693789342,0.5345389397027831,0.2379692378331575
932677.0,0.355436611441889,-0.754958527781002,0.6227039684754909,-0.5667882295266187,-0.5474055947986274,0.8215878160196624,-0.11169645451838806
932678.0,0.7520784424806102,-0.34075709578848734,-0.8944711465596709,-0.48811748646294695,0.056237370895961813,0.3053410939842609,0.21853335532507367
932679.0,-0.3034433955495417,-0.49884401391581834,0.08396402393273195,0.12159680075305301,-0.14775621005026052,0.2956748632519748,-0.060158152540328746
932680.0,-0.03238102705339996,-0.26853906515984205,0.7198382985973044,0.9820856872590735,0.9985897504130694,-0.23800103624038615,-0.2964490733514422
932681.0,-0.6381861138466396,-0.5188452665722114,-0.7525176304551406,0.38792013582924945,-0.9765346919384674,0.13171284166971664,0.6134195645496623
932682.0,0.355058580479076,0.926011684436929,-0.5402146973592525,0.4118306009195425,-0.6266980130605726,-0.6520396830038591,-0.6154563917818892
932683.0,-0.5775899285296999,0.6522804282508257,0.6388769163514172,-0.013310538007660355,0.7254745685047708,-0.8824180814252216,-0.017901180854045684
932684.0,0.40747845917146464,-0.824737591026889,0.01106400963981402,-0.45117933511130004,0.8134439381766785,0.7531312416385809,0.8506362187190508
932685.0,0.6842536617574944,0.11691239076627791,-0.591277775467153,-0.5242383984101311,0.10296748719151783,0.15813862423168756,-0.3160387327767298
932686.0,0.5012497242664857,-0.05291364294030787,-0.29563550677188055,0.5597161319258976,-0.4866095931788763,-0.75333540087384,0.37685782112557464
932687.0,-0.3809373601972854,0.7764444991716972,-0.42503308291270026,-0.5247289259552137,0.3196077444622256,-0.9841070992778345,-0.6189970262374287
932688.0,-0.1815817283581842,0.6354019690107524,0.8605200826230286,0.4068378326955544,0.27573165635286556,0.4521130116440095,0.23607248159973038
932689.0,-0.9341612072001306,-0.01987166403235019,-0.5433648811716278,0.9095720685057955,-0.8254741789058759,0.9992257123975532,0.4022000507673642
932690.0,0.26941770380284646,-0.9748513823492639,0.6845893612962415,0.5665015277557557,-0.7742974081837661,-0.4962835320349299,-0.247768976481612
932691.0,0.8837184649553609,0.4924124607219267,-0.46209574027395917,-0.30147404464638394,-0.8225554270329385,-0.9671713284276073,0.28609256233617364
932692.0,-0.8957227015444162,0.37579772970607306,0.1971037905485573,-0.012985236372812237,-0.3407096413740922,0.42595916739125816,0.43107061332558816
932693.0,-0.6847769933809109,0.33716551470474765,-0.18197192015121888,-0.3537212771446365,-0.4485599650813299,0.6376621403261467,-0.32644358530257267
932694.0,0.0950082132271366,0.7752594599714924,-0.22005508799569218,0.34729609189059274,0.8554408938259463,-0.25658413365015,0.6147365829322002
932695.0,-0.8272832211607475,-0.3378977477570291,-0.9623816767864644,-0.6386166486656537,0.15665696111555394,0.4966940513941407,-0.23441008888109094
932696.0,0.7622171236908264,0.9482473130331437,-0.1660553296573808,-0.18341915612622128,0.7037564883584229,0.8389222886818513,0.4771343533744057
932697.0,-0.9773725503246471,-0.535764473402343,0.6930107554913318,-0.07580349715432377,0.3296126011206697,-0.957459831638773,0.17950432931924087
932698.0,-0.7673704085746402,0.7390761857886019,0.8409910475734814,0.34716980848282875,0.07550126522820921,0.9795873682211733,-0.019063222009129577
932699.0,-0.4488700993041044,-0.36087442461981745,-0.536831150384578,-0.6165238170054432,0.8857213721643953,-0.6447044323400408,0.10428531936598762
932700.0,0.665165173235645,-0.8466701387036177,0.23136057936213605,-0.5037435222272717,-0.9014415635562278,-0.29745047353924425,-0.09042012536327704
932701.0,0.7518789968348489,0.5972178201172538,-0.2681248954476625,0.26809862054816236,0.35188926097767825,0.6077712113507667,-0.48734525770759474
932702.0,-0.5242190429688385,-0.5335190999374699,-0.28656104704088237,0.07802960663242753,0.4263449123754144,0.9849657714527162,0.6035047807214311
932703.0,-0.6126410261901563,-0.7623254417819867,-0.013718397085382694,-0.06227045702462264,-0.5127438668371138,0.7855825538559869,0.26920071044630167
932704.0,-0.05275163470165167,0.9504093186246225,0.7569246234596201,-0.800357467122365,-0.7562117494309839,-0.9345352135274847,-0.5270506452050829
932705.0,0.12709881145795654,-0.26904071702016896,-0.10841906410408475,-0.41591671483126014,-0.9603975422965798,0.9626748580484861,-0.7853384408428916
932706.0,-0.6737061101348527,-0.2326760086987667,0.3937601165878546,-0.7020201925430101,-0.9241941369224442,-0.18283310584063117,0.6157237375228812
932707.0,0.8018671804514264,-0.2603440800716088,-0.23792894068569126,-0.0835547047389964,0.3986947218612995,-0.9795481500450216,-0.6035234358455228
932708.0,0.05570237019898383,-0.9723353261983283,0.6232296771153258,0.9996866638132311,0.9957607270470608,0.28412053424314654,0.406773902358361
932709.0,-0.13204751943854554,0.2276138565016539,-0.5891229739783519,0.2605494885949087,0.32178250250142226,0.496533858102697,0.19233229484757208
932710.0,-0.08466941295715191,0.3521968419428618,-0.9002796845588441,0.8715668174069973,-0.30205982378888874,-0.5651353561368675,-0.4775427278471456
932711.0,-0.840085614816749,0.43586259441548236,0.9999445975456878,0.47314486884386686,0.5713363994457026,0.07209378561573243,-0.765846162492853
932712.0,-0.8657930750266916,-0.7326712336954344,0.638322838124469,-0.08066371973109576,0.5733244641456201,-0.5217702528407242,-0.8129110999935232
932713.0,-0.5470674793215393,0.8132031657955159,0.5836388968093891,0.21925247897770705,-0.6994738658666695,0.1983065595913378,0.7039018115792446
932714.0,-0.7642680898978258,-0.528244410174203,0.6895488990968754,0.5920116461163214,0.423568306292764,-0.07530639260142302,0.3237456259067901
932715.0,0.6993344364892295,-0.600149686626692,0.3953926857176908,0.788804454481332,-0.19345106717149463,0.7984226507713987,-0.8832174283739516
932716.0,-0.18984627625558304,0.8133885971251362,-0.6844542605206059,-0.48389254926336944,0.581621012714362,0.29666255442316003,0.005842728063459202
932717.0,-0.3744507844348519,0.32746185159924757,-0.6856995474694669,-0.8362632609531209,-0.5358074808156985,0.6427599007884954,0.8837271476257162
932718.0,0.5350792341463821,-0.7841509638868316,-0.42279283704082027,-0.5119081403765444,0.8018874389950692,-0.4998542333865297,-0.1781475363195153
932719.0,-0.07869173875154001,0.4592100792004783,0.9774532872337369,0.4953664199493546,-0.04006066105240391,0.26063925183004244,0.9929961531862475
932720.0,-0.711686017242209,-0.11186283228594851,0.26553178450973847,-0.16515839821662004,-0.21665364042885904,-0.016302273320517813,-0.6599438451540365
932721.0,-0.20933177612731568,0.9386187220189255,0.8617937641257152,0.14590539430070804,-0.24478411995476468,0.07900523642272184,0.6702743009110315
932722.0,-0.5505852106596105,0.68867971062334,0.9096813718537555,0.2395046535143317,0.03603795234897622,0.18346157312619038,-0.22702449410557124
932723.0,0.01985241109181679,0.9384611839619994,0.749201922092543,-0.0015809706304057425,-0.49598015970388154,-0.3862952489188345,0.3585951565228269
932724.0,0.8986559934561598,0.49144518748465305,-0.7320604358394245,0.9407884191132938,0.7306873035136332,-0.9187342576142195,-0.4323805887503358
932725.0,-0.1201826966821673,0.40968703571563303,0.9527862090513521,0.7052466157226553,0.7218547053355517,-0.8947285592560825,0.0500829486792429
932726.0,0.1974234982811287,0.8074860809502205,0.6078433357495232,-0.47077862461290754,0.2157182292015678,-0.16815049767883128,0.22494003916196315
932727.0,0.3465101692455401,-0.0161656317231329,0.7521171285812875,0.17683355177420124,-0.5630197202630756,-0.2045491413796343,-0.5930202508021227
932728.0,0.3211258182641743,-0.3385645427184203,0.20829185371828052,0.48105872296681795,0.29282660725144116,0.4112102551488277,-0.6059210943934654
932729.0,0.5511943140607163,0.31589746426200005,-0.3760250423572966,-0.4798568389939335,-0.33512470386841753,0.8429903327608586,-0.1612639291249478
932730.0,-0.2685941721441574,0.5680975694349675,0.10601596469931418,-0.7516936698853096,-0.3542111917613564,-0.8890920621160245,-0.15548631072437558
932731.0,-0.952769596597606,0.15450793807030672,-0.29782874032552287,-0.549631290628829,-0.17463402048547216,0.32281860415617536,0.6528557190201576
932732.0,-0.46980609193820366,-0.8146287692850536,0.2309750432004205,-0.12015790230866386,-0.4395167242865843,-0.4777202485937442,0.06542926799658288
932733.0,-0.17389868960614963,-0.8597184432041258,-0.36799047027005494,0.1254303214309067,-0.017431051026146394,0.9103002773318309,-0.20459447141921694
932734.0,0.48776153991839766,-0.8712753309418164,0.5170074884141644,0.24078884659881927,-0.7963586245512972,0.9659671748120877,0.0441699855068709
932735.0,0.18856401839182846,-0.6054900261313121,0.9537514227844135,0.6060713835823748,0.48327850332686695,0.004498821745184678,-0.1913043302936468
932736.0,-0.34404050415276766,0.49480364235246266,0.6863099754555855,0.6986006474324506,-0.47356085941086157,-0.8976365502471289,-0.13918063796786662
932737.0,0.4482847609046261,-0.9819522485220071,0.8958982085935667,0.011009732404976491,-0.1801751302361363,0.7422652130639205,-0.9353383893427958
932738.0,-0.8110298593949683,0.46440611779724983,-0.5488987516211234,0.18048720782491245,0.555446028304067,0.16058270701832167,0.19936572874781255
932739.0,0.5622388919027685,0.3743097827209281,0.4562184746196367,0.32418533840246155,0.8192726952510676,0.9421382273444805,0.3868112300633255
932740.0,-0.8687733836209246,-0.37020713663399296,-0.42945208104589905,-0.8000814342008373,0.1952752581664816,-0.1957122931549744,-0.8298615350134328
932741.0,-0.01985525507662289,-0.25174569615658937,0.5140506903767716,0.26003095500581797,0.6562907068553716,-0.18397343583721915,0.28722240871704674
932742.0,-0.4474921989841212,0.0454236134681647,0.672669249658949,-0.5906796172007769,-0.08100310855568549,0.5624298379265344,-0.22026595749298838
932743.0,0.874750871720362,0.6475489224504749,0.9454965852449531,0.20241462436448532,0.8396876821265271,0.6721905604255995,0.570788578552279
932744.0,0.550946762793048,-0.3800303854672089,-0.4401177948091264,0.07678076469763329,-0.6053831169566812,-0.17990603896550916,-0.8112260124903601
932745.0,0.03148390836570458,0.9109533937912662,0.20067340093444086,0.921666105116941,-0.43159545861346404,-0.450054525993826,0.37215215636990995
932746.0,0.6148652067456644,-0.6678196289152638,-0.496895635694639,-0.8451585882651063,-0.9774095196450703,-0.5383353547714718,0.9893605867023261
932747.0,-0.009005734627974604,0.12459748355304945,0.6303475274899164,0.5437127389149863,0.710538811870278,-0.26097840897696845,0.15025062699138436
932748.0,0.059764766989355955,-0.9224637451452298,-0.35895931860501684,-0.17624746732405105,0.3760967465712519,0.395161478874124,0.4720656609167797
932749.0,-0.1608888789061731,-0.3677089694920701,-0.26967517988038003,-0.744645929740084,-0.5959781920738889,0.008985957336048456,-0.9121749934612813
932750.0,-0.9995196263830723,-0.75940041307208,0.3170578985808359,-0.6402318795730397,0.8927974335833899,0.777792553344619,0.12895272194190222
932751.0,-0.7998397309641412,-0.05982431247221043,-0.10326265684972857,-0.476315683125341,0.8277800027642594,-0.11467813604522581,-0.6391371793457077
932752.0,0.7372519707898395,-0.45593040611726265,-0.3080096324840125,0.32154818423113674,-0.514886282695393,-0.6393900110925825,-0.7899406205192154
932753.0,0.6016554796509186,-0.34838151812673246,-0.036415232043800705,-0.785081284390923,-0.09039817523938742,0.2318210094871742,0.7165369406277415
932754.0,0.46494925803955556,0.9763997877706001,-0.9040602682085765,-0.13515157211525786,0.9794495451436458,0.16350423267698466,-0.9343217740325613
932755.0,0.15323659741394935,-0.06497833582614954,0.2645370588006921,-0.37365311606785734,-0.8718325190567242,0.6954610919116837,-0.37517056859048226
932756.0,-0.5884769032167407,-0.5132896031740986,0.9364942335605777,-0.2532222518641749,-0.1639041558950738,0.23358078368217972,0.9404930611334026
932757.0,0.4736133725699523,0.4636486766515273,-0.21733867481058677,0.6609609520155351,0.26744126986391215,-0.5795423034054017,-0.1931690490081528
932758.0,-0.4073738362598145,-0.2780160323802858,0.08857599415250883,-0.6502617094768859,-0.5189024198505714,-0.956126810990187,0.005658631496170852
932759.0,0.13778556267075293,-0.61097834461651,0.201990905105631,-0.5060604727955722,-0.7906546295919632,0.8796383011411182,0.9559820450402727
932760.0,-0.17079680084787552,0.4945735695593143,-0.9352855085207059,-0.3152129062015674,-0.7534841030659392,0.5302239817227132,-0.8483069115328565
932761.0,-0.7006391937177889,0.4404739086762455,-0.3014547164574324,0.5312927543006722,0.813237175612689,-0.6068972847175675,0.18291644371328553
932762.0,0.9069969034614107,0.6965023252102513,0.262087250586041,0.3142651652554196,-0.5207229521048846,0.1430534319836696,0.24165010102497164
932763.0,0.2812317508270106,-0.8958913286304866,-0.9723497046557334,-0.3135873421302451,0.8652153295128224,-0.7123298536239584,-0.13576980329594246
932764.0,0.15338507069807172,0.5362756423277961,-0.7051598462061646,0.9719193644612849,-0.1918312971777878,0.3660139939248215,-0.8164889754699647
932765.0,0.37969865673243963,-0.08365881926912277,-0.1766912232552038,-0.6720289435372868,0.6955123737552964,0.9163405263045208,0.9705238819207254
932766.0,-0.8107987024006784,0.6948481900901045,0.055665469906565734,0.46928863464706727,-0.44213867886431313,-0.6068771573251395,-0.4867482486103831
932767.0,0.21039610977246093,-0.3440399376038097,0.576057293236516,-0.9668521779810479,0.6873811006338366,-0.2528702070342863,0.04506751660461594
932768.0,0.4910478198803945,0.3813737109407842,0.37174629754857014,-0.5310169963435276,-0.025060848301221128,0.6729332026306396,0.39869178002932015
932769.0,0.7924810727402689,-0.9648030714514335,-0.6766133760866138,-0.14573249429659185,0.6803105327785648,0.6047096068451847,-0.2736429918374881
932770.0,-0.15983139690527048,-0.06714922742798746,-0.7132825491617782,-0.2714496267634472,0.1469224574288639,0.7991389656837393,-0.5204492990247802
932771.0,0.3985725355618741,0.7034931896533037,0.8161090178492452,-0.6031831826666076,-0.2591467924217947,0.10130189827307134,0.6569218577348797
932772.0,0.19373409923231022,-0.9346547161652914,0.10130041967603143,0.25579856348115504,0.6259207737616579,-0.6686757918017274,0.5426186408693625
932773.0,-0.34085972939481923,0.4562661609538863,0.15824991489900397,0.1554019950244241,0.5757390341505839,-0.4322518683226466,-0.24915477836244992
932774.0,0.7700100456375456,0.7716393606003757,0.7444963543414334,0.15468883717396587,0.8901415818677425,-0.9475538983108325,0.50314781930645
932775.0,-0.7832233335637595,0.2039167167827367,0.8842112337489691,-0.1791882136562697,0.6829405355771954,0.9051799779476257,-0.8802501262832263
932776.0,0.0010504789872900488,-0.42355984071115604,-0.05133626985830886,-0.4599713734971467,-0.6472317912318275,-0.6328190552636461,0.533953193253202
932777.0,-0.2918657192818075,0.05977112790031436,-0.5731276082689651,-0.6224800209456207,0.6368270364009203,0.8414160556606511,-0.7094222986409644
932778.0,-0.2364990344609612,-0.8227345856890709,-0.5963503888963604,0.7197663110986936,-0.21526276563871538,-0.6877051002718255,0.86020644603067
932779.0,0.6687493014324886,-0.6547220739099848,-0.6286084902293898,0.3473158648157759,0.477209764307986,-0.27370536833656756,-0.7949876110258995
932780.0,-0.3449813688598462,-0.1888164706898865,-0.12211325724471211,-0.01607716112720503,-0.7149949962497457,-0.561617788252015,-0.5744153147735764
932781.0,0.06344893726560152,0.4851125434025727,0.3953037203868168,0.4655162824944956,-0.39760263624609316,0.8954784244219971,0.6343253519219252
932782.0,0.644975054208839,0.6000656331909704,-0.8723259608601752,0.975448996607843,0.8595168485968583,0.18903895214305688,-0.35644786112439975
932783.0,-0.4007610436194877,-0.9785574780074344,-0.5377657573174346,-0.46784735274475464,-0.9456492448385136,-0.6880150075442215,-0.6070510775718738
932784.0,0.4259418414181917,-0.10004272493015387,0.2884621370983771,0.25248547122947773,0.1742686294366116,-0.657087005470169,0.9724062493051155
932785.0,-0.8091689980950996,0.4184511728301108,-0.6920462461240984,0.03224929125638942,0.3356695699563599,-0.9089341505862243,-0.7658426421078561
932786.0,-0.17603918744793035,0.14000032220392966,-0.6771503824902112,0.4017933590898133,0.5415300940834156,0.6220957684568542,0.8220917053276644
932787.0,0.9381176300017546,-0.8589834882792655,0.21776429663292807,0.8258010844799533,-0.6417668270171966,-0.02972672288267275,0.8807781597431086
932788.0,0.9968559833277031,0.04879622912164927,-0.7772479222880191,-0.5044282934044289,0.18995528130856743,-0.67804286941999,0.5878544921740114
932789.0,0.5668650803076913,-0.5350932548758367,0.9228086747841404,0.5872743622437395,-0.6680957771456475,0.30965427692540115,0.7117482463217113
932790.0,-0.10049217331018268,-0.10650085279485366,0.4969030193430617,-0.041618566972265736,-0.7998273137532996,0.6109199725413985,0.5220007943566718
932791.0,0.5240370542662469,0.07964297358372496,0.201424711205622,-0.79597017197671,-0.34410462217258586,0.48869452908803157,-0.2861910453498253
932792.0,-0.2312733122337114,0.8340576847469736,0.22558797876154335,-0.19391162647952842,-0.5837828858144012,0.7075379984085848,0.3964219738093169
932793.0,0.10526672469278697,0.7342731803143112,-0.7354094819829944,0.6796109437345752,-0.9943738192977261,-0.672722932342438,-0.9273837584986411
932794.0,-0.13008394710408822,0.9168420205294077,0.3940460881458121,-0.37967307190738353,-0.09008142512757633,0.7357319981627226,0.6603174235688358
932795.0,-0.23162052590196613,-0.40801908972825474,0.8985480619433666,0.09176270248592622,-0.7814513279514215,-0.8156077613321573,0.3992827882070189
932796.0,0.4974172516381279,0.026124808508622532,0.1897217859475202,0.6443202218205164,0.19635615684143293,0.6444090456398581,0.7382735610439255
932797.0,-0.6404007440788102,0.7290565438313132,0.7928016190352905,0.9682932227251935,-0.982805018456026,0.7216653775715529,-0.5458010939762881
932798.0,0.39585884024353324,0.3491643164012588,0.7994842729883769,0.3149185121145821,-0.20741308215019205,0.21919596824725263,-0.4277488551691291
932799.0,-0.13075780991970798,-0.9152397204253448,-0.6529154521276004,0.22846849968266203,-0.7702262130718429,0.4031988247707654,0.9405059768605015
932800.0,-0.026949388953843023,-0.6426806111603276,-0.5742882338693138,-0.48931045155630626,0.8084862672737048,-0.278386420521606,0.5629020206048307
932801.0,-0.3013858001478795,0.008470195478855524,0.21368355097895897,-0.9067377241983556,-0.8801206373773602,-0.55677541249767,-0.911529445111076
932802.0,-0.7718082168808944,0.6978787024856823,-0.7728986232472865,0.16765597248481723,-0.9992655254516869,-0.17338155874393446,0.4904637940689527
932803.0,0.5334788374368697,0.452610678642821,-0.6851380579102411,0.35907431185175254,-0.40557452350814716,-0.19170643708068913,-0.44729842782169693
932804.0,-0.3572866348198651,-0.909986172598813,-0.1969009584911885,-0.6160186343264142,-0.648016944013025,-0.06463856109346233,-0.5410043975505041
932805.0,-0.19501199665433733,-0.06893712402628016,-0.8388111883621072,0.6541343768937049,0.4038470454769707,0.9081829984682217,0.21844354075933126
932806.0,-0.7903970567899177,0.12808229692871786,-0.6855509949999363,0.9742729196767987,0.5755677422104042,-0.07371788723644412,-0.8429925169030266
932807.0,0.5301041912913784,-0.2895684518197901,0.09619960274871064,-0.4496562546890077,-0.7544764706221092,0.5156902908513028,-0.15978783364900173
932808.0,-0.466821090179105,-0.30696736835878236,-0.770393574195487,0.1491595118892013,0.6093338110111042,0.5607382421186893,-0.8329860398706015
932809.0,0.45380970993696423,-0.4215153821768305,-0.3061054786113324,-0.20781236565599115,-0.08424884847600689,-0.9483128719736189,-0.6613339023866411
932810.0,-0.3265661741111421,-0.9029815122562808,-0.6673009378074142,-0.4295229126033506,0.0630938305653006,-0.3257088179391152,0.3388962047650046
932811.0,0.28361437059642136,0.7491315078196141,-0.17465053702988764,-0.09768133704511861,0.9997202895668724,0.6963613023029791,-0.9874624424099947
932812.0,-0.5826111784608696,0.9351288838525309,0.6042649832514331,0.13190041207772207,0.5145582345495134,0.6460954750615451,0.7100698343516003
932813.0,-0.6881025836950034,0.6078378061459426,0.4033236107928002,0.24440387297559596,0.026578853598202334,-0.203472737711208,0.037344071595949435
932814.0,0.5744512834366005,-0.42519247325486087,0.7541022131361603,0.00714616253602518,-0.35281514602051534,-0.9207700852624492,0.6728756065390029
932815.0,0.012303158352652499,0.9717560624971056,-0.1469798623345686,0.7371373571793947,-0.6008578459908298,-0.6536508607432745,0.19958742489978842
932816.0,0.6271470302684714,0.9512527568336586,0.7819555189413536,0.38780212597908914,-0.8801893647105892,0.5171540333523756,-0.432823654439364
932817.0,0.5289997741258599,-0.47187932616254047,-0.8310326630386939,0.009166540855105154,-0.761287406295621,-0.27708745867136186,-0.76029009313984
932818.0,0.3257527106306326,-0.15953059416613247,0.7981094995866687,-0.9289284132655029,0.694081793375819,0.17664702939336996,-0.0005426896123150726
932819.0,0.18352228030806494,0.3138833784113433,0.4461641841140025,-0.3738030925960192,-0.590652390810708,-0.5751171268990691,-0.7424797154430616
932820.0,0.8747972729784375,-0.3384005683331257,0.4994637062500662,0.9747792289339869,0.03721889411643331,0.6338128282959536,0.5674741791605316
932821.0,0.927976965463847,0.08202398426921764,0.8810166502953354,0.5640239754248386,0.6211963924300965,0.6315393921346726,-0.10355217948646889
932822.0,-0.06298343806683504,-0.9577066127612786,-0.019970399341314504,0.08160309511748687,-0.6781526399349749,0.43717148052553756,-0.41917885168820757
932823.0,-0.6855404137486028,0.146567534849243,0.11756540392080606,0.43217106583103404,-0.862839889989713,-0.07396550247985956,0.07097817103046866
932824.0,-0.22010713693673933,-0.4310486123615789,0.681198414358342,-0.826763281732668,-0.14498546669423984,0.7189978415889509,0.9571633315096562
932825.0,0.729238358995915,0.6373578435050027,0.8694194989461628,0.9142619499052675,-0.11107432202588985,0.022253041820191166,-0.37064869359439134
932826.0,0.3248039277429522,0.17145561265969111,0.3888691991876094,0.1514882075363484,-0.2550452629504538,-0.8360711781796877,0.21891090664078572
932827.0,-0.11917916584558474,0.6652558698228328,-0.0019372628034111106,-0.5506504462126951,-0.721957012295545,-0.6751087105379803,-0.2540848909451612
932828.0,0.12455049331050172,-0.8066794058526541,0.4540857273651906,0.18269347941989023,-0.809027235574787,0.5325684402241913,-0.8569737382564027
932829.0,-0.9022493768453346,-0.5145933543702197,0.37205096705150775,-0.1578244278483354,0.39676061749147595,-0.8298632587130583,0.212777844250307
932830.0,-0.472270237002955,-0.04502076854641213,-0.6105143258406671,0.7594600361655146,-0.7719032557916568,0.8709608644763875,0.2280528410132836
932831.0,0.4678173160543164,-0.712236401421616,0.36000663808431477,-0.9133008353888943,0.5928029877261078,-0.7474621477514767,-0.006735358484399878
932832.0,0.3289482516949034,-0.5260689431343264,0.984081777988185,0.531827098793205,-0.06935007351318445,0.9145772369507938,0.7060720444837585
932833.0,-0.48736348674146135,-0.5228955265164907,-0.07958108582552037,0.17378909368227147,-0.9927559052838169,-0.19629892872582078,0.38223643518622574
932834.0,0.384100685743759,-0.8281399470761857,0.39673170506067246,-0.6026240749242344,-0.7351381298176609,-0.23000325811685984,0.6701658674511717
932835.0,-0.938836866425504,-0.9399639700048417,0.47786338796643535,-0.009047112321794115,-0.2055428319864654,0.7078775070522962,0.9886446207168031
932836.0,0.2955291865021261,-0.021171198438166616,-0.4416069839863006,-0.3325581939897373,0.23166823040711404,-0.031288890812102066,-0.733197032459471
932837.0,0.1392112625148525,0.18720791271806414,-0.7838220854020612,0.5764797954726852,0.8796941025522578,0.5328081586595237,-0.10244914835579699
932838.0,-0.5274043547671488,-0.8623566864517647,-0.9685962707403812,0.32446978461518206,0.7063587201451118,0.385885741241361,-0.31199650861625616
932839.0,0.24030316669977902,-0.520298171066714,-0.43362415255760856,-0.6990619984084145,-0.2368404025084987,0.6597272092792061,-0.49449008606928335
932840.0,0.4651507912670305,0.40197096559331724,-0.44094598916746164,-0.02505079872943794,0.6685659036617433,-0.62183631394559,0.7398921474173574
932841.0,0.6252179645349585,0.5023824165754185,0.5953395913250428,0.6539677530657357,-0.5769774564750008,0.3526276246479101,0.11812827668216674
932842.0,-0.3303492125267664,0.06362285807955259,-0.667602128977479,-0.03395699852951495,-0.427982268925734,0.12826032550786848,-0.2285333398375773
932843.0,-0.5908965979859631,-0.19452324212515748,0.5625308219718894,-0.8834965943538438,-0.6662436205244955,-0.19766531007231047,0.6626004008836757
932844.0,-0.26803630003953316,0.5286704133687579,0.5854990202439887,-0.48986930067411305,-0.9689146418821604,0.8851527491701379,-0.13021350458434955
932845.0,-0.20409949381044745,-0.16448933354401962,-0.1710053225696242,0.22436485025347208,0.036512213918091785,0.3828647533412677,-0.3609465987878948
932846.0,-0.7192151899479984,-0.11003483534158476,0.46885543188850587,0.5096141081082517,0.94467963623903,-0.046509831850231054,-0.258602835344395
932847.0,-0.7119537216653038,-0.11057933240198925,0.20273592714916489,-0.3907375771892383,-0.6111345482038355,-0.9246295763096029,0.43004934850847
932848.0,-0.2811452299410715,0.7247782463795982,0.9378025782682216,-0.3874068444758234,0.7122273005043123,0.0992957293422716,-0.6628338013354691
932849.0,-0.16466034637992877,0.9536164802612754,-0.04207370712125513,-0.4622205764658269,-0.15307380216159405,0.015970528411722862,-0.8936815327183556
932850.0,-0.009798571569373804,0.8134330819419866,-0.46998793080096046,0.9637160458462017,0.16861594660432644,-0.7846730247968907,0.3928259515978725
932851.0,0.9454536733285079,0.27223841675760174,0.902649368908736,-0.9647906563806086,-0.7235530508045587,0.9519145091175145,-0.1148848135034346
932852.0,0.6887280291820954,-0.21965779159847565,0.5940261709980075,-0.8357719468888847,-0.014172372294164015,0.6931742084966224,0.14368032675737408
932853.0,0.8249359249972426,0.11417338725652315,0.06160385499839882,-0.8554844560299033,-0.537738666262642,0.3597200523548947,0.9616231750525968
932854.0,0.8790359365371787,-0.9053029433471673,-0.8967480032980479,-0.7431243186324128,-0.5819567797891545,0.7703038897531826,0.22175473071507645
932855.0,0.04594600369715107,0.013499525392846934,0.17038558572265794,-0.46771758780379535,0.26513236774766136,-0.46754461865947716,-0.5714916716920402
932856.0,0.47619859155159494,-0.17783229076570017,-0.2539306987361034,-0.6567974598100583,0.5748549613783762,-0.4088874313387363,0.5747839733361892
932857.0,-0.9335128405466653,0.10499199896363587,0.6903266503749315,-0.7615217897861963,-0.18500538266839928,0.24164883328148945,0.7955258597558452
932858.0,-0.27693163003300536,-0.1795565188606576,-0.03383042838793893,-0.6871982052330368,0.9935406911789506,0.5273507859272908,0.42097150831846375
932859.0,-0.6934184776864731,0.5195945428859645,0.09763716054302396,0.08338413700548375,-0.17975788031624296,-0.664251664047073,-0.43691335756581684
932860.0,0.830987189455805,-0.7407284328059498,-0.5175190810540828,0.41405475839150063,-0.024461199744900686,-0.13982849466435998,-0.8987324821263085
932861.0,-0.684682567999408,0.13622033494196661,0.7213163862410779,0.9144502843157141,-0.40110522237844815,-0.7013998284308816,-0.014265429712029043
932862.0,-0.5267175523252332,0.9371646761287229,-0.7077294016977562,0.06904207529418849,-0.5324123186051943,0.636242469640226,0.8687987787154683
932863.0,0.15195688771933158,-0.23050521418550218,-0.3299236874783227,-0.5016270846811273,0.1672456291287836,0.42972891368748223,-0.4184117633773943
932864.0,-0.17738261752049822,0.32470663430424507,-0.9488309051751878,-0.8448022516185134,-0.6414201170715432,0.22374744532763913,-0.854523713593835
932865.0,0.39544394234375724,-0.5308964028045917,-0.7329691019757463,0.09870176996920232,0.32176333675590896,0.7777112732151552,-0.3224736047332628
932866.0,-0.7797744358564909,0.318722325290115,0.6225326284819179,0.15493302498248562,0.4555599461444755,0.8954541620399934,-0.776853006282135
932867.0,0.6234467374336556,-0.9519729992588144,0.6116798115478363,-0.5830543865076379,-0.4100178291115857,0.05388614844448858,0.8137169119818284
932868.0,0.9864371285429194,0.42364474326918833,0.4114173359026334,-0.35822460765131225,-0.06170305627670403,-0.9057882601926355,-0.2173735420614724
932869.0,0.559194455134665,-0.7307879246923958,0.1936441623732701,-0.608394925014913,-0.6632970571053503,-0.16509129421915159,-0.06435358658771273
932870.0,-0.625923181582303,0.7669230186919418,-0.5584343590925929,0.11819288824795549,-0.03401694867526328,-0.10073044081417626,0.3066352481498624
932871.0,0.8672513512004099,-0.337702723926236,0.5738661930385662,-0.3812023708402448,0.174913761919268,0.33937517073612744,-0.07097289580273958
932872.0,-0.8561681259803471,-0.9363437307727887,0.24077306232044005,-0.3902398573042474,-0.36851339380410786,0.07228715785503925,0.8628464937507128
932873.0,0.7430226905701578,-0.7170916281615687,-0.2750662031977422,0.4068831795857286,0.4599241331618771,-0.9188431291815815,-0.8782835588930287
932874.0,0.7660583429410284,-0.9794624688428741,0.02041755810841006,0.2337898916542065,-0.3649860562947327,0.6833403014386266,-0.5475849507783923
932875.0,-0.4274743535122709,0.04139640282709145,-0.34057995347901104,-0.2353093764557339,-0.24711136957269297,-0.7643874192573645,-0.9380167534605055
932876.0,0.5280761574711434,-0.7170686942624451,-0.9639169351481494,0.44966093936588813,-0.8281587009472189,0.4001469478946491,-0.20130934015072044
932877.0,-0.2660012863072243,0.25136890412364377,0.16908319293940233,0.05061467119817875,-0.7271034996726942,0.9284433396274596,-0.5587485516247623
932878.0,0.16727295475053894,0.5263659621212504,0.7307287120338508,0.14342554212706426,0.14236837903281496,0.42713202595114086,0.4717527270172379
932879.0,-0.25196363460156124,-0.012758284868403136,0.530543152519527,0.779626887172044,-0.2829124261598437,0.5042328430519551,0.9654717594791047
932880.0,0.3879964354202625,-0.6087614961442607,-0.5459923526445036,0.967841320444849,-0.579354168385291,-0.3041029312657375,-0.29959943092751495
932881.0,-0.21747441315333305,0.1689222908498893,0.13336588492997903,0.417241713413393,-0.03378696749552401,0.91343042687075,-0.6379518129125348
932882.0,0.5145236528008448,-0.6858813918460123,-0.014372266688610136,-0.17107544353643211,-0.7234062325325372,0.2885058136594909,-0.7950167442919187
932883.0,0.13873815045574123,-0.04986508635383147,-0.9446590770655796,-0.23478764116528894,0.5087936472809171,-0.9367316567215733,-0.37598450771776104
932884.0,-0.7305797793377014,0.4814096193563495,0.2858633882686463,-0.986573000311435,0.29706334731514983,-0.7022096072109894,0.8846177143303089
932885.0,-0.7196312880673936,-0.15269896161054541,-0.618039209023453,0.23237156162331574,0.2608699673915911,0.4015293951100647,-0.015425905473542834
932886.0,-0.8066896563039121,0.6241288724676475,0.566613692459387,-0.2692916358702351,-0.7369517355487554,-0.1738525266339781,0.33813884439387243
932887.0,0.7288095537639772,-0.020861340442527965,-0.27094566119848684,-0.21692975027281247,0.3799547262489009,0.22515217312365654,-0.14959780299400038
932888.0,0.6522921271615971,-0.6902262780066344,0.03327561502305065,-0.7835192891062297,0.8570160492279499,-0.040736208695024256,-0.9588216117964383
932889.0,0.770192973268345,-0.595222747722481,0.43416370381831904,0.35170140529214566,-0.05829316500968296,-0.6273641971107324,0.9256397362186717
932890.0,0.2904142355476378,0.701499003740061,0.8136259798465311,-0.24038532019151626,-0.12552444605348057,0.9735375313323691,0.03272354724021409
932891.0,0.2653378684350316,-0.32288959874082623,-0.9192451863891238,-0.1813923742214456,-0.36320760977437283,-0.534847350143079,-0.030761511843472533
932892.0,-0.577952510651665,-0.9893104939041935,0.03495362858962925,-0.6723957204702449,0.2060157392786075,-0.5797207058753375,0.5676508147327537
932893.0,0.8209473345045715,0.06494963713200796,0.08916790943899944,0.11465442034195306,0.2674423274566855,-0.9874612258708984,-0.6577741228260701
932894.0,-0.8424012809753136,-0.6508624770957485,0.8921768549775635,0.13595961806369528,-0.14666007802953662,0.7938350061117654,-0.2300152661223387
932895.0,-0.9391500127280648,0.3074307879317637,0.7976646640110634,-0.022947483385784784,0.7879771276162084,0.24328258232620326,0.19872861707419864
932896.0,-0.849426310468175,-0.07500038635397477,-0.29202587872654595,-0.3114640937232023,0.4372468060052537,0.05992352490589581,-0.5490554943416579
932897.0,-0.05358967335875686,0.5657380851884859,0.971157238901849,0.9922971629960118,0.5929339154501316,-0.5567925530526945,0.3459822707317888
932898.0,0.8750552584754703,0.5459810769993778,0.23945276235269963,0.750759440941529,0.42294147248501135,-0.782159830597567,-0.07971425559024747
932899.0,0.9117205012492735,0.42245456581730756,0.47594813468804964,0.587030851544915,-0.3260069271972379,-0.3701866149650539,-0.7812646933691054
932900.0,-0.7757839423929751,-0.3581495051237247,-0.3561226523829175,0.43908206640530034,0.4802333597002779,-0.23612461920696282,0.23421264020395083
932901.0,0.5941026821352091,-0.9723539971843618,0.8061018642804925,-0.8578539626960864,0.05261635570079637,-0.6687196404357558,-0.3610021594163306
932902.0,-0.8185793146650511,0.8404418747942748,-0.9535408982465283,-0.9285416172413072,-0.5877577455699154,-0.42425439652439345,0.4632294987221377
932903.0,0.7635985074000406,0.2328456122174456,-0.17894075321555514,0.06285134628543854,-0.44314394130206103,-0.4172510899442776,0.16221700929331595
932904.0,0.4673031004298216,0.8733001865921091,-0.3852868650446124,0.45189755528143105,0.7599507960380301,-0.21136401216933987,-0.36962641346298164
932905.0,-0.036703616548291906,0.007042831601091315,0.24530802462492263,0.8508900823145467,-0.5037496184407795,-0.5243454741617588,-0.41556952297588845
932906.0,0.8221312352196097,0.08894141434892489,0.5779408185039014,0.3887843110130753,-0.850116713092673,0.175545224207039,-0.29953762252968397
932907.0,0.3627635530421709,0.4507829484169956,-0.9851413787156751,-0.532204189067591,0.4451686288197674,-0.8453380324472544,0.03120538066976164
932908.0,0.9474477594338417,-0.4694276019035577,-0.03272251357118927,0.3490363800134575,-0.31497988410436606,-0.11896895941350194,-0.19623354703136364
932909.0,-0.6923628408176814,-0.9446874796057974,0.7244523797367866,0.849959460172427,0.587772556266069,-0.7371124526134576,-0.1570343456063139
932910.0,0.8095634331762407,-0.14314519476958765,-0.18055257091620014,0.588493392733203,-0.6794558154174761,-0.10676829963317136,-0.6158748948288952
932911.0,-0.9969470031322245,0.819089525440996,-0.3930214436271793,-0.3729699934590136,0.4836607417377925,0.9353658508700402,-0.4939425802292654
932912.0,-0.27458068340093145,0.7978917166808412,-0.007082601481353201,-0.6493789184618008,0.97856839995344,-0.6391706847771925,-0.6705804658710681
932913.0,0.34958436526064673,-0.3396536224223785,0.4376490036290761,0.46093209113159306,-0.5965880711138034,0.2662702586898982,-0.41485456544325827
932914.0,0.3777854965855647,-0.32502541969705256,0.16952332331100384,0.6829165244083248,0.5298365299921368,-0.6538461667120925,0.3661083310439013
932915.0,0.432420967292068,-0.39161049194821174,0.4619780422307007,-0.4083894463114608,0.015655694588633473,-0.9177398112177217,0.08607812918226987
932916.0,0.6415186729425884,-0.0014440914946554084,-0.5814934278926946,-0.6552935761345184,-0.027860264623027264,0.9644682771109265,0.08405628672238552
932917.0,-0.6840325172173103,-0.15982528770406712,-0.49006573387737706,-0.13293887565616513,0.32220032983804336,0.4043773751406079,0.9843735615734488
932918.0,-0.5031252465181937,0.8673240448228625,-0.2284585763544391,0.4876490161564273,0.7998482797553521,-0.28791066715394154,0.35202468375941054
932919.0,-0.05984768863788004,-0.3983968962012405,-0.21873812396746972,-0.9919917406201999,0.1059986070158978,0.8824515273194495,0.7741000096478918
932920.0,-0.33049359593649896,0.7494363516304512,0.9864339695214395,-0.7412763929718476,-0.5672517650820526,0.6825102228553384,0.5113482108375471
932921.0,-0.538989235738538,-0.6938687941288255,0.6145932565221033,0.7481922943392247,0.8692894060841039,0.3327186147987964,0.8952227686088858
932922.0,-0.07759826940853864,0.018082556366878055,0.4073184238501264,0.8020140397332975,-0.052677262775156386,-0.18405162842020784,0.10623872749980756
932923.0,-0.30666952440573403,-0.3639374379201721,0.41507937131792216,-0.8227702290107821,-0.3154770986940443,-0.690583805077442,0.6764813324520318
932924.0,-0.33362064070260655,-0.9564191115919203,-0.7121359158050913,0.36942726435648043,-0.18078139290424966,-0.5883003173108108,0.3288110295854818
932925.0,-0.39820402235986974,0.19940523835580315,0.8410757420989274,0.6031022285662162,-0.1504621367509169,0.6352435656126634,0.025676226158021898
932926.0,-0.9610664349526883,-0.456121042923612,0.9779080587088682,-0.6321127915889113,0.04380312369264461,0.1954904822819843,0.9326144047765705
932927.0,-0.5106281358537854,-0.37790655355533054,0.3398262697056824,-0.5358608008422825,-0.26255828941882564,0.6474785586942637,-0.87453216570837
932928.0,0.5715458035021401,0.3652294504742455,-0.4257428786803088,0.008319770083999423,-0.1539798291696448,-0.8998332552359827,-0.9477355966389751
932929.0,-0.5518410049026992,-0.8623562709688621,0.813338462106487,-0.30671851367174385,0.9545360259952085,0.4634121147442949,-0.055179843263190476
932930.0,0.5349668638024547,-0.16322155419039786,0.6784587897990346,-0.8780999902766993,-0.25654219126136835,0.9516918654810522,0.3815775553606926
932931.0,0.7290862935402234,-0.4407321314459678,-0.35768174871230496,0.3583848089374839,0.7035221586164815,-0.7248903174699584,0.9488252658268863
932932.0,-0.6125836349936382,-0.6381276346920675,-0.48911967418308455,-0.9928539481774572,-0.44248713577427323,0.28277711391467664,0.5732297879912616
932933.0,0.8296492116214671,-0.7397640698401484,0.6563828686722413,-0.5349573643092185,0.6093124706621245,0.8934091505474555,-0.055044299010871045
932934.0,-0.27934695812058363,-0.6543207637596034,0.16599345645191255,0.08995364038861187,-0.44723108340140283,-0.5206081057510015,-0.6123840457820606
932935.0,0.30951871275083187,-0.23452700523988756,-0.014032295768069414,-0.7051722747949705,-0.8793382074558702,0.7545078277368131,0.7544875656799284
932936.0,-0.7367254448497191,-0.06749039941630786,0.9026814544819641,-0.20967466775684507,-0.9772039975521198,0.2515028165825557,-0.5969210977695363
932937.0,0.8851887457774348,-0.5486780455959781,0.4657088792928703,-0.5399828293259048,0.5518135494568801,-0.3091170216644099,-0.9999987767715315
932938.0,-0.7736903898820471,-0.5127950390847202,-0.6138880261195603,0.5933670598651135,-0.6605354671498718,0.3445874595719993,-0.9792104503621399
932939.0,-0.6231811731677883,-0.08747058019239362,0.41186264750924706,-0.6033436383613875,-0.16133367345314942,-0.35902391702420067,-0.03347324773852223
932940.0,-0.3461582197227868,0.6046371021524684,-0.7512748697763476,-0.9473291032461291,0.6194855674438327,0.5537817387546633,-0.3059656210848314
932941.0,-0.15938895410298715,0.6258096606166439,0.8940177170937911,0.01384291265475901,-0.6448723054336536,0.7156719547736092,0.6155074708643555
932942.0,0.17675048935601145,-0.6583901095400462,-0.684374788014648,-0.2526203367629878,0.2607678820694457,-0.8570562038081633,0.9769309859874735
932943.0,0.047307342803109,-0.02333832588419149,0.3535060937657226,0.488628624648757,-0.6767240539280686,0.7148751970057783,0.18387993825336824
932944.0,-0.1317653424532439,-0.7080618754282166,-0.6338055578407904,-0.26185737110032914,0.7422142503900206,-0.1583643842145488,0.5569238976264004
932945.0,0.8997078524858546,-0.6330696829212898,0.7662595450564187,-0.8884851680611894,0.6768937850958812,-0.7473398256910269,0.21454478586764303
932946.0,0.5579862774449957,-0.07165196271852814,0.24164737924588575,-0.5319784183213856,-0.6793840527025194,-0.3112085116993979,0.48067216541606306
932947.0,0.8360469360702818,-0.0345222660624811,0.8370742207559148,0.6131737610063432,-0.45901076670294416,-0.47889253888087824,0.8120916258396107
932948.0,0.6267262114821999,0.8412079364680083,-0.11251204444025564,0.5066690775059135,-0.9030361905428315,0.32395282801989866,0.6840806369813144
932949.0,0.31820237624680137,-0.511607153848342,0.35915220045479646,0.6278775186901242,0.9326629002885714,-0.6878948088675916,-0.20372759480486424
932950.0,-0.40601625196468083,0.05516305307522695,-0.3297252475682608,-0.6096992240410306,0.6620205750449162,-0.7327000392138283,0.7117653730695499
932951.0,-0.9254617427231995,-0.15657285361932938,0.17418336299837067,0.6089964306426578,0.2765659952806361,-0.9033591797117564,0.8304636037397932
932952.0,0.23304866379110556,-0.7882157069111968,0.6876117703096336,0.001981228647420785,-0.5288714596575053,0.2844976939789716,0.318615053192026
932953.0,-0.8024397163927623,-0.09230133998449008,-0.10883150915946627,-0.6453244090493979,-0.17061064732702347,0.4660126449352229,0.9246562926229849
932954.0,0.5767699062911711,0.5134853611727106,0.6625265612122946,-0.8864493768236565,-0.36325819904189527,0.9912882696174183,-0.352468299477839
932955.0,0.3863183734203042,0.3006514345661204,-0.40041789076838175,-0.4605365110610613,-0.43147093631357025,0.6223770137766917,-0.48622374932251655
932956.0,-0.03604443167911375,0.5776348418507449,0.03994097623893844,0.1863181226708639,0.4208242143735961,-0.4050793618684483,-0.7495219418220607
932957.0,-0.35567164869816814,-0.3890797937785466,0.3284681946221999,0.2515782449316164,-0.6226296328400167,0.9302604591771624,-0.42761824972264395
932958.0,0.4231637844646423,-0.77532326121365,-0.6575097964795249,-0.6312399737733272,-0.6229615365441796,-0.15550265087723392,-0.783083355844665
932959.0,-0.23328850327953887,0.913550579308759,-0.529416365468377,-0.8505994239991543,-0.9468662767556975,-0.7576414191890128,0.13227817979679513
932960.0,-0.46634935751227014,-0.6206460512971042,-0.29122609618065964,0.5524620510023368,-0.9442270803523711,-0.00603534820974061,0.7786359885062739
932961.0,0.6943458442815873,-0.12087434228654925,-0.9903424355047488,0.8800434366049463,-0.5694768760666447,-0.7459646088060705,0.5850570218042188
932962.0,-0.4275352111964794,-0.3703314322315774,-0.520128520613792,0.7608169162766265,-0.8187350138853016,0.03315441536046482,-0.033243603119132326
932963.0,-0.7884308106620652,-0.2842089813904356,-0.2691442764909113,-0.9996579997000596,-0.8786982519937687,0.44355459104372574,-0.2296284387276306
932964.0,-0.7878646335678663,-0.03408605963640832,0.24993619024893832,0.8278108023922723,0.3854835860892314,-0.39876707618142837,-0.6709088756371511
932965.0,-0.006737185417876379,0.4810675168704075,0.9783862372815311,0.7595260164804536,0.4121543133865697,0.8656394584745155,-0.918982777426099
932966.0,-0.5829733225476297,0.9879232642315501,0.4902192944941446,0.07694437900510986,0.09775032731969446,0.7943970978285668,0.08379023753676806
932967.0,0.11096445177794645,0.9500544916001477,-0.5446766144951203,-0.526082663991843,0.6955413325392883,0.3321643018406635,-0.29030905352829883
932968.0,-0.5147818466227636,-0.2153881260392707,-0.30741563057346366,-0.23219970546172575,0.8507271340039286,0.5001501693036656,0.6154164578078176
932969.0,0.08992763198512499,0.7294057378404049,-0.5166482072269305,-0.16960986865927552,0.225147648610587,0.31985070637266655,-0.08050757414319754
932970.0,-0.7492044097670032,0.8487318927140843,-0.7744796638987776,0.9807080326755102,0.8984275009831908,0.520307621396793,0.9515864069149029
932971.0,0.5060230901699898,0.6927247317235794,-0.9262698486442877,-0.6103428935872832,0.6716673257194525,-0.745606475810912,-0.36310318493769267
932972.0,0.42014434568445447,-0.6211220154566806,0.8413723392722503,0.7254999982615973,0.8053738103424586,-0.3867649092029031,0.6463153458645059
932973.0,0.5973208724943531,-0.4227799734823485,-0.862507727602142,-0.1245566870369077,0.018703157298901152,-0.2246970032293456,-0.8383036913461646
932974.0,0.5132737226442157,-0.2413384024090084,0.383109638858395,0.632418983432556,-0.9226041329246513,-0.9289173538112523,0.10696926495818215
932975.0,0.7668323930762049,0.011958080561825568,0.38623571201565565,0.29313774324933295,-0.0244413921859572,-0.37337887875052234,0.08771145408956982
932976.0,-0.3734839793079545,0.2882939770823838,0.746994647991249,0.03134988062190325,-0.8180847906913136,-0.4784441985970922,0.35884824337237253
932977.0,0.5132561370673194,0.2133780035940691,-0.2884630079668995,0.3039712393020637,-0.9884729682519906,0.11496876107389986,0.30631653853023977
932978.0,-0.4302149327734197,-0.09340541569107574,-0.9445299724891059,0.2719769908214229,-0.5607918812575485,0.6013932352640456,-0.7202852469767802
932979.0,0.9978583075749146,0.4398076591143478,0.05602479206969968,0.32126663334103345,0.05743761279552806,-0.5797060299783907,0.9347681194413553
932980.0,0.5654184249994596,0.8515670800903359,0.44564246321542855,-0.5631640402520772,0.6513283483927128,0.850113011579877,-0.8395623100856797
932981.0,0.5058914966998527,0.5550568920058825,-0.9310802391386526,-0.09769935265728713,0.04259386883274008,-0.19556778011682874,-0.7681254211468198
932982.0,-0.9111132165422082,-0.7909769217430318,0.26114698040584705,-0.962292218544698,-0.5507266159882012,0.03810185888421325,-0.7253879953889193
932983.0,0.016342301599101106,-0.9433503977358355,0.0036177830174097814,-0.029017382288776483,0.27503324782299843,-0.734794598486135,0.5613172675688627
932984.0,0.49681822391445785,-0.30044417651766975,-0.4744824385682713,-0.4524774752021301,-0.8121733917073299,0.3197340225022838,0.039156039797508146
932985.0,-0.6225571046253815,-0.5291432263787612,-0.9682093648170567,-0.2003321875958497,0.6278877513566485,0.9505488033659639,-0.4220615602614137
932986.0,-0.36797806133303723,-0.6647514105307195,0.12483290436899463,0.5251066896834078,-0.6908228290527387,0.6221001050149444,0.005963373852023501
932987.0,0.25647018302159963,0.947692535918832,-0.6032467165943767,0.14754059362067817,-0.30002936600047936,-0.6912897774549585,-0.7935223226214612
932988.0,0.13396963450214572,0.6132332020498279,-0.10263026533970665,-0.1766022809298078,-0.875508788075039,0.8734474332552644,0.790548819620192
932989.0,-0.5566199848604789,-0.5821973828428684,0.4301291754358394,0.9557519371074892,0.08809125933454265,0.9064352271594809,0.5513766077165869
932990.0,0.3752657467973268,-0.6591786491917242,-0.21832966990091185,0.7727068320302672,0.08696949409322241,0.9149804576548297,0.35056667999978464
932991.0,0.36116852957540835,-0.9244748935449998,0.24553838751651513,0.08653516445582898,-0.22000836858707684,-0.04809553004133549,0.34348983607097416
932992.0,-0.36364903142182126,0.43425166358943823,0.5753232278541733,0.47260115537228464,0.29403785790292347,0.48240869828339106,0.09602339101847601
932993.0,0.5484950222480476,0.429580699448862,-0.1216856117043188,0.3238506273537529,-0.8722464740333253,0.92608922055996,-0.46756329940324726
932994.0,0.5866430430567613,0.5877293057554938,-0.8304652118432849,-0.7920493769022343,-0.6699690776092306,-0.6671784645217698,-0.6526589369841287
932995.0,-0.84924776519759,0.1591411823775435,0.4130927083189839,-0.6704678113360829,-0.06605522719279566,-0.16173932811644254,-0.3522848104991092
932996.0,0.7939646145647101,0.34142839610010256,-0.24933957577673715,0.4349158260811872,-0.7066179182012333,0.154481862600782,0.3143034194611978
932997.0,0.6634105449890038,0.7520426138578062,0.8137647589369839,-0.4939670737000639,0.7934103166452384,0.10785405507412826,0.33960936928729657
932998.0,0.20720860136621,-0.5438420694690616,0.7844032441659983,-0.160850774930551,-0.031624489813600665,0.38723063359425036,0.4786383161624803
932999.0,-0.1377246825091667,-0.6256216395203282,-0.6561998718125257,-0.11690503369078664,0.4573849563699044,0.9240926907646119,-0.05796046301242885
933000.0,0.3598011265168344,-0.9366201989721563,-0.014733358599642754,0.2496479044864588,0.3578866066264337,-0.7075420536621426,0.7079148013894299
933001.0,0.04687087654291355,-0.8457326010237731,-0.4338793700932866,-0.7390712130032546,0.22790005026185223,0.27206952433991094,0.27253811435480313
933002.0,0.15911804817049102,0.8327802161150022,0.18112158798489064,0.9675920455921165,-0.8408200506504335,0.35355298523256296,0.9476170660141416
933003.0,0.842350794303089,0.23379743781856055,0.943541057965593,0.7543698597630968,0.47594832749104987,-0.7678063948431872,0.9494509335040497
933004.0,0.8049412183668929,-0.4490182440795516,0.29682656354252535,-0.9430209682414104,0.4370628713311777,-0.04590251707079318,-0.2950095197812572
933005.0,0.8419929441518861,0.7729713439388275,0.6586010380172562,-0.9854688763457429,-0.24474760344707858,0.9811353805232792,-0.5670676823019514
933006.0,0.5543108276387907,0.15937703110352497,0.38860724187577733,0.6670535906299511,0.5158243746216864,0.5951264801531087,-0.681912666748719
933007.0,0.006066229889217567,0.9651053329723778,-0.94440583416157,-0.43866952731271547,-0.3823472568075943,0.2584095623558327,-0.38649258292881283
933008.0,0.6861117019449767,0.4543447126125908,-0.4534803301582624,-0.13728568664770724,-0.5963928037604329,0.7152125795185604,-0.7032621779559238
933009.0,0.3452326853383747,0.199022785459533,-0.7891585668729502,-0.5671327777757742,-0.0672292569221078,0.8366266159138216,0.12081532269168949
933010.0,0.8687085378137125,0.18244239346130042,-0.8341936180375549,-0.8486523205624596,0.6706421073296385,-0.5167984643052062,-0.5159790988139665
933011.0,-0.5939886995647141,0.12461374944829107,-0.17841640609478082,0.29680217238383255,-0.6108747328675388,0.3139475809782153,-0.2748649660816278
933012.0,0.4934260199250513,-0.3000057529083038,0.8758594829196273,0.6187649127200519,-0.576520724801332,-0.7448192299894245,0.6169633827512531
933013.0,0.7917947341561902,0.3037808475134429,0.41397708869407546,-0.9312977901812749,-0.29268818408159003,-0.4443683245460406,-0.9615161697227932
933014.0,0.24949260841170084,0.8778162710724497,-0.1748350111921506,0.37943435025929495,-0.6083486916326624,0.4812082111489704,0.05437958458601644
933015.0,0.5194783543193375,0.06999591150422346,0.4485572380449676,-0.28516123180692543,-0.3850240465048955,0.9699549292013043,-0.4132364808109392
933016.0,0.9820683847407585,0.8304099226807995,-0.7381129605324204,-0.05932721494197746,0.3607546283266898,0.41255695154726424,-0.23381196544439553
933017.0,0.9246072159091403,-0.6250427661510403,0.011910658160345644,0.9001866986508498,-0.5468793973768935,-0.8891844946768581,-0.28888246419826036
933018.0,0.11675844084029707,0.5338752629962622,-0.17740210925920286,-0.20177153000136272,-0.1389034953128676,-0.0832554464036599,-0.813393187181324
933019.0,-0.8244254900302792,0.5877766701031508,0.36689027133401897,0.7663506025722242,-0.5484020078830905,-0.8797285221427136,-0.23355797860298577
933020.0,0.13972994150218065,0.9191129827329829,-0.2626233140620169,0.44284920642301184,-0.9013813904142889,-0.8689667730661013,-0.6797863691361803
933021.0,-0.04335164731293317,-0.3504950290342028,0.4923565994940975,-0.615707423995443,0.09299033707862492,0.4372375796387511,0.5925581781663578
933022.0,0.6158957011509396,-0.9993909960362071,0.08330641654108595,-0.3480934724575655,0.3264111884534162,0.6600003838570665,-0.36564719793796296
933023.0,-0.1792234404139832,-0.6102932204251554,0.00309026657035516,-0.7313227299441976,-0.21194444238705223,0.5751383178891405,0.34314102862647133
933024.0,-0.16446560470434402,-0.902288737635089,-0.4718995764964993,-0.33864233624995466,-0.8499132622405214,0.6780947001946798,0.09800677879983755
933025.0,-0.28873969586133175,0.5268733355836297,-0.7852136028955821,-0.48529351800266296,-0.9933387866055259,-0.0655102197492925,0.8509206412226777
933026.0,0.7056089057846682,-0.7976961672144638,0.23870135975695495,0.2221601067648673,-0.2940308134438643,0.04666372674442476,0.04145268059566898
933027.0,-0.2855265224185135,-0.09377207638470564,-0.5911123217189502,-0.367803613252774,-0.9675674503732208,-0.5493825700477153,-0.050664894502995717
933028.0,0.28124586565244813,-0.9228562915789882,-0.8490943724779372,-0.7073828838419576,-0.5162276906618333,-0.5243816815278683,-0.574539400481987
933029.0,0.13111708394428367,0.8773790862322666,-0.888841542080038,0.893572102388374,0.5326670857817124,0.5318033275775724,-0.8930286752666265
933030.0,-0.34802727062506333,-0.8539161130285913,0.1086981065331909,-0.7377364984772923,-0.6671739839850626,0.7332032266441966,0.2926098183105321
933031.0,-0.8957256129439908,-0.5404933773388256,0.7510763740730879,0.0420150116499205,-0.5276616877562259,-0.09987615450798448,-0.40795040501078317
933032.0,0.3410816980754152,0.9931780487671271,0.6655603796773277,-0.8737239334677072,-0.5074958806056538,-0.5662491216318482,0.00923717678502789
933033.0,-0.8611668217976947,-0.59585373581915,0.40981964834631324,0.6608372384411594,-0.31487620051676624,0.35486473379157313,0.46049329182531196
933034.0,0.6969369388668445,-0.42431195596581195,-0.1842106190980446,0.44267663843965877,0.25494462638555193,0.2595743474195211,0.00017575762104726778
933035.0,-0.4076524035182587,0.6210140359407135,-0.9169499387316229,-0.6812555185943503,0.5365273815567235,-0.8527976819352885,0.5425974962868907
933036.0,-0.7460624566659446,-0.6851582021613101,0.07573060977243506,0.5470908372427161,-0.10342331153471163,-0.24925294160421751,0.09693970873819668
933037.0,-0.018082787316459514,-0.8626967321869285,0.4505482971839261,0.6346680025376135,0.8526746819844611,0.23839080000020219,-0.6845133553861584
933038.0,0.042595373320823304,0.6211823953423208,0.14735769847857827,-0.8091887110377833,-0.8578556993429234,0.24790845055622213,-0.6165106192142924
933039.0,-0.8115594266848196,0.07920561523055913,-0.2530749976047577,-0.9326110225301971,-0.23259923280789718,-0.05211430541645101,0.8460557122995909
933040.0,-0.94937466493349,-0.1389798656310124,-0.14244690424080653,-0.5445466765034492,-0.48986184861619364,-0.1686502160445953,0.27681626894417577
933041.0,0.8474948942998,0.8490744633252147,0.9912970607071945,0.32420323964869335,0.653080416480281,-0.5694168608814403,-0.35651625236138385
933042.0,0.5806580388578721,0.5505103437011203,-0.5516366682409897,0.9425668766579227,-0.49601095714505705,-0.35707194599959124,-0.15061137530868418
933043.0,-0.7385455641016117,0.5078748700448297,0.6777636184195401,-0.6353966678054401,-0.16141470442536776,-0.6653134312689208,-0.19948829760434617
933044.0,0.32725838429873355,-0.648822287982828,0.9802335622628724,-0.9728415974705653,-0.06323939523690925,0.23087038049976494,-0.962797731528207
933045.0,-0.9251896711199619,0.49688908755413097,-0.01997564570137844,0.9886428600269586,-0.4943200416931195,0.34991266571983726,-0.8880044989073848
933046.0,0.9196495741238306,-0.2544754678952972,-0.4072182346103832,0.3632168062103225,0.7136123093802049,0.7473089441644003,0.48964626620288776
933047.0,-0.35867618928964795,0.05600667446115293,0.6312186110335609,0.8907595194483549,-0.46824985556014176,-0.2401000822484245,0.1351021401723589
933048.0,0.588105652553292,-0.09159048154238758,-0.08891139609414367,0.1593816275309876,-0.9295435099628653,-0.5051354272949002,-0.9436749742901196
933049.0,-0.1509812128610093,0.7133274015186197,-0.8741767463705612,0.4169881524178931,-0.9309804614387147,0.9456440062170415,-0.6465317902042429
933050.0,-0.2777084930170548,0.8336182544898383,0.5005577109300492,-0.18419335882268073,0.8599945601935419,0.5414892375819165,-0.7578631699251175
933051.0,0.14293655320140464,0.16210057027614688,-0.27395044871844365,0.6378723995077327,0.42503777452295544,-0.3976150640053737,0.06304124385944876
933052.0,0.814885846915985,0.02509062168634979,0.9668303653115238,-0.5238392131836063,0.6881729038542301,0.6605819901235437,-0.25710013039944624
933053.0,-0.2777679901059995,0.5545965541607731,0.3611563864844487,-0.8825968435472038,-0.9374307611732899,0.10099825343328073,-0.7559032076055008
933054.0,0.6801084316646553,0.6968650622910992,-0.2849145938984692,0.6609166463334828,-0.6073643255946206,0.16053999829733767,-0.23940224546006217
933055.0,-0.4007981031630232,-0.8638968646251368,-0.8348692280916845,0.6303897938467944,-0.448136192086551,0.8732052740801959,0.707843080181501
933056.0,-0.10175231571737853,-0.15306789634907503,0.8677462483168779,-0.09669305145435825,-0.7014067796843988,-0.8699186853401815,0.7562787905889945
933057.0,0.2620775775722395,-0.4405394942280414,-0.40518257668597935,-0.28724326139486633,-0.5453842722983875,-0.5482876306597608,-0.14792401820491619
933058.0,0.35379363087821214,0.8527969200540928,-0.7542491101542717,-0.32955690416348427,-0.0891127344409468,0.7533249824744934,-0.8889803264425764
933059.0,-0.6753556095508184,-0.6131152951009577,-0.042318413942948,0.014169181192956737,0.07693537407214146,-0.9296524015767345,-0.6853964194208182
933060.0,0.731317736934507,0.4593867575040247,0.8585518924862132,0.2854952761452172,0.16528901870014634,-0.7252707721951266,-0.8989683721852995
933061.0,-0.978179674994561,-0.14161560615148194,-0.236321611303431,-0.4412815231419831,0.5244038058237208,-0.7008168225524178,0.5606796410697368
933062.0,-0.9861284863578421,0.9494765815703379,-0.9055436470395115,-0.3917090646016459,-0.6813424902775898,-0.06595988277551657,-0.12776026844901067
933063.0,-0.780458617634938,0.7090591026718804,0.36982151883973247,-0.4103432635184341,0.9819470258884351,0.9585877395568416,-0.34042250355524106
933064.0,0.1937742210547988,-0.38762148358701176,-0.6701725490749917,0.1122638085613199,0.9751092861587682,0.8703461673233865,-0.8493033355441277
933065.0,-0.06365311520215777,-0.6530671447706999,-0.01587693210441965,-0.9843110546163034,0.05132622950974808,-0.2946969783686313,0.6002193248522407
933066.0,0.524330917450551,0.5151391094182052,-0.7590039687593775,0.4789899929638324,0.08176366766439136,0.3026722184394164,-0.4869842365452295
933067.0,-0.29896450086134796,-0.491094037267753,0.6147808365081693,-0.1578812220774901,-0.7935046833164063,0.5989251528288864,0.11090244967092744
933068.0,-0.7898502858297942,-0.5322514179760225,-0.3993135594889028,-0.3683165353953126,-0.22604742827657032,0.05537623751180676,0.4454136295598463
933069.0,0.73102940123425,0.9155059657427116,0.36013673263121704,0.5712229742990211,-0.6423074504107338,-0.3762648375710058,-0.2249410851146425
933070.0,0.38937100870488095,-0.9632895184056998,-0.7305215189786292,0.417387985588366,0.8741565225689409,-0.1645171185331562,0.17648287250536
933071.0,-0.9580995497424636,0.4872781741282244,-0.8143949281351588,-0.4635566229163852,-0.5374408040761356,0.7381884267697476,0.34757323265816376
933072.0,-0.8207071877793597,0.5539361708872763,-0.43035088780408914,0.09755819265661736,0.35072331069620666,0.2125285155825669,-0.7413303042792985
933073.0,-0.5337599086983251,-0.6203694676502072,-0.7856037334553043,0.4656803720082501,-0.5202809051912023,0.4751446913858899,-0.8889908498731238
933074.0,0.6565286305587918,-0.8208889686127308,0.2822007217190716,-0.596799156080015,0.39240873084773353,0.9269404400351982,0.8285948694227971
933075.0,-0.07402162734179529,-0.5361029986075503,0.9705290089288265,-0.11766189797215643,-0.5242722219041096,0.20874830996311355,-0.9312738908578515
933076.0,-0.5359477900938883,0.1938130942393541,-0.42976310149872177,-0.35789428607366913,0.07024007444671598,0.2995042133539523,0.632681436330061
933077.0,-0.08758918180169273,0.6244579601734681,-0.7974084166374611,-0.5735180228225927,-0.5001614751809988,-0.946604714480437,0.5120978451427598
933078.0,0.596591196917839,0.8679381492523577,0.8598537782044553,-0.15462527850774377,-0.025360159662383586,0.21264574985900242,-0.7570583029147144
933079.0,0.15617569313424418,0.04037835917066834,-0.29232899786492617,0.17428617914180045,0.5906069208525795,0.7546096591726874,-0.8469212440101592
933080.0,-0.9104605427713399,0.629050165596561,0.22913956614924058,0.6362967553014756,-0.34199798048645413,0.2843825896690013,0.8766642643386919
933081.0,-0.13084244538695455,0.5095725880753856,-0.8885987296161895,0.7578689956584546,-0.17318278407032905,0.5209937652540353,-0.7249623612475105
933082.0,-0.7050343671796782,-0.9448915431447014,-0.7789347259939339,0.1342788263816077,0.501038186688666,-0.7392361754469023,0.8293163498285596
933083.0,-0.9626787704291193,0.2842530589081662,-0.8700528197291284,-0.6573254328967124,0.5935870415769258,-0.9248088912388797,0.412853830093618
933084.0,-0.6740601380388773,0.38491508518731,0.015140951111521694,0.5894921414497838,-0.8337098619320746,-0.5010850191992118,-0.16239590347278243
933085.0,0.17571822318708064,-0.5194554821807584,-0.8427903794021445,0.06204959567184498,0.6691576268777637,0.48402490298824796,0.7274137275236168
933086.0,-0.6147166624878964,0.4909427708126606,0.7751285959068299,0.3267431199080586,0.9883664760563289,0.49917685564958836,0.5098851676671114
933087.0,0.006040311017976974,0.7918047890614108,-0.3800169230571029,0.3731019706635059,-0.5047945755362213,0.44163117101255667,0.4330995960924957
933088.0,0.6444858769418014,0.5120642998800606,0.4709600768288511,-0.2636839261015882,-0.5138274127928262,0.43985487781682586,0.8601844259898179
933089.0,0.596545490064063,0.9677584138116135,0.6976818762771533,-0.4968042612001502,-0.7824103671378773,0.34564345542586317,-0.7166751734302264
933090.0,-0.9132490276472918,-0.6308619172007988,0.29317640407537504,-0.024842288200569884,0.6678113456640902,-0.8252165213029485,0.9260559230924628
933091.0,-0.8972681716770436,0.048386920338208794,-0.050053146167545526,-0.9559797365415696,-0.6515065012575512,0.05437118237995353,-0.05968215061818927
933092.0,0.424561003077522,-0.3207048826023027,-0.29313352531897285,0.5409799281684724,-0.8611686811529786,-0.3500129066917823,0.22186015308592255
933093.0,0.12253994232729548,-0.8986370984881227,-0.8191961470123155,0.9938699565061169,0.5200425130409316,0.02992768834229964,-0.17993076504514893
933094.0,0.2543410525661354,0.535689678425022,0.6487285271316228,0.6879923904191598,0.6672584959150907,-0.9535789594461193,-0.4255848277821419
933095.0,-0.3874214830342184,-0.29224400391085337,0.1922304087273694,-0.21071655290916125,-0.3585511598072151,0.9912038448795717,-0.9129923571862784
933096.0,0.009790263655796272,0.1754375998736084,-0.7021138355079317,-0.6275770775650493,0.3935262801145769,-0.6954526049928738,-0.04148804252769933
933097.0,0.9608105572268693,-0.7458154504712482,-0.22817930172144685,-0.3050393991894811,0.9162289544488555,0.34160649376104457,0.758781755141263
933098.0,0.6719859848534833,-0.51816600545685,0.9260418043031835,-0.6157460727688944,-0.9280584690482507,0.6841411410210947,0.524083459104165
933099.0,-0.6211814349664952,0.1541355474872228,-0.26382273299784087,-0.7438248449183356,-0.43368033062538114,-0.010384995334066227,0.3491882390852128
933100.0,0.8019584733053438,0.5805367621120268,0.608586329505959,0.8107662668008564,-0.12571449869807894,-0.8977350424118307,0.5891000164544498
933101.0,0.3286334397174595,-0.34869734533886976,-0.739245497719053,-0.2153844262228295,0.16857865255936866,-0.3584096588970016,0.41537245619511376
933102.0,-0.7212542839224416,-0.5249828513222843,-0.4781377295742779,0.8263393674308761,-0.5977647114192188,-0.27121308023212265,0.21254443159481284
933103.0,0.6648587025194259,-0.9128102763268313,-0.799238352063941,0.2920002210783661,0.7181406416521623,-0.8294789555450788,0.024793490219021885
933104.0,0.18464679554618346,0.1797290317164948,-0.8055685813144629,-0.6824452602119087,0.13222081334507862,-0.2620223263203496,0.21089462581842322
933105.0,-0.5160082218262456,0.9533562672893516,-0.6576010645140791,0.8573549516504557,-0.8473839640966716,-0.9505566034861295,-0.525960661886198
933106.0,0.0708460416055261,0.3902411979927811,-0.44983622370392395,0.06548711529070306,0.2671924416609075,0.7721139516358158,0.27599340426380037
933107.0,-0.3392743949379924,0.7738387779378382,-0.6951781424491785,0.8428604657277159,-0.6236666387702521,0.7996952392567216,0.8734256573847896
933108.0,0.18745718760558994,-0.030291307043915028,0.8560073910215193,0.3754747444654549,-0.07008064963321048,0.035170921751447315,0.1557480966209035
933109.0,-0.061587412698197896,0.8267336930857918,0.407125613225636,0.6114376275224633,0.4344639777644206,0.6115746108384279,-0.00018067482444106275
933110.0,-0.7246264075013282,-0.7012707881952582,0.6580597931545247,0.9604046069339618,-0.6791000450648093,-0.6001967674642643,-0.7758320679615802
933111.0,-0.7860701135726833,0.7048143159260236,-0.516806990801618,0.9120404312586132,-0.2635167063108039,-0.10602955382420909,-0.394929367179502
933112.0,-0.5526678352334864,-0.8339821886793872,-0.3735176072176549,-0.021191907271134625,0.1066336090417237,-0.04633775593864309,0.8937053305353877
933113.0,-0.24287298102782673,0.7728432564664682,-0.2948440965825805,0.7171529662607246,0.05530241146847059,-0.8113391995040278,0.9499824929013025
933114.0,0.005025129034992082,-0.9440388734201437,0.33616855653519484,-0.9124501312083024,0.553741182650201,0.4203770591393956,0.6348716262446299
933115.0,0.8060787998727885,0.19823595064791788,0.3776822715217698,0.5878749221988391,0.019751033348892832,0.27754620144184705,0.14259062588902327
933116.0,-0.3202622957939891,0.1708517545535011,-0.19795100728272197,-0.8229499829388685,-0.5963854474199273,-0.9478083897052101,-0.6706571757480653
933117.0,0.11158749228283238,-0.8456173307394312,-0.9501522385300867,-0.5459500643632889,-0.4871071726433871,-0.8696672428597227,-0.055141501105443025
933118.0,0.1567281277736039,0.8461832801894149,0.9357220499534369,-0.22156473841298396,0.5885083337976351,-0.943732900316294,-0.7430617488795186
933119.0,0.2876488582262984,-0.117612010990791,-0.4785090019924698,-0.5714361927399629,0.19796326116624052,-0.8039422438080244,0.3161413941684845
933120.0,0.5131877385920196,0.9280505944425095,-0.7651862659266659,-0.9189127803288633,0.4374740659245704,0.6218409408640961,-0.03321639417066624
933121.0,-0.37588190321011083,0.13486952874351354,0.5569546459981667,0.8095992754481649,0.33621496369164516,-0.02468567597584803,0.9907740199596569
933122.0,0.8473667811524488,-0.8224522002151884,-0.47479053909881874,-0.6129471000496489,0.7973205680466391,-0.26840258855923027,0.017236231200924212
933123.0,-0.15403832147778562,0.9524677608656416,0.9592098860257834,0.8886720020694454,0.5698812560521829,0.31755123245832984,0.8810333604497942
933124.0,0.8809546364522467,-0.10377294616223409,0.04705659114205574,0.05773888579800368,-0.1669455161958726,0.12807595089801427,0.6898878408959814
933125.0,-0.24933179242632253,-0.795366367251714,0.9687731451419723,0.3702661269884804,-0.7132577604051145,-0.24264301754088247,-0.9597944852795386
933126.0,0.4123111951919216,0.5399067470237495,0.8497731601644167,-0.9308883543199133,0.32399749664985844,-0.9966334361153846,-0.42959909458722856
933127.0,0.7668024735198089,-0.10460017153948753,-0.8224777029139501,-0.23859299656262634,0.926916479035413,0.9402873802271774,0.3683660874925936
933128.0,-0.9454948752531973,-0.5266344056851495,-0.8091571152284771,0.1633082685175089,0.23924933105822865,-0.8391599156380902,-0.962732964001076
933129.0,0.9117349912318773,-0.5688915172093265,0.7602747422633638,-0.7655969664111866,0.8426803570613013,0.9466500424399382,-0.33335511364007675
933130.0,0.5054419815707476,-0.9428186869495181,-0.6359088347690138,-0.3843438897900402,0.869341392011169,-0.12115488979136835,-0.0024070853609829967
933131.0,0.15631218821921689,0.5377874710151025,-0.12712365639623546,0.7036389626968236,-0.3623509426057967,0.008268254402399533,0.8954789419317826
933132.0,-0.44934410953271664,-0.9533028744046785,0.6911169912666206,0.7171820602109875,-0.8976804903732605,0.8792037569370039,-0.7957136181060973
933133.0,-0.5731055220420092,0.9306314551185464,0.7157252824530373,-0.6456622468140478,0.9488736018017234,0.10625472966585914,0.5577991578326591
933134.0,0.39429895416989025,0.6388326468946823,-0.6334833175983519,0.11659896517371537,-0.3265527818845688,-0.6707656706986918,-0.427577924958054
933135.0,0.13379133349053496,0.8665195310635381,-0.785430039395099,0.3589087929290218,0.6549076424105946,0.9172699634524826,0.5419598445866625
933136.0,0.08695085985159445,-0.4333512157339323,-0.9084119493859579,-0.5533014076544576,0.5660265651335499,0.711448801617705,0.09411653056225266
933137.0,-0.782557145824847,0.7818713069305865,0.21526817941878518,-0.1732996083150633,-0.08347304922146837,-0.6152841234302844,-0.5790932541307245
933138.0,0.24738967356966546,-0.15017838530358696,0.6084707400469342,-0.8893204554218397,-0.5378672302530962,-0.5387139215690246,-0.36326494855785496
933139.0,0.1223232569903705,-0.8649791936279996,-0.6600062250497671,-0.9804175232465902,0.07448473882608098,-0.181882251500588,0.7208573905905002
933140.0,0.5747961879617827,0.36235921631065104,0.007732727146382734,-0.7817882996324268,0.5083768446553749,0.8977456362643599,0.2163529884031099
933141.0,-0.28007246900867777,0.7891290242351323,-0.5862905022839517,-0.0694496031999905,-0.9171665967570333,0.24449518296480588,-0.5153235945981587
933142.0,-0.8332901539362783,0.3205116204611149,-0.2602691357407403,-0.3510362083748988,0.6078934579879207,-0.519476545650104,0.18332465251150176
933143.0,0.2816996318294722,0.5836828106404204,0.8968063687511922,0.11950118650695218,-0.5921068771552924,-0.7260932814581784,-0.4469444560626077
933144.0,-0.5241403751604932,-0.07007779465115815,0.4006000181154943,-0.7277116591774484,0.9752562132456741,-0.22733228609106737,0.7544025069422156
933145.0,-0.870034633933044,0.6795550019204779,0.9817014935433312,-0.9179088363963956,0.9884604880813217,0.6127798421800277,-0.8700265978654107
933146.0,-0.1128401623893367,-0.4107587828998034,0.6138354381593436,-0.26004976881555275,0.4796958215161198,-0.676938777162063,0.7779625978769702
933147.0,0.8284137181888029,0.6707141639875869,0.3553407031079652,0.4393111952782418,0.09404671874304937,-0.8969274616047624,-0.8335193974257993
933148.0,0.2956321623221414,-0.7180848347838269,-0.0605303506813728,-0.8404935735561629,-0.5016385201784621,0.5071930699378695,-0.4892839018356223
933149.0,-0.834571460488793,0.3177497172992567,-0.15437372442767527,0.5463768549212502,-0.585714604020019,0.032831633320631104,0.32480016559423697
933150.0,0.08179055098486976,-0.6362452725471497,0.1195524487619215,0.679929562104457,0.7101146964014795,-0.5389968610223206,-0.8822928124657143
933151.0,0.6381774958864999,0.48985879790025044,0.03422166982563235,0.5183936640414648,-0.014869917500850427,0.9495739231472557,0.03230275308975061
933152.0,0.8619212875902129,0.1840287438986321,0.09778904787022547,-0.1581125813882267,0.04760937785442798,-0.9015503988914921,0.8981384115736826
933153.0,-0.25292234222242893,-0.3002925621332837,0.04368060686174102,-0.250785881061651,0.7238734359340271,0.8702812691152235,0.602140055352735
933154.0,-0.982242306456762,-0.9350962918777888,-0.9041151335209856,0.9920984619141973,-0.08039027000056431,-0.5545923915450226,-0.8669183061548098
933155.0,0.657296389264151,0.6551152809591185,0.4786278918484441,0.2842852574077521,0.6521813981954234,0.7174931191910714,-0.26179960721402096
933156.0,-0.24017104282674695,-0.03406351082262016,-0.01787412755990392,0.8410109794373304,-0.15994214453579803,-0.9666936665506176,0.9124267376863775
933157.0,0.2567872443370285,0.47494622859847824,-0.1851860319803047,0.47603176054644547,0.336096256006714,-0.33924647534399743,0.2941556856321512
933158.0,0.7828074661471469,-0.7176174348588029,-0.5561955722380818,0.9047129916246743,0.2902156061138632,-0.8693153380669749,0.15704675018245973
933159.0,-0.22195465812032622,-0.37286642780014767,0.40177266236039966,-0.6935719674489382,-0.6769646211938083,0.748745471546455,-0.020196046739082707
933160.0,0.7273720225806164,0.8083123229409315,-0.5008056081727994,-0.19933940403229577,-0.4629225959575154,-0.23182934038426928,0.05548139258237894
933161.0,0.9259777905293305,-0.8311618483869159,-0.46861320642326376,0.06973611555336023,0.9844442615349616,-0.15500375494554874,0.22631323021702743
933162.0,-0.023292936305271406,0.16534987480119412,-0.5881708995783061,-0.5810015241141788,-0.24585168581472927,0.8989730890355851,-0.6987253263940025
933163.0,0.4648855775267535,-0.8854397025490663,0.8379037537607319,0.7071796018285883,-0.07401705618154786,0.574554437202498,0.40813491477507147
933164.0,0.4403231724619632,-0.7345438419734223,0.8880574252535287,0.9665412375003306,0.38006993386414933,0.5482041859492852,0.2625534294215568
933165.0,-0.4376675189669663,0.45981728450717174,0.46613611831021684,0.9340125488752835,0.7064016170563139,-0.13743571748814754,-0.4588586092554072
933166.0,-0.8807024783740856,-0.6582593613328751,-0.04993796448547361,-0.4619023766153747,-0.029271057639181697,0.4398890895162806,-0.1638915117727906
933167.0,0.23048134060795267,-0.6090101645544275,0.24119465505907622,0.6087826976663786,0.3726340923209215,-0.29127850531123745,-0.39192409389142435
933168.0,0.9834286108037988,0.2599138033441033,0.6334940665565338,-0.7412765840870992,0.692813313161939,-0.5765994331862212,0.25872870647084656
933169.0,0.02932109115303594,0.7146978415148046,0.3940991171882464,0.2647356394863867,-0.35583742649072425,-0.9918094074951489,-0.828226313998119
933170.0,-0.5865211428755444,0.7109912749476124,0.45655821959579423,0.1565326233530986,0.8417372993307399,0.33447253446489333,-0.5313341760928321
933171.0,0.8435673997111741,-0.7759624711067346,0.19586974496242182,0.9304219854399762,0.10794730596883317,0.2000013338234916,0.3982393702117526
933172.0,0.7584394845005704,0.5969520460047109,0.37352779800657365,-0.347773188334745,-0.6571029709798992,0.4325053811956143,0.1674326097363814
933173.0,-0.9682666426381756,0.7527608296716057,-0.05769067745131773,-0.34677747816090987,-0.20796361398617202,0.4529289919122319,-0.6513853510510073
933174.0,0.19124184073458017,-0.64753097591125,0.8614052295891002,0.11751903482522308,0.8092245441715218,-0.5392483584205396,0.6600311215284751
933175.0,-0.8178717049329458,-0.8832753641442281,0.7293606650694804,-0.22273601768520113,-0.0017391631953502795,0.41598018394078773,0.8321501898029067
933176.0,0.48962531988434965,0.9012416839226425,-0.45604990398287426,-0.19898662206405304,-0.8066167546123231,0.7402969186564727,0.8011497098921843
933177.0,0.869880768935255,-0.6630908549107135,0.6910728775657031,-0.24113326185597983,0.774661993067425,0.0020804520309323227,-0.2783552599218546
933178.0,-0.9444643604623424,-0.13574718096301663,0.5586314837459139,-0.7873589928953448,-0.1257944545115537,0.5543814979747725,0.6450488336538025
933179.0,-0.7005628357208906,-0.9642597675979265,0.3019388946166457,-0.5661857689058534,-0.9285136210450529,-0.7891327272364828,0.6775057576620649
933180.0,-0.41178556461062277,0.6177134134896662,0.38749649724133817,0.06778831776848326,-0.5578967381799145,0.694437510278632,0.4736734457634406
933181.0,0.7017285939156199,-0.17302694981266176,0.97468403383304,0.8632771286656749,0.8545838820836098,0.8612268282392139,0.6070503383056551
933182.0,-0.7660264407703323,-0.6152377999428804,-0.5722195777088706,0.7878521161528542,-0.6923844528676861,0.8294844303046389,0.7026260990541973
933183.0,0.104174546204169,-0.45519533391096334,-0.891640070776313,-0.45962740473412356,-0.9567583594049567,-0.5728368658289889,-0.2680783900282173
933184.0,-0.5559969853372302,0.5172521671120869,0.5964018075417046,-0.40318774710943006,0.8800727482091542,0.10606380557705464,0.3675029489215329
933185.0,-0.14601046817093066,0.5100705794626119,-0.027716154996660913,0.16924066074176825,-0.6393954675646703,-0.5234851801420197,-0.4605385925215719
933186.0,0.6615451568478565,-0.49978616977463264,0.8866011669321052,-0.6611966706789667,0.5117951080012544,-0.7166970154845274,-0.9523772196365101
933187.0,0.05127829387486327,-0.6572429375122253,-0.34907135605604966,0.2869521802995303,0.27522437296034363,-0.6124746710320268,0.5641141755952654
933188.0,-0.8802482646639527,-0.2281621851595803,-0.5375509741241411,0.44946021438967865,-0.5349872637565565,0.2586602450408606,-0.18293597838179076
933189.0,0.7144699786743693,0.2715536459324108,0.8678406615505425,0.04925965619760331,0.4336902059309009,0.6346708199263564,0.08048765136016667
933190.0,0.5845891058938044,0.7967935787131473,-0.6143003364228417,0.28844719371713134,0.8947101233924124,-0.3281805788713179,-0.6489275186795629
933191.0,0.1777244201043322,-0.0009907051415829482,-0.4121019368261656,0.860865672181786,-0.4609987008759988,-0.3648730284510038,-0.05053198149905813
933192.0,0.543300365474993,0.906546569398347,-0.07834440266903209,-0.8085884750551064,-0.26558092956323964,0.9984690713743756,-0.9389386184379536
933193.0,-0.28898507583381616,0.2653896344702351,-0.11232105298288775,-0.02530001769844814,-0.5803724486459241,-0.6279693022576309,-0.3217523426958344
933194.0,-0.9115247948563361,-0.1613924309014787,0.5921825865147643,-0.9390161212088035,0.9822872396796605,-0.8175568800033424,0.25153391711495443
933195.0,0.7970442837195002,-0.9939380769030517,0.07356168837571175,-0.055365904892806794,-0.03631600450677097,0.03451650847809784,0.7499447413632367
933196.0,0.6150919262568737,-0.5170405493997474,-0.41251528450488073,0.2280011504013173,-0.07117900233494612,-0.8094816695829701,-0.6346078841048677
933197.0,0.13878752377268833,0.8379518797862604,-0.10915292880709715,-0.004916542468309304,0.30271035243286626,-0.8704241445992427,0.6328686838129334
933198.0,0.9735227838439982,0.5303693615413012,0.45430371966978056,-0.9108730717608828,-0.7613720951225416,0.2745901032293836,0.5546368377509159
933199.0,-0.3403472328214987,0.23534113385368038,0.08513370427219513,-0.5098812119159994,-0.05226926383173014,0.47867905188445325,-0.8617219559730602
933200.0,-0.9105263685134859,-0.3906732546700966,0.45633936906822115,-0.3772750454232887,0.5109277900488489,0.7436822195760036,0.8055914333335352
933201.0,0.007966469550425792,-0.11529864706679605,-0.4296011946872653,0.2356638368152486,-0.7400046921566072,0.2588801791465358,-0.9204165808726308
933202.0,-0.003348439751333032,0.5957636993410182,0.3488981130542348,0.9308372132083813,-0.26441302836561764,-0.014942964406475356,-0.5860142559230666
933203.0,-0.17872590553590584,-0.9639447564941945,0.6503797060805216,-0.3750991589016297,0.261620358521371,-0.32347609480287387,-0.9905564704498382
933204.0,0.8264350604894799,0.7222542959041363,-0.8986275497322052,-0.06013051906720501,-0.10850301579021404,-0.3619982966697375,-0.29285792183032155
933205.0,0.7267011621509223,0.6985627508752881,0.062278920320226305,-0.40536854568472047,-0.2153734622538317,-0.3087757061346321,-0.047076871043028046
933206.0,0.5878159254585673,-0.462432317093586,-0.6051115150609716,0.6658969560581862,0.23884727550608842,-0.13058996587047944,-0.6081943226378863
933207.0,0.13561277599185262,0.637640247256624,-0.07471541008279337,0.6953481629510723,-0.7726359045240869,-0.7951458197933112,0.39571392936532
933208.0,-0.3706769727931354,-0.03153999906180238,0.14540711674575002,0.9278982056997642,0.87409237044851,-0.1879970695728821,-0.44951485622771203
933209.0,-0.0735837309481131,-0.12641983500752585,0.5508591586716445,0.9911136095102615,0.2966220134213722,0.7007552315979237,0.47793939621616066
933210.0,0.661484914618863,0.659208322644488,0.9801079455842081,0.33392464637980046,-0.1315051770383191,-0.11935836858605442,-0.03867561602191061
933211.0,-0.8031440550772329,0.8701561938160474,-0.5744627252262078,-0.7531806908057987,0.07481104364844393,0.442110257898654,0.6228838190239132
933212.0,-0.7281527288953382,-0.36542787477427585,-0.7068583190474791,-0.24105595438235783,-0.1417392107296438,0.5757374857168627,0.6496870707693856
933213.0,0.8568927405431932,0.9989163497834594,-0.9603788620316975,0.8670740238302705,0.2780320105699736,0.9041830935506585,0.06097550389818429
933214.0,-0.09471596478199662,-0.15532395818943745,-0.323523178481782,-0.5553065657194418,-0.13027828541902586,-0.19373009987226086,0.6115138725329217
933215.0,0.9860899164504238,-0.5203294112203936,-0.0748417708394502,-0.1751671206163039,-0.14590375301789482,0.1446487113251258,-0.4939873127179013
933216.0,0.5814437774780108,-0.3744188462891975,-0.7170931193457173,-0.6786594166547644,0.2553030759647039,0.47672956671879385,0.9391048973567913
933217.0,-0.10500301193803763,-0.7424134452385951,0.6211435200670017,-0.11926223585791118,0.3781285971047881,-0.21633542942485606,-0.6328806733065568
933218.0,0.6270313004891186,-0.48162477414441085,0.12779485691283043,-0.3308929407878669,-0.6834132902250101,0.5042271889925845,-0.9402362183709383
933219.0,0.8890640224697326,-0.21369380791981718,0.6447400674835053,0.2199445111857139,-0.36260686257161034,0.7391259655290523,-0.4024465729478739
933220.0,-0.8757879166886304,-0.8408450582733862,0.07244603880769729,0.5985795773821365,-0.5470273233393561,0.9624364034306818,-0.7998274235783724
933221.0,0.398341444545143,0.8450559333680843,0.21935329502962264,-0.7715804258768051,-0.19408344104977715,-0.5921736618148061,0.9355673653849426
933222.0,-0.15410347798478385,-0.7205220668073236,-0.295672015289272,0.05723257826325501,-0.8483849164936981,-0.07930160213335125,-0.12894425655891695
933223.0,-0.14804224686541168,0.6657811195447829,-0.13509735510843757,0.09202901284064269,-0.3452623698742583,0.3660235785695374,-0.3729863654621224
933224.0,-0.1392758561019749,0.7221204145627196,-0.10386953260528631,0.21015869779507446,0.4529541567653934,0.38802974201093865,0.11855229076589091
933225.0,-0.437816132894598,-0.7622266611616477,-0.21786118160923063,-0.25205640800813733,0.004750820764732433,0.6805247410527546,0.27508625359146244
933226.0,0.6854016578639419,0.4497009157752285,0.018516949104454783,0.9008964050577044,-0.32633067220680356,-0.07684053329095808,-0.20927284285797043
933227.0,-0.9657849126545468,-0.6683060151406999,-0.6502469034891494,0.8080959295257875,-0.3418145849021632,-0.08073210563688149,-0.9993899824011618
933228.0,0.3955769374616076,0.7056967484343215,0.38567588122412944,0.010936989764252836,0.3639409617537983,0.8954016833276259,-0.5694852702830542
933229.0,0.4995762629661038,0.26670591745915284,-0.5290147989312122,0.9840339405979404,0.7742238235156529,0.9574049563848033,-0.5307247505273296
933230.0,0.35774397424470394,0.5159472188395087,-0.7576677625282744,-0.5967530055780719,-0.9028155305551091,0.9749751013904127,0.8142777618112997
933231.0,-0.4345023486352253,0.530834548476709,-0.8469215903600704,-0.5159035746245071,0.05277750684387961,0.047120625542123484,0.45589757603930714
933232.0,-0.5757791187749977,0.3645939197869166,-0.7735990924362943,-0.24082251282107303,-0.29488069158689223,0.45970321701327665,-0.9083780678859386
933233.0,-0.6205439781992794,-0.27882413013666385,0.5749813813303906,-0.257440449212164,-0.4929748527989126,0.9840709412385416,0.4509952213113637
933234.0,0.43385357165692273,-0.16348522069026883,-0.7408428599717076,0.30961618620965137,-0.9232061973085379,-0.3062453939428649,0.6150090499434555
933235.0,0.8140121658772388,-0.8355544009323519,-0.961076022101137,0.039476832782909366,0.45290168935431385,-0.6249832847785854,0.9457068023733299
933236.0,-0.36611985686679205,-0.7289297050057053,0.5227269908999308,-0.5865270438790655,0.4114578006716183,-0.8916516472230713,0.39797483040588855
933237.0,0.6128597469378061,-0.7266922340550559,-0.5906972948889002,0.017338380016335364,0.050273675116979444,-0.47370700396894216,-0.7706549933942719
933238.0,-0.8720384979823532,0.7593529594130926,-0.5143613860703928,-0.9287160202314426,0.26159441247433235,-0.5689663877739852,-0.5199519875337304
933239.0,0.921992486588449,-0.2047441661886522,-0.6466939816953075,-0.5106483789441607,-0.38841224886151915,0.024391209787319346,-0.4106872125659151
933240.0,-0.9917986999390214,-0.29156911763958493,0.889849411842959,0.22361635998073504,0.8429920494869794,0.9745273267488146,-0.18284700632077477
933241.0,0.9549803470612079,0.7755839778129832,0.2742385451988618,-0.36905703597467343,0.42115024212848273,0.5619329379155487,-0.5425443647614521
933242.0,-0.5185136862639952,0.6406576357843963,0.11448852247746943,-0.5352285453225225,-0.8261118001255008,-0.6532255867612302,-0.07124879387641925
933243.0,-0.03860733959506257,0.5703835638619019,-0.018286238385607945,0.8607617951527184,-0.9488973664051839,-0.03163890959608895,-0.36575546294601335
933244.0,0.8317074531380533,-0.008839565305258645,-0.5785925637849794,-0.8775567418803076,0.8539788439969951,0.27752661827934744,-0.44910119077712407
933245.0,-0.42264669156612866,-0.32133328410787576,-0.020168885006057957,0.013809147609927575,-0.45151949384969026,-0.040618242941698135,0.4874966136572061
933246.0,0.09647639252808915,0.3201554926715384,0.5980740268485929,0.05461181134897597,0.43532412428206757,-0.41673345053373034,-0.5720356041498775
933247.0,-0.9003258741572346,-0.3486232162910874,-0.05611845389299175,0.08641264757333023,0.7677262474543542,-0.7372424492008003,-0.5518775716941042
933248.0,0.09199600669519592,0.4472086880336823,0.2314819059205695,0.8378642498019591,0.7124455814331614,-0.236703935475423,0.03544972001341096
933249.0,-0.18910829438888643,0.6777758646969978,-0.48382208290146056,-0.7828663163274048,0.9563842120726433,0.2805465928726205,-0.1753156723104652
933250.0,-0.14724330185504675,0.39182177569183096,0.42969131813781036,-0.31076242071105087,0.6642118601874569,-0.11970414056040779,0.2549539469144648
933251.0,0.4595029760638889,0.513095745798406,-0.4119419779304263,-0.6606505292328915,-0.9107094649217087,0.45029860510710207,0.3830779524795378
933252.0,-0.13987627296153504,0.35987438512547354,0.6726620207860998,0.3369198350456786,0.5962368516030061,0.8105422819882451,-0.5338050089291067
933253.0,-0.1000920757818271,0.35938557703381324,-0.27510981352159414,-0.24374918175048332,0.6092914202077946,-0.9868519877309085,0.032194867051636766
933254.0,0.4349442132185961,-0.9685999519511383,-0.1578516419889744,0.4450561621443929,0.16522519315523465,-0.4794657649431284,-0.3123898228966844
933255.0,0.9588003521940198,-0.49599659888827197,0.3400458042180692,-0.12043272667301586,0.13969404470899205,-0.528146179183465,-0.17705224202431702
933256.0,-0.07398531959849564,0.7396010666110151,-0.7147769253997824,-0.16568634680396244,-0.10332197439299184,-0.07065651985376076,0.7209819891408724
933257.0,-0.0830933910196523,0.6324398599575007,-0.14422305706785332,-0.8592133957760502,-0.15128164527855748,0.6837490643024422,-0.3193433777494594
933258.0,-0.8359475424704408,-0.47795647686874254,0.322028629460819,0.91800739901999,0.8428114803639799,-0.7642902511045098,-0.9223827789487449
933259.0,-0.9841081612065106,0.07770804126941266,0.6672111299173684,0.7029427597251225,-0.6610596372574864,0.11974076301672043,-0.4688086537890275
933260.0,0.6910132385464309,0.9393373946787071,-0.06776622373348773,-0.2033543413461516,-0.08668835430766375,-0.02496300006748342,-0.14996666038451645
933261.0,0.8033577634458751,-0.7868494353349269,-0.42401162163336714,-0.7726294975774184,-0.3662160621085564,0.5235605116234474,0.4300238903487439
933262.0,0.6305295886602771,0.12838632503039138,0.9769058196594476,0.8633396439211796,-0.08308628648966487,0.3081053945678742,-0.4497673031523113
933263.0,-0.30115656533936064,-0.15858503618036468,0.03763232970574637,0.1462766015287964,-0.5855949090475987,0.6030446620395324,-0.9441711379199775
933264.0,0.33964594447967045,0.700827882682159,0.3425138709991127,-0.7954370459227973,0.22716627022917169,0.5378621667582117,0.3815898309352683
933265.0,-0.5916356185077931,0.015607565921624156,-0.737141744490436,-0.7163805511426484,0.5695188412068497,0.6750313741623701,-0.6902389549436785
933266.0,0.782749067204386,-0.4845722124275147,0.8426254335789374,0.47978028189330146,0.9506401569665626,-0.648809814828148,-0.846511211549791
933267.0,-0.40750879156441466,0.5520611799151378,0.7832949508455711,0.3348537831070788,-0.057292898430291395,-0.6046580500377767,-0.7735659977179181
933268.0,0.2081403937954427,0.7079358801565385,-0.970338479140997,-0.9334870942577655,-0.9215035107297616,0.9103579501607209,0.25887899256853686
933269.0,-0.9278034461505549,0.5529298394541962,0.8512064587791108,0.7852746717929897,-0.5490263878728687,-0.5422434606523368,0.287443226116308
933270.0,-0.3346968424275085,0.09256527764983269,0.39019343020071195,0.30723711887554095,-0.3949107732247552,0.4065465278565874,-0.1950110702506882
933271.0,0.5249049614615044,-0.7704337377378372,0.7840616759637555,0.9360837294576927,-0.8778133518306233,0.06286477748750086,-0.9274480361967972
933272.0,-0.8979662011543446,-0.983658528221135,0.2546692246577291,0.6060851211577147,0.7964862146207878,0.6114844219837798,-0.4162606448645565
933273.0,-0.1700795620697011,0.2892625351751388,-0.9409223072227004,-0.9063746930473782,-0.7345380173405192,-0.9934438311715608,0.19250573087967227
933274.0,0.42283328097644435,0.3404621726780481,-0.906401456186015,0.6165424963991668,-0.25463205303892744,-0.37069218131544424,-0.0023895013424917178
933275.0,-0.2397982558619851,-0.7045509310616005,-0.5194922240897777,0.7991541761205547,0.38654020402532874,0.6358767763687456,0.9060397057042389
933276.0,0.8355924493384315,-0.11858907109120032,-0.9791155609663253,-0.5106691725159755,-0.2325169501955111,0.8368382388240312,0.5213466505935354
933277.0,0.23268644109116043,-0.6423363951538155,0.1382983975437806,-0.29006938871831767,0.09926168501624,-0.6762579046639481,-0.7139920187181139
933278.0,-0.9120495181038217,0.18093854608601245,-0.41606232908674556,0.03754690077031686,-0.5308641128214444,-0.23083592723268342,-0.0811632518422154
933279.0,-0.8886568003478121,-0.33388807518587926,-0.9204876392987122,0.2242897621912987,-0.05130103603648939,0.46086511535949315,0.8540407210235279
933280.0,0.8076530685245524,-0.6954732956326277,0.8660258694514307,0.8152594367511017,-0.5324103803573599,-0.28764642017905806,-0.582486103437698
933281.0,-0.5522156586543907,-0.7368538248664775,-0.9670755774159128,0.6584911509796154,-9.982605112246468e-05,0.8647537246999539,-0.8806088623533896
933282.0,-0.4669612738279796,-0.8185096416035882,-0.11109048398288479,-0.3821016500579846,-0.5628186226582896,0.48951867884630373,-0.23134485855996934
933283.0,0.6063284549066967,-0.3245823394880305,-0.1119284855679834,-0.9764445084158875,0.2365712921039107,0.9562091160068527,-0.36768873010523717
933284.0,0.2421445115715628,0.9915863338019635,0.015019052242842612,-0.5688021120452378,0.5654812229328652,0.9994215355236409,0.45320667028109907
933285.0,-0.2598476878592979,0.8318786206707609,0.25152965396899396,-0.0337377317711578,-0.3491278514878273,0.49336815232417264,-0.7641868639436911
933286.0,-0.2570932794395413,-0.198425104032111,-0.28070659363308703,0.7606473240606944,-0.05723903460091173,-0.22298641686378518,-0.6002706491790939
933287.0,0.05429168544716556,-0.5787637167382327,-0.4241902517673839,-0.9989272527713429,0.9228610583671901,-0.8910187363132087,-0.8499555243793933
933288.0,0.9308878258843982,0.8033273764691202,0.9570120779270039,-0.35591951756441476,-0.9142886593561963,0.9922669076102562,-0.808111003808673
933289.0,-0.10793414331359807,0.4565217280405547,0.9357429725817159,-0.8827014246115312,-0.257654385780955,-0.9718476348721432,-0.6038773250587504
933290.0,0.16292198427589533,-0.376838276186062,-0.6814283236359369,0.3940667317919946,-0.9937003919998222,0.39035913660434973,0.1130879986257598
933291.0,-0.3811612232991308,-0.7858092298717385,0.4140933318716029,-0.8215373691986436,0.45602931672180036,0.21625434140180144,-0.5419318448100356
933292.0,-0.3008400245187932,-0.7020701623612968,0.10744540992837481,0.9511227169328214,0.3091968914321348,0.8721713811837819,-0.5271109664253721
933293.0,-0.761381230569206,-0.2365421650037942,-0.07144105097721987,0.42615059068026095,0.4125612682284796,0.8908008005701822,0.2641131172710416
933294.0,-0.06880469547862322,0.72042653598573,-0.5934898971154439,-0.29094778994745685,-0.5123217311544599,0.3093149758317395,0.22826823339940727
933295.0,-0.0676775572636108,-0.0994018214936323,-0.1193483257523511,0.15170485235562725,0.4013865650630668,-0.5520577550940415,-0.30085818862839675
933296.0,-0.6713299173135481,0.6391070732622071,0.9457292010709444,-0.9300794345924954,0.0991866767534324,0.26880133894597713,0.3374722430308792
933297.0,0.5751557079939331,0.7282008043159462,-0.36067518490845196,-0.9282343267013806,0.7165877856804888,-0.35656861781055493,-0.4521435845080173
933298.0,0.692008980831768,0.43436295661250246,0.4320591558817364,0.37528099655890723,-0.3750172645478991,0.6999736762413022,0.0510076031355402
933299.0,0.002631446412689531,-0.15954683203584974,0.9728002137569325,0.32648426266302955,0.8075065157011772,0.12311315146128687,0.44656648743024374
933300.0,0.8036564324820079,0.6022769869630895,-0.9022365175602394,0.2995421107756442,-0.2193446499092917,0.5174043567433597,0.21291076549285926
933301.0,-0.9744617880188606,0.7551848412755053,0.13468330128089523,0.3383487921864847,0.04862844057231164,-0.1920970173633172,-0.6816946005486912
933302.0,0.9416656841723623,-0.9531462095693484,-0.40366843096078053,-0.14610488946047218,-0.12043842450243769,0.6177830301494787,-0.538910326549753
933303.0,-0.9021736243786194,-0.4797033614232862,0.9585415766942655,-0.06401511132402149,0.018779224996444466,-0.17610966127619343,0.8421430123318334
933304.0,0.8573421886877097,-0.8108924005930302,-0.6536538046948126,-0.688416603019625,-0.5926438079629139,0.057509575583927885,0.0012968083747200154
933305.0,-0.9893326143848189,0.8480092681870637,0.03084082426878143,-0.9110283535698602,-0.557134499521218,0.10257526120952232,-0.8814082294048251
933306.0,0.42498928459927243,0.633905676663034,-0.6391968519850397,0.9938274170117523,0.6435533490465961,0.2762823598686788,-0.8453415795801538
933307.0,-0.12566212010328726,0.8828989422765479,0.1868258442341515,0.7232489215026208,0.8472780596461169,-0.9000323090276634,-0.9470442588437995
933308.0,0.801102187340178,0.052249629939231435,-0.6529309050366165,0.3098133014775475,0.06105595211991055,0.6484790184328204,0.07531563201429492
933309.0,-0.4864385291566715,-0.6318843600929618,-0.8165077782279453,-0.02030791114653674,-0.05873400329394074,-0.4763275443143089,-0.9656578722780196
933310.0,0.059414763618109045,0.499309866171431,-0.5765960030171697,0.6164609310845157,-0.4018693218566487,-0.37352574544283734,0.3845289867366741
933311.0,-0.011897468432598313,-0.799315581088822,-0.4897318734689835,0.03287683392811025,0.6820389148794559,-0.24961324350431302,-0.6308268173680336
933312.0,-0.7039244308632555,-0.9133223635202323,-0.8548257578939309,0.9096256089247621,-0.6803907658409618,-0.8467266707014385,0.8051535537406982
933313.0,0.35848413806653645,-0.0036333933325762846,0.27449441125255647,-0.5577726776340577,0.5555640356632119,-0.020815147897384145,0.32081664763859075
933314.0,0.6928909974167359,-0.14868387544283546,-0.9433067467655214,0.9158719581580654,0.9425364356239296,-0.8841828317060552,-0.4563748737983486
933315.0,0.37038390824704437,0.5307385762530721,-0.04622256143273762,-0.8303762981629657,-0.13527749213036988,0.806578995249734,0.6994959083201822
933316.0,0.6125166852934334,-0.3737775467567779,0.03194791131510066,-0.21600792637223876,-0.09704140323652855,0.8207483173314909,0.8633415135672651
933317.0,-0.9957885317839292,-0.7092842173875629,-0.3326126580175044,-0.5769801139462285,-0.5439152472738553,0.6360848866678386,0.9792515369863473
933318.0,0.11062594138473258,0.6122863679210209,-0.18593453041553842,0.8960601856582011,-0.039347059296215514,0.8216310007152585,0.7972945869692434
933319.0,0.8144272825525269,-0.30464887638183513,-0.23033206376653848,-0.8581366695394665,-0.22842576707041462,0.09708301412451248,-0.40875269673131265
933320.0,0.8994696933929345,-0.7205573085887067,0.2887148728538307,0.8489812974612632,0.5084879151051938,0.6884550504051559,-0.36005959284787736
933321.0,-0.6256499616452291,0.8182921498621685,0.4982224679609142,-0.2557965681937293,-0.8074733392824416,-0.009692486721964766,-0.9031861062348945
933322.0,-0.6902543163438035,0.36258262866643554,0.17675482673698517,-0.17552629816012777,0.09991991604501838,0.1406966935249352,-0.11574576738637887
933323.0,0.14909913719394496,0.2232175287752476,-0.5356944029326651,0.8933219664296033,-0.3953929733971131,0.711734806875705,0.43951636995913046
933324.0,-0.28972631382076,-0.5213701817784804,0.9283937825509792,-0.011142394372656073,-0.6277112928047102,0.4144032417749619,0.13963612352679045
933325.0,0.9525188994189207,-0.05675777131015125,-0.366642929264656,-0.5549886547834231,-0.04805712120565864,0.9524961254232338,-0.086285904637033
933326.0,0.8681208258580153,-0.762496820148566,-0.925327305320633,-0.3419071821269424,-0.6517686932285338,0.09140988572044373,-0.9225021562535514
933327.0,-0.7424100093276607,-0.05204722923143135,0.8206621208975466,-0.42369928998928663,-0.1862496206548443,-0.2550379790366766,-0.5871769836735683
933328.0,-0.5113381283444562,0.0977826452395143,-0.04748883625938238,0.9545660446872966,-0.21340085825124655,0.9284944225443921,0.8228498497325543
933329.0,-0.5702761505802743,-0.13888526159907832,0.9492635925430475,0.13774616803839845,0.40776814628226776,0.8385544667794282,0.003158451449384092
933330.0,-0.02141872339646045,-0.6488145516073689,0.8123334187665638,0.6701787783693769,0.5651823874892672,-0.10111780334856646,-0.35166385110314025
933331.0,-0.9408983570575651,0.2677303727473015,0.10903500852512837,0.7941383436835274,0.9241783849579923,-0.30958393600601064,0.17516864386844389
933332.0,0.9890120847133019,0.27428960924528756,0.11671341170643013,-0.09172498767188508,0.1790555404059282,0.48112139759359085,-0.6402824614492701
933333.0,0.4418847217752033,-0.007014256828147047,0.3297224982474247,0.6750451576018406,0.26339696420889,-0.11288916914479996,0.2984528372769346
933334.0,-0.16756586474984658,0.4210610513983548,-0.45906282503850226,0.2997767254293242,-0.9466413595161618,0.34967478721567913,-0.631195456108145
933335.0,0.20321009975227633,0.9386944854152017,-0.09284706990886127,0.1374216373811854,-0.20504353745032944,0.3658876301469707,0.8234199645301279
933336.0,-0.05786500571706865,-0.7706706598030268,0.8374271099634776,0.33299306346097945,0.029960197979631786,0.4080568410923364,0.6519265540204717
933337.0,-0.15360771384269478,-0.41159708047526533,-0.3612105817947573,-0.6960576649315557,-0.6967324664277954,-0.5740965246552239,0.2712984170014112
933338.0,0.3443950808594445,-0.7318940872620256,0.5902019606495199,-0.34330859760070664,-0.004821299614353736,0.14966853047859296,-0.8933622750628214
933339.0,0.5393035893375819,0.6846917160173285,-0.7984743563940679,-0.8225719601838128,0.5963048830136837,0.026902430344538653,-0.5952071247612061
933340.0,-0.7493174450443214,0.7307693598701268,-0.33559937796920325,-0.786033018200522,-0.49743621835043306,-0.17596927759707182,-0.3588497276240217
933341.0,0.9976529695713683,-0.5715951102207149,0.32553314937803224,0.30414172669837725,-0.0679941642526718,0.2078011889367759,0.7962852573421797
933342.0,-0.2337506154565825,0.9806397359123165,0.43899951243129687,-0.8820277709897233,0.11562949943922285,0.6394300500613299,0.18429647062460663
933343.0,0.9910406394582814,-0.9798593652424588,-0.3335288796473721,0.4434411298085097,-0.6979271959360425,0.7896933779387925,0.8093633151529598
933344.0,0.5526012367180504,0.06310581173819929,0.008027943798859738,-0.671527829891678,0.7568629185419131,-0.04803778321941832,-0.9542720131276954
933345.0,-0.35523751531986103,-0.5223646547979433,0.2319216546731211,-0.847310500226319,-0.6810004073942997,0.8274263481071915,0.231944984733627
933346.0,-0.2622040587505776,0.4820536170794709,-0.191445822511495,-0.3928962626200294,-0.490459535188303,0.644862780110645,0.5772399240315054
933347.0,-0.03771176412390842,-0.8180082309426411,-0.12938384439742068,-0.8238891964363215,-0.2671324986065329,0.3059602078316366,0.37970113139293926
933348.0,0.6831886659515101,-0.7841794752464166,0.19763201531415264,0.09984994982571904,0.8003044425135477,0.034809831602695906,0.494298826966715
933349.0,0.7162890687514167,-0.9907761675379836,-0.4764476069086019,-0.3438620402397792,-0.49508156030128236,-0.1766293817229836,-0.1224546011040466
933350.0,0.8751860377847573,0.8679214985998733,0.7495234975193426,0.7946458740550968,0.9472045994307463,0.31915879176071926,0.9861921560792546
933351.0,0.45587263314201176,-0.3091756672304844,0.8818016902927932,-0.8448576190334405,-0.6967972608256827,0.24521450621531282,-0.15460119414065998
933352.0,0.3978411504076067,-0.06616596861777069,-0.9225627885617518,-0.4413625505894514,0.9736988148839489,-0.003470404162202012,-0.6243021004101184
933353.0,0.3810212528682033,-0.5688699304892251,0.7367220445431468,0.9661803262064812,0.5101896871470437,0.9446695074253837,0.9977497222094402
933354.0,-0.45891088654137535,-0.2305483071541372,-0.18941807487647688,-0.4484379516024837,-0.3672382555434208,-0.6640159758906863,-0.6348777196607731
933355.0,0.14371110963028788,0.13602423452243806,0.017183621886681433,0.5737596387302777,0.7178427235071851,-0.4753826182598082,0.8902331756843518
933356.0,0.7277082407003552,0.784341157672567,-0.7661078009972975,0.39479931193564544,0.19613538648757323,-0.5569746216303828,0.5208125823601688
933357.0,-0.08209314770867282,0.004211620421601836,0.23086238548230154,-0.7278650328894902,-0.18480929515199396,-0.7106104568064204,0.2848798321263528
933358.0,-0.966707980400447,-0.8402076287485214,0.4211014874002592,0.42569505105445016,0.7855244315902583,-0.6515608953402725,0.9347201920024675
933359.0,0.43283284402460387,-0.7680288103182411,0.15335675276391147,0.9252457282939877,0.7450822640206929,-0.37823613041661375,0.8772478982426037
933360.0,-0.661685657793025,0.8812287042809488,0.32093230972242326,-0.46353648384780133,-0.583376249856784,-0.07744411312753807,0.8914011891941958
933361.0,-0.8752946502638534,0.1927914140933087,0.6744502947182716,-0.20200381314873073,-0.16947836512099257,0.16788462515614122,-0.4872163311130371
933362.0,-0.4665086510324796,0.939655332894906,-0.9882373794673753,0.2091419740922975,0.7199856737689783,-0.7798459440548489,-0.6476964727714107
933363.0,0.3557656612494442,0.7483715088098404,-0.3137152949829156,-0.36840604576300895,0.02833377729667763,0.7570969468432118,0.3711667580542837
933364.0,-0.18948170694029698,0.7849930777374352,-0.14338674017342878,0.17822433696441387,0.009109472604923896,0.053801968014803636,-0.9837313057944574
933365.0,0.06369728699374111,0.4255867801993274,-0.3007613394626216,-0.5039654481750995,0.729794367834651,-0.8950261855376118,-0.6101443886847344
933366.0,-0.337961411421251,-0.9884505832753985,-0.6705431197035432,-0.5753487669620365,0.11508863916190148,-0.45312098736744466,-0.918340636915858
933367.0,0.5883318679478562,0.3176365245584416,-0.7991821527862943,0.3518387950902895,0.7252208053432314,0.45308129995739055,-0.01286504046389636
933368.0,0.39851606566849984,0.24777687025499917,-0.478813244291318,0.48520545464159603,-0.7769969392271465,-0.8364021869349467,-0.44663255964889825
933369.0,-0.2310380255557345,-0.0029551116866550764,0.30299065673927417,-0.7462517700554583,0.9825608415250253,-0.45110297261949217,0.9195524036759921
933370.0,0.802976343876799,0.005799671623700542,-0.736704949163125,0.26282234173061014,0.017061333402181633,-0.24789849207706105,0.10436540738186695
933371.0,-0.5115849643200228,0.9820732273585129,-0.06434039698383898,0.6882457453702486,0.2672371779011731,-0.3760707517490107,-0.061663026271082444
933372.0,-0.7119053604870458,-0.02691079604152935,-0.19208921698358328,0.9662193909569907,-0.4506126996117512,0.9671234529793704,0.6066701360851516
933373.0,-0.0399868120400122,-0.1944186010997182,-0.6917676708242848,-0.06283591205332817,-0.4475154557667189,-0.9774333120138397,0.4926201522063194
933374.0,0.06736875279125565,-0.8625212207629955,-0.6010334945975122,0.5816815357209695,0.3253597579275589,0.7346458077826934,0.6767981977710418
933375.0,-0.7285543534436616,-0.7381920052288671,0.9407090846162276,-0.060493852096671796,-0.07000033427782859,-0.9081593495683837,0.33086908054473585
933376.0,0.7196195763114575,0.2372275238677175,0.797718186971941,0.3817715026366675,0.6098103091194871,-0.3115616344551184,0.616271943435851
933377.0,0.41554889199110856,0.02131079813160608,0.9222212933395535,0.0661752854848292,-0.3743254108672207,-0.8327828397740211,-0.9223357303535751
933378.0,-0.33249886629753345,-0.736895922616553,0.43415258972676796,-0.599266180849424,0.1867267132427579,0.8912964122468916,-0.45233917161328785
933379.0,0.3575301093917371,0.7439775261598114,0.7332174366114768,-0.6180513848405362,-0.9520534526176774,-0.9580199333975614,0.9548891571602725
933380.0,0.6815325307617786,0.3387866875160783,0.49002982339628387,0.16304860900191365,-0.04910880968979803,0.3595983082924834,0.5854747665411781
933381.0,0.17640375342835912,0.598421129254552,-0.6156168911746425,0.12715425691859772,0.5890641386388737,0.5666270519106849,-0.7501025967298469
933382.0,-0.04004708052326311,0.21536850446463474,-0.24595687814881884,-0.6657269307038087,-0.3450057561510782,0.9292924391651831,0.4566463634950044
933383.0,-0.7841596625272083,-0.7126952582313291,0.6241269362071722,-0.680750888596493,-0.0020318235566378906,-0.5305100750178273,0.9990964671287272
933384.0,-0.8322792885516039,-0.810732425068655,0.2031690885496471,0.7523947590686073,-0.444749818453128,-0.3387313423423943,0.5963928681258364
933385.0,-0.4219460841847358,0.7548596568846555,0.43812732031517565,0.8562872615439134,0.10351523260570072,0.2695734339150708,-0.7823804905837222
933386.0,-0.9347394375282041,0.4796449829494287,-0.7146630314316123,0.14062897358937132,-0.08500147542479253,0.700101967582293,0.4698623836533009
933387.0,-0.011339462152553992,0.5392267096232866,-0.8776936359826011,-0.3724103817795257,0.3729852465698906,0.5103366976143715,0.9007415209854983
933388.0,-0.9089236260397404,0.40221930260561245,-0.30413168669764334,-0.3366658193416803,-0.8155987204581259,-0.7193914963121313,0.10193755225530454
933389.0,0.6687679781123244,0.999691587035354,0.07797412221453293,-0.509967689484361,-0.04662160991133657,0.2672020817109997,-0.5553078344194511
933390.0,-0.697822480643562,-0.5026221421734782,-0.9263126493969913,0.4580866751164425,-0.9789884826168676,0.15611856020774595,-0.011953040536851978
933391.0,0.0008824518907410983,-0.026559913532018253,0.5690777468296784,-0.002688252702916838,0.7289208608745936,0.3505486539336202,0.6067814651500467
933392.0,0.44116199344395257,-0.6527338653631354,-0.3460837756292341,-0.07201708711981425,-0.9297139364927525,0.35767442947536243,-0.14710896102291038
933393.0,-0.8782841532280754,0.9552802478265829,0.8076693926637304,-0.796466471179843,0.6320494538349257,-0.16188631164947553,-0.4783254288196226
933394.0,-0.5232346769293355,0.09372905112356666,0.46063102599945727,0.7214127508892807,0.7667256955860129,-0.0876269394739051,0.7188255401011232
933395.0,0.8559944068731415,0.5486450838682033,0.33919089354015,-0.9142075600289001,-0.40703162175309027,-0.20288341020348133,0.27428623495544224
933396.0,-0.7565901395815127,0.2691855167762758,0.8165371998526549,-0.15983965847746884,-0.6525603712544097,0.666734694576566,0.9922368300341642
933397.0,0.9612580108110054,0.3611356164421873,0.8231056848828147,-0.0528897175847125,0.7928799022599962,0.9882996624711864,0.8251742132299793
933398.0,-0.3072799833622002,-0.958762116613163,0.5661182787816494,-0.6260809759998696,0.7378402067074143,-0.1659893800906258,0.48377254044039253
933399.0,-0.7371602109034046,-0.26137598078743385,0.523419389347666,-0.898986310208056,-0.4018935079927606,0.2971884824876234,0.371903479427927
933400.0,0.19439957504510685,0.9921511584889302,-0.6683301310042864,0.8919702998478896,0.38304006051372896,-0.1680038796469927,0.08325716607877065
933401.0,0.610322899812026,-0.1718130995470255,-0.7925223995769539,-0.9904053656253435,-0.12966105062576894,0.7079758384520629,0.5170740235884579
933402.0,-0.3070583253484662,-0.1028707723514608,0.040347355122378525,0.5961695053241549,0.6424758599619458,0.10246115576893011,-0.43426099054654643
933403.0,0.7487450510886686,0.6294648888407146,0.9693588015959562,0.23426229014826072,0.45817722123189353,-0.2581791585744715,-0.7126166005192089
933404.0,0.6922668488257591,-0.10316476747091263,-0.7201707032795961,0.3889217143535453,0.16515465020034736,0.9974984975860792,-0.6334237834071708
933405.0,-0.38465316412890727,-0.7770430182263501,0.026083314997798146,-0.18400561063103504,-0.47224884590459215,0.5434359311797388,-0.646847483257684
933406.0,-0.5968762523639499,-0.09094608398569304,0.6221479871624327,-0.09618065142802945,-0.09264971931864929,-0.297550922933395,-0.7898800465516278
933407.0,0.7821209716361215,0.03874444849764158,-0.33045481245471486,0.05278298797856218,-0.3893721421566778,0.7656367982437229,-0.13117816023325357
933408.0,-0.7485151760397069,0.5085460901091159,0.020206504986242102,-0.5521325073573866,-0.042511486703556756,0.8227078959142935,0.1561912627832467
933409.0,-0.4471125669447258,0.21590270895607167,-0.758836602847561,-0.28461436807801976,-0.32438063340034673,-0.7497055103870054,0.7499795587065001
933410.0,-0.18559484719537633,0.14811945984770314,-0.4603240881661832,0.5415907349564226,0.6361456240998016,0.1679691301569719,-0.38987966261368756
933411.0,-0.07254816213915061,0.3620325927515924,0.840829840281011,0.6206133739110977,-0.9987856960560475,0.2436917000820098,0.3506554943676867
933412.0,-0.6902626130192755,-0.20838731498318408,-0.35095510405180597,-0.3681459461471559,-0.534217566488022,-0.29918205696810785,-0.5334708946666906
933413.0,-0.7793188047205997,-0.8407877670276505,-0.8124598816533759,-0.9673555284571569,0.8905490055901304,-0.31905446541783045,0.8492788687874813
933414.0,0.1290663877534317,-0.661457267281091,0.05309682226453538,-0.8164988912330264,-0.5288770422580449,-0.3403116365833345,0.7321675341046188
933415.0,0.5727771183127952,0.7818817197140133,-0.9920233257538926,-0.14037489555946348,0.7829249944775858,0.6629688052808085,-0.8021706134211042
933416.0,0.3519641042904309,0.21890072982857345,-0.3930279691451064,0.6026971638285541,0.4963036530860341,-0.36937971100019995,0.01748584282014143
933417.0,0.4240728350011338,-0.1849837444396718,0.6776419393979114,-0.5067617537021158,-0.24587149122800667,0.8373085392631756,0.3313087289375676
933418.0,0.8595551880532772,-0.040716687238167015,-0.8866512362014902,0.493956167751056,0.9497112422872118,-0.4531614623581981,0.12501934292410555
933419.0,-0.042282270779377074,0.05363762266499483,-0.9684067772569709,-0.9256159801430275,-0.05197196361378387,0.15733899281998243,0.9923436395633662
933420.0,0.04716750227377142,0.9308046336955611,0.8562250980260673,-0.693315337340239,-0.7456716798937484,-0.3572916768186889,0.2495324806638095
933421.0,0.7933339374851187,0.9068293966593806,0.44871724839342253,-0.5405256439645894,-0.5738739650455205,-0.594805956594787,-0.7336429307157921
933422.0,0.6557026445234451,-0.5306224082751081,-0.11380378029938609,0.2696485403134681,0.8926042643292629,-0.7145701972915757,0.009083272747486326
933423.0,0.8030366024521787,0.8571623789559055,0.25198269218887526,-0.831052218154454,-0.6427866284816073,0.27402711473379293,-0.6868718674598273
933424.0,-0.2402564394452682,0.39712140465876766,-0.42413824910228914,-0.4192102678070546,0.44925281511672366,0.9762243434171907,0.716094301412636
933425.0,0.46303253103448916,-0.8065948136999013,0.17132022492909416,0.8866723819395061,0.6885882370882082,-0.9168207945682865,-0.3546375420352299
933426.0,-0.5900298675751987,-0.9844905068527572,0.49188020204654403,-0.12626640652552612,-0.28183857997150263,0.872146089077855,-0.2491442537284858
933427.0,0.33027689917286707,-0.38330396462171823,-0.12685525486563165,-0.7050618449526931,0.8268143808481581,-0.8362733996487062,0.8967625929036611
933428.0,-0.5409065404435365,-0.37184861996227236,0.5805509098568211,0.7846859901687702,0.22756298124091323,0.700634357434639,-0.5559688957611626
933429.0,-0.03988660831222801,-0.1646419283887366,-0.03219908541350591,-0.07140667525547117,0.8068438054771319,0.25354453271510624,0.9380826290030306
933430.0,0.14085552130780554,0.10023132007636693,-0.6695122929177539,0.598309466610855,0.7109847000047813,0.8118604136902501,0.7287781890259024
933431.0,-0.08518994224276488,0.5375067202127288,-0.6941400485662459,-0.5336371079685263,0.7063104563636913,0.05251497652752812,-0.36923725266780094
933432.0,-0.29140388620283986,-0.11777330946671416,-0.987897542032671,0.2304042622406035,0.0024807448248798103,0.42080439800516056,0.555491362397623
933433.0,0.8769556781922714,0.9421634210778764,-0.23448028627212802,-0.9022144847118083,0.46755593062724365,0.34851056380790224,0.8646399488190599
933434.0,-0.9138186477218326,0.9739745131925337,-0.1552767596577289,0.5092354290963261,-0.2880995332559113,-0.8944886650820729,-0.6162661380589676
933435.0,-0.7494489861797597,-0.9487251813425284,0.8268572963997669,0.11303854336563735,-0.22290013039726286,0.16327040645890434,-0.8571008497280368
933436.0,0.9966056324145824,-0.45083317689702107,-0.8422548891031045,-0.5332959827197605,-0.2031004299503283,-0.7329620574901508,-0.9019127958212798
933437.0,0.9666274973467752,-0.5288642603359921,0.18949477761946576,-0.8813597925634582,-0.8935770691000344,0.31480411303877687,-0.4397102457144293
933438.0,-0.3269260140887005,0.12502464473851216,0.7029519003021429,-0.1698600258624401,0.6935964119228497,-0.31516506748896234,-0.2950510979121521
933439.0,0.5318967141797522,0.06710731093550848,-0.47978444813120813,0.9794363147310927,-0.26576518841073016,0.6991973993787988,0.5261214369710177
933440.0,0.584586727566552,-0.9687379012589536,0.4080686396265316,0.08407506705863721,0.9576300102413633,-0.6675614357043402,-0.04572646294143179
933441.0,0.07098474333427962,0.8820668628840462,0.5756331621022379,0.5971728442133573,0.48238813586054285,-0.3184210047739422,0.7576370423723549
933442.0,-0.2502228207868389,0.21199226376321367,-0.9026700858148349,-0.28688727679687775,-0.587325400808524,-0.5983676897075818,0.2077671352603201
933443.0,0.31059038014161366,0.5563440947810425,-0.09788730046181016,0.5327437298892819,-0.7437288365349641,-0.5501449869711097,-0.8479240368861696
933444.0,-0.9634757561812413,-0.9111804209079666,0.11721051315595932,0.19321270487993103,-0.896285630380625,-0.948271753830356,-0.05127448439928717
933445.0,-0.30028744989330547,0.8421355366062868,0.6168851600192329,-0.9117312963356485,0.5767451078801777,0.23507372693123174,0.6593389062681261
933446.0,-0.36284298489889677,0.009919345233208698,0.543162830242568,0.598836344827187,-0.6155012947946163,0.7643664215008441,0.005291482191804642
933447.0,0.15591772043810992,0.09713922451522072,-0.557337703196056,-0.5448991004140247,0.15768415906925348,0.3527368016008925,0.5110771134928473
933448.0,0.9328429131354186,-0.015179193690128656,-0.4762069677351841,0.23339716802067567,-0.9387061802726264,-0.8700049302257886,0.5050071262531972
933449.0,0.9578787119558823,0.11799662940055256,0.5363385146298487,0.9298979382916301,0.9954431113164155,-0.3220059223812344,-0.7774751954850421
933450.0,-0.5451956271609468,-0.7623960262610394,-0.9836308732370849,-0.9064199730286295,0.17010018692874973,0.35971260044283726,0.7498341535923265
933451.0,-0.42597719039440585,0.2787494924410516,-0.25299513718552236,0.17905546270604766,-0.2246780775110051,-0.09467666706140032,-0.8434861859568943
933452.0,-0.9077422921970746,0.523624272412901,-0.7022274686925982,0.10410464221721893,0.04715925288013367,-0.9562111054021929,-0.5369430998770384
933453.0,-0.9234523513150799,0.38851208975110696,-0.22566595843736637,-0.0180333682665621,0.3944452259450939,-0.915638072514104,-0.6811506633826345
933454.0,-0.07192058526077516,-0.41528920823095006,0.2564374157059266,-0.49254205064398127,-0.3700655315400989,0.2096920371102038,0.034824805636264555
933455.0,-0.11005159326179581,0.09545388020886336,0.03305821797391406,0.032138023068272625,-0.6162094205218895,-0.6261592234663549,0.49767375766123423
933456.0,-0.6329535117449392,0.4450618347110067,-0.7978864285874487,-0.4469519191795801,0.7955942164947614,0.9728793195568466,0.5230839897657256
933457.0,-0.5590800890997674,-0.4907297912241726,-0.015370439885713294,-0.40625667639243024,0.33738360670794965,-0.3465795174541819,0.7032931753445248
933458.0,0.5681349135414593,0.14770271858177564,0.7215046396049787,-0.268691445487242,0.7398440443652783,0.4430137694694576,0.8128909852663402
933459.0,-0.8404764888741898,0.4265414002361856,0.7787736696979557,0.32989059720939506,-0.3863782463853538,0.5576619181880842,-0.6408253193148139
933460.0,0.1375159704416573,0.8170443059511328,-0.5229852818368184,0.9234456259814727,0.9993073207624172,-0.6792997399460141,0.10309072985998369
933461.0,-0.8424994323547159,-0.7401724313617297,0.8264720910351111,0.9585296009220892,0.757581207282088,-0.6999049098415482,0.5242775590883548
933462.0,0.46918007379042215,-0.9203461476560435,0.2759190932853084,-0.5591576787611012,0.9520493475224441,0.3692109138708124,0.12436474457529223
933463.0,-0.9580228235877257,0.44980577552271983,-0.6901956120695183,-0.5841951162008283,0.166871753114733,-0.9966247290318981,0.16238024399510964
933464.0,-0.8564250425681963,0.5277831331503371,0.5020441532133533,0.1183724807880755,-0.30048187874297017,-0.7786482060449214,0.11926596831284608
933465.0,-0.3568152757702314,0.9294853990484178,0.5442948091182025,-0.9688385369490022,-0.12269115886038762,0.18888115996153543,0.6874658239601683
933466.0,-0.27922533186159537,0.09154396428768474,-0.7007382904290425,0.08632833292920217,0.7674016341276213,-0.7489810323963115,0.9761835926572997
933467.0,0.871752927799317,-0.23024898703524355,0.6624942445984914,0.2476953521204659,-0.1928693172153948,0.03784067842862471,0.36187730369075344
933468.0,0.4238990324373906,0.6391571626683294,-0.5683558143648035,-0.08828375748158424,-0.06445095384873101,-0.0358732969961435,-0.8174969940528332
933469.0,-0.05579046732562287,-0.9454038295911624,-0.10535922098330319,0.6868694498953531,-0.8325337963247297,0.544281123202093,0.21501232913350377
933470.0,-0.7542549875172737,-0.23060842736570364,0.939121375633762,0.45489596170764446,0.022812183210190407,-0.011089042202201638,-0.3616345773573151
933471.0,0.5728352922593072,0.3918472177554444,0.6815379200168461,0.44525595292347897,0.26999666247322573,-0.5365473818219497,0.24144546925636057
933472.0,-0.1218455459641603,0.1133439985252418,-0.36636808082086825,-0.522068368126974,0.5683910004512489,-0.9940655666688174,0.7263299572844626
933473.0,0.25215579820687095,0.3616260947796648,0.5775558452107967,-0.36463534055697466,-0.04304693766385714,-0.5406749351675129,0.4035960202259745
933474.0,-0.4383476182575745,-0.039253264860715564,-0.22833953141553498,0.5970755820235671,0.3982528944437995,-0.512402043804066,-0.8273255658263781
933475.0,0.42254503710122404,-0.19081187467883987,-0.9592725149722918,0.533263544688156,0.7543015752486313,-0.9139706699249495,-0.13720536975868303
933476.0,-0.6686360300502723,-0.6722551183532377,0.32738914334640534,0.9898918909106804,0.6405484220170816,-0.39351548495097965,-0.7710232799834735
933477.0,-0.16860670618603435,-0.23015184727401028,0.3235295274776555,-0.5443289184096214,-0.9633666077636538,-0.9079025733012895,-0.23258305737043283
933478.0,-0.24006026468275654,0.043841477984564836,0.15052446797758456,-0.7025194307677913,0.9197794040481455,-0.16486212317332094,0.34046958475508493
933479.0,-0.8919067714117292,-0.7885169919461976,0.7580976370325485,0.15059661567952864,0.6773672143616332,-0.8665445834761347,-0.7540087600669081
933480.0,0.3601335834455295,-0.8308339198485435,-0.5254159036342003,0.7948034646349811,-0.2071607870818173,-0.5174393295243476,0.10893854673729653
933481.0,-0.5257858090420073,-0.8419807749846684,-0.595609632181217,-0.16360674173506728,-0.8997577468542293,-0.5785733742247094,-0.04550370001065773
933482.0,0.7927445795894894,-0.46103102869292356,0.9388334200129227,-0.48213698446728004,0.09779601122347414,-0.6759596755944883,0.7439748972686935
933483.0,0.08051247635588354,0.2179572576990485,-0.7004210435298996,-0.3446321049391221,-0.5230434363065801,0.19946424696447185,-0.8977690290696283
933484.0,0.44204012828070915,0.11785217019766314,0.2387220952184177,0.42082857042415034,-0.37092158034445877,0.5354913659693947,-0.7258874951239338
933485.0,0.7512075354151,0.7293020033687989,-0.3820726542285231,0.10923539605865185,-0.47643813958161907,-0.007407340928615724,-0.14896519406729913
933486.0,-0.7737147227968308,-0.2922678881799068,-0.7573658846321272,-0.18535219397838776,-0.20606068331930993,0.23113294063788925,-0.7989138353674241
933487.0,0.4546447145684491,0.6901900720217902,-0.32523512425126455,-0.6734543687144419,0.7777840560089198,-0.25413158230566624,-0.8041628502416023
933488.0,0.46607488827728805,-0.744916485324286,0.9792892307278125,0.9979935798815585,-0.6847125031611105,0.41003251157811715,-0.45430054870818104
933489.0,0.7780386805181692,0.04232567412148924,-0.7718196374153627,-0.5310714034425776,0.5429585912445141,-0.21943247765998564,0.845647619812639
933490.0,0.708104177966904,-0.6278194523478291,0.6334213363577599,0.8957647219081262,-0.051475402796967495,-0.7660721038420286,-0.12258538501876393
933491.0,0.03945607391771433,0.4787278987674315,-0.4710389929045664,-0.9682825342290466,0.44646694702172707,0.6438143510380072,0.6962835605777338
933492.0,0.2209776974147828,-0.0384422749044917,-0.5553481905320805,0.33522111387118314,-0.20327892942794046,-0.2250238148416166,0.5834969881506371
933493.0,-0.11371674154635292,0.6320820170753194,-0.6773480597488439,-0.973009832006023,-0.9803246503240934,-0.7969757310374961,-0.7876033680045693
933494.0,0.3157807173037366,-0.05776502603279643,0.4717377741377924,0.5671525658401013,0.04401099381204898,0.7593317257125183,0.46180602121874803
933495.0,0.8388715613374798,0.3699231950221529,0.02830760990422765,0.19714758785319741,-0.9305250854732612,-0.20795248152973866,0.2822236807742742
933496.0,-0.6220211433233216,-0.722285595253698,0.15173527109452722,0.012900244842922737,-0.6180229491331233,0.701222583494505,0.7685759404843722
933497.0,-0.040093458006903226,-0.1837684702628808,0.11256557313176785,0.4064704329293687,-0.47630368782282173,-0.8271621662370161,0.04588865148068333
933498.0,0.23305036747008812,-0.6965540359428253,-0.9779423847337649,-0.6946413819145112,0.44725906510231095,0.23553283133971603,-0.4370448370244844
933499.0,-0.6931808120259948,-0.45296302156309065,0.9410554376771387,-0.11912181779541431,0.7370614265676043,0.742778240704814,-0.4258614870879174
933500.0,-0.30707824156479924,-0.4585627736116866,-0.36056156153713914,0.43654046846566863,-0.039080526096085366,-0.33785127321897224,0.7263832965327404
933501.0,0.41884349504209517,0.21440279126935424,-0.6814285444875625,-0.43801176477172943,0.8019430930045246,-0.44417987683074744,-0.28568628464860746
933502.0,-0.7136203263396514,0.6003884718526371,0.8281861945117783,-0.8060252382428141,-0.27063467265536745,0.7352739470295244,0.9936316794534419
933503.0,0.4801642773911097,-0.3951666618152767,0.04385222778473019,-0.7715392077292609,0.14743427226159067,-0.5165953234797307,0.2972967787694478
933504.0,-0.47350708825066024,0.1363060062128889,0.5849650186978945,0.8548580144936273,0.9802824695368111,0.4994247460847394,0.03902321330870473
933505.0,-0.24182239748117107,-0.30604243914209683,-0.9357496621775643,0.0198947149563522,0.13423626126643917,0.6317374968299809,-0.4236110690486674
933506.0,0.12559027442657977,-0.18469481814206956,0.8298332205314654,-0.6674900102995793,0.17443184521911514,-0.6570522878494907,0.8482660207762849
933507.0,-0.22639031066668847,-0.47150498509886596,0.5517154961328943,0.7087481879510975,-0.2608429437805675,0.6616697398032783,-0.33946246824132587
933508.0,0.07254570961869855,0.5792399652544225,-0.9134641801746437,-0.9475815070282323,0.0901888494672145,-0.6918586910458646,-0.0016409686816984959
933509.0,-0.4945473545752743,0.3534197107566963,0.2745293587583657,-0.279670062836588,-0.47875157200458207,-0.6966302229459631,0.583501305469033
933510.0,-0.22742137308311539,0.8357931966984635,0.5031414855403384,-0.22592250191782082,-0.9578119984055906,-0.8410182577565428,0.7905121738362011
933511.0,0.08119363663400558,0.865769463523347,0.5291286970322011,0.3854664123481495,0.5476975890153382,-0.6375019170341807,0.9822712039815495
933512.0,0.6358292306768574,-0.4507215392188264,-0.3305177971613582,0.47719760346028317,-0.4168956318443542,-0.2846775646423092,0.6507379636817594
933513.0,-0.9033933984807743,-0.6592955316733988,-0.7983247025413209,0.9752794284452269,-0.567871181779231,-0.5163897654284606,-0.5843493207563484
933514.0,-0.8964070377401234,0.9994923921698056,-0.4521751773510685,-0.4459223419360132,0.584218416409708,-0.4207494094175679,-0.9665737807444141
933515.0,0.44918624609471536,0.23237834365064947,0.4806880067853634,-0.6632323125613435,0.752805853646511,0.8173411007615012,0.7171920964787966
933516.0,0.14189662674248593,-0.9184632317941626,0.4975055423540531,-0.2625939767215302,-0.4331143800745789,0.2577086209347994,-0.040275479600674347
933517.0,-0.8321375558111601,-0.20467322981383806,-0.3675895146581374,0.4388497296323397,-0.6819659114575654,-0.20675740340537585,-0.33238969896059856
933518.0,0.5830649399826531,-0.7418117927552614,-0.8473329976395323,0.5981377604009817,-0.7703449037033505,-0.7466300780841493,0.0011530742394703086
933519.0,-0.2527954824016041,0.7046308144091251,0.874499082146559,-0.5965049068648307,0.13096010014858916,-0.30687962620366527,0.2583838308411093
933520.0,-0.2821410823573105,-0.15430350106871105,-0.9427498169783901,-0.3384913635995599,0.8670479252556265,0.7600607056786639,-0.8011312453046131
933521.0,0.6563382957068613,-0.5549959816441625,0.8441599593711,-0.4621868027775682,-0.8270471215269557,-0.2506951871423002,-0.8061794241876394
933522.0,0.7407666606473502,0.44152545318732295,-0.4324208534967242,0.22466826228587622,0.8967529954594906,-0.7892186957489831,-0.40525998380219685
933523.0,0.2926059624681354,-0.43895548257806416,0.3934791644609765,0.9852153149630303,-0.8256321167489853,-0.11634999537075008,-0.7714292620524958
933524.0,0.3249622674410966,0.030678921393708203,0.7654596470675836,-0.5765827539998825,0.2546959730313907,0.23544943681896924,0.6815867218714842
933525.0,-0.3089260281835313,0.14720405541758463,-0.6359387421935654,0.21352221117518466,-0.7584275528900102,-0.04114880951415878,0.6591218777782379
933526.0,0.8447758616885113,-0.9678668594292146,0.4659790553550067,0.7987888194817248,-0.7777275887579982,-0.8639477463331775,-0.9027201254365576
933527.0,0.36704916147610933,-0.5604211031843771,-0.13695498607420364,0.3067927627629985,-0.8764298666372388,0.9247053121152977,0.8143629840321971
933528.0,-0.21237176072432917,-0.43574643064074836,-0.8617167767467444,-0.2888700886209403,0.49294369159520257,0.9402577447817035,0.94725276199057
933529.0,0.6093369047258774,-0.7802093107630386,-0.41090450322510685,-0.8877695154886034,-0.34320144921648943,0.5937308993283168,0.04060519057017742
933530.0,0.6455332328101528,0.5964923543832126,0.8895234786727693,-0.5490963470885861,0.8485573636682819,0.14911971987804695,-0.715625592676951
933531.0,-0.6189086174791878,-0.7286080934491208,0.36035340566863217,0.48802629282115206,0.2354980135149327,-0.9682376476892198,-0.516822412601657
933532.0,0.9630670000241601,0.3078856853080889,-0.5891862229975136,-0.9191266994757319,-0.16985886524146565,0.6847772221185899,0.8171325459799905
933533.0,-0.34847081742653097,-0.31181841450070547,-0.5217070544550395,0.5223615758134392,0.2617712801107792,-0.20439284251071532,-0.037703190612636384
933534.0,-0.48404071989031094,-0.7964462881950967,-0.4364432249089609,-0.7649001944707616,0.9461038926789258,0.40329452250828135,0.3553474994134753
933535.0,0.19415835020732009,-0.4412579784239399,-0.3723240399109995,0.8772169106512657,-0.12994498645624875,0.8209106942072548,-0.6768205393645115
933536.0,0.3538708340425938,-0.8777177854614193,0.7325447026895846,-0.8168435845986335,-0.047693289703699904,-0.18916971610863387,0.31249436123860264
933537.0,-0.5725922421361973,-0.3378556451861421,-0.8174770629892654,-0.39961141576973924,-0.4452865349598625,-0.6709389313582288,0.4104652933773423
933538.0,0.8866073247746937,-0.8166863605971295,-0.6716866973265581,0.5807152343840003,-0.8246970783962126,0.4842412191805958,-0.9370645922165521
933539.0,-0.9074116643396752,-0.9572508301145761,0.5578978746704846,0.15535775044742328,-0.22849026438055198,-0.10155619067627786,0.9272350376068426
933540.0,-0.570279616166981,0.004150647153383424,-0.659626206227949,-0.6440805510077565,-0.8315719425118315,-0.7130450024318893,0.07229248732987315
933541.0,-0.2623316037589063,-0.39823329108356553,0.4722083127085164,-0.10007573163643246,-0.8415773268371767,-0.6810966205025539,0.49335389044158484
933542.0,-0.051444510655419995,-0.6360092713809986,0.8617144751733781,-0.6708439814592597,-0.7180568636172338,-0.5170184280623662,-0.6506579866338418
933543.0,0.059144081515186686,-0.5573959970748184,0.9195401780847174,0.5232647062633586,0.9082159699037213,-0.9041971034737146,-0.18739154039066563
933544.0,-0.8132046682075744,-0.960046127468491,0.38520312290301195,0.8218638328303438,0.47656741404488345,-0.7477177786814819,-0.4267335217408268
933545.0,-0.1729365326873522,0.16513639693040716,0.7281371254901801,0.0335988404058678,0.22095735563487184,0.6076507930878905,0.15547878406600613
933546.0,-0.17542336441265616,-0.26717785242121805,0.22532645003747964,-0.9885711985847605,-0.37698563062896895,0.5889111856902174,-0.5150943806805865
933547.0,-0.5782014300776559,-0.38233808220837084,-0.3396981384057698,0.13580636273947833,0.061638307825007566,0.06196083094172167,-0.2218751972083466
933548.0,-0.021369211767157115,0.3574704246117757,-0.29409289933907523,0.9090838288615541,-0.0879514847841294,0.8603781319286883,0.7748761650483538
933549.0,0.021364277860570713,-0.2700031128362408,0.24902387476131582,-0.23425169573004934,-0.3301741258044404,-0.309999148042859,0.6214341219302948
933550.0,-0.01483412937785733,0.6964136120097082,-0.18900508394101112,-0.04589905104659042,-0.5429345805343126,0.013439051993520135,-0.6715990526023095
933551.0,-0.2900903773544068,0.485850396627852,0.0016331315682620584,0.4733319284445594,-0.9788047255488062,0.5973287511320324,0.7046688922772906
933552.0,0.5033405668916315,0.7375368389432782,0.9229289861922383,-0.46348386721935375,0.36402607757047334,0.5556400863682212,0.3453785051299818
933553.0,-0.042000356857973875,-0.6227711093920947,-0.6849455141667642,0.2835783923047428,-0.4920850955129339,-0.7392933599143456,-0.4748756647478689
933554.0,0.5609530169324382,0.5944991085128719,-0.8655368210904109,0.5549238346838383,-0.7459507890705617,-0.6108017024076158,-0.16868883974962623
933555.0,0.30088853879825006,0.07593431713149656,-0.012111179153793117,-0.39728441440207485,0.4687088928763614,-0.5530107180985326,0.9187379063933618
933556.0,-0.8658130167322462,0.8533970848226688,-0.023338546727003306,0.38810910673559773,0.24152460765652606,-0.8960555243477457,-0.43200041720881166
933557.0,-0.6260509238322933,-0.09031111870337738,-0.6010861105801866,0.7996656843823076,0.0936060356629369,0.34405614099400283,-0.4357654923117842
933558.0,0.6526823860051161,-0.7106117184588914,-0.6828147624829215,-0.6646276296572455,-0.8438307771801492,-0.19830981243122903,-0.8447441190892486
933559.0,-0.33589624413535635,-0.8846376190579757,-0.7471313930528376,0.06349108070579135,0.7732177444077959,0.5869604822964487,0.9550558820769719
933560.0,0.8299294559174124,-0.7861463743543728,-0.1494568048678695,-0.3524930134713562,-0.29864649861939396,0.2234081528361629,0.969093892641933
933561.0,-0.7515184582288121,0.39756390008243225,-0.027823249004824913,0.435475407921708,0.7237753314457671,0.6679636948377385,0.9752948417486509
933562.0,-0.013881977563716452,-0.049695541093543794,-0.15288900176578424,-0.8222574243689331,-0.8354363922820149,-0.35597171878521294,0.7158299936469537
933563.0,0.2589529016722092,0.3218967138040463,-0.6743604540044388,0.006997482431204682,0.4442186501639833,0.2581005704980197,-0.5383724466686575
933564.0,0.6137734952366989,-0.6682280636442963,-0.402407443046793,0.6405469742742846,-0.7034507615488774,-0.45918255561014076,0.5454307102200759
933565.0,-0.7823619024583266,-0.058323584241239734,0.04291378414969982,-0.04779172925985131,-0.4172482865222087,0.6979157580665012,-0.2539039100149558
933566.0,-0.455136736693593,-0.7115944143845032,-0.30985066108912895,0.8614310939621639,0.8466999910061357,0.25960955605818237,-0.29087169978894645
933567.0,-0.6317247806182786,-0.32763219281162215,0.7351309171690987,0.4807162516654164,0.14037968677794588,0.8819655870357967,0.14932270590830599
933568.0,0.13499840734341806,-0.5904360000025284,0.575242382023087,0.29156871267851336,0.2406906972572771,0.8705090756650213,0.09876737764248911
933569.0,-0.3514606279374224,0.5068782067044189,-0.8221230228063934,0.013990626103622006,-0.31941850816931394,-0.03263785355094617,0.6941932193690912
933570.0,0.277294402213347,0.3068158292392913,0.8469057753520035,0.8090555223537215,-0.7191253123772443,0.5443651091773847,0.5258885476432518
933571.0,0.4695822750542289,-0.4841884805969343,0.010903628238675855,0.05479014196989529,-0.9227762535232287,0.34789138713386203,-0.1032321142372612
933572.0,-0.558071527291873,-0.7786211033184964,0.556252276033105,0.9037695141337241,0.9283261553152415,0.9289224104458409,-0.11928046592787833
933573.0,-0.6727942468729515,0.3676680652046762,0.05050456831365491,0.08565324212174774,-0.946324269450175,-0.8918669651917535,-0.1359869837410217
933574.0,0.4631316972076742,-0.5532012971588693,0.0765963774258569,-0.19185257596122396,-0.6921845496065557,0.2602286690680389,-0.767617407854206
933575.0,-0.23358024183005477,-0.4182818901589431,-0.021604826461095072,-0.007090932557323848,-0.12615126903030993,-0.7732648940432443,-0.9740400031981447
933576.0,-0.013428055578171838,0.8469610268799992,-0.25459564884611896,-0.38527993566659924,0.26597197003645134,-0.9736226249201598,0.9450644526574865
933577.0,-0.35336128794561383,0.4080298636637256,-0.7204018168996729,-0.834985026603341,0.0078088864281611325,-0.2071886711458748,0.8493690788353736
933578.0,-0.7619758181755181,0.3833598386223771,0.7551702028638865,0.44724914815431505,-0.6588366966610304,-0.6745254601817023,-0.930779278077404
933579.0,0.006846455274699181,-0.6148403500272619,0.18372152631498562,0.009868618322652623,-0.8956741140545903,-0.3938268723730649,-0.8764970848346636
933580.0,-0.2459022073357735,-0.8174037150312841,0.4194975870073192,-0.19643110658989182,-0.17397156684499282,-0.9985925786151681,-0.6825316102330048
933581.0,-0.13077815836837026,0.3906633929340855,0.07078395727481657,0.7592612170745301,0.3194840881087069,0.7281596675829802,-0.43084406859607927
933582.0,-0.7534139650291685,-0.9124153773770092,0.6564190919280326,-0.04023782599519499,0.22966613899636923,0.258979582266851,-0.004913268882637656
933583.0,-0.7823424479082159,0.3297983373942328,-0.5556670730555244,0.5738510767779514,0.40251957008195416,-0.3310389213522451,-0.7434981834612167
933584.0,0.8405367748211359,-0.8469585163358502,0.010152758327518496,0.4791538891561029,0.9245451884693867,-0.47881828318606345,0.9059534268701366
933585.0,-0.9981705143662734,0.8048997727786005,0.6653617233469751,0.08259233633943164,-0.6079062611304262,-0.4433570738477475,-0.18529946591314106
933586.0,-0.9067594423808889,-0.5933449729977311,-0.9572250028303997,0.8722691440071773,-0.7039211499644726,0.896241723423761,-0.2627125264961716
933587.0,0.5615373545373312,-0.11198526894995142,0.5037964825947499,0.22700287619751514,0.0473740136841867,-0.942021038884274,-0.1372837760306158
933588.0,-0.6258415221076041,-0.9433089267045198,0.45460883046718603,-0.9408985062357875,0.05371463680853461,-0.7064618071876876,0.21380661219588504
933589.0,0.7472499780829773,-0.5526826356059116,-0.2253114399107483,-0.5144150925427364,0.6586458759296709,-0.8308309253726438,-0.9294019249670897
933590.0,-0.40000622893573,0.6096943151417811,0.46199304494824456,-0.6426349580357951,-0.6675890012445589,0.916371716016561,-0.41966691484881524
933591.0,0.3444060018176076,-0.09669103060150319,-0.3307587075630669,0.14952717543224936,0.8391105670556287,-0.5018848314138862,-0.3039824396120052
933592.0,0.634189572040835,-0.3123724211853205,0.9411748313772008,0.7362283201067004,-0.09932705411435827,0.412962905939976,0.8135838831829156
933593.0,0.2387188144924075,0.0925190736413648,0.5112410758926922,-0.7521743378256527,0.07352201557145555,0.10683370562577821,-0.06756744444443119
933594.0,0.06070144613727013,-0.1571934919446254,-0.5815570794810905,-0.20983907586246953,0.9758541405766377,-0.8450848728641582,-0.6271201963900681
933595.0,0.3393098204170626,0.13257948615267456,0.5529399412806877,0.7623504794256897,-0.4066113584405737,0.003955406110396575,0.5163618405669514
933596.0,-0.2257997658602251,-0.0069463325566256895,0.252297606482774,-0.9084761063619218,-0.11204011826242088,0.8657733686520726,0.790676795871305
933597.0,-0.9049208594616005,0.5085481641889693,0.3176512229639048,-0.5128100402348754,0.6677062029535872,0.9348875539888031,-0.08004939409160694
933598.0,-0.27640810481878986,0.2633425335743427,-0.28227515740751663,-0.26362760208206093,-0.7775593055541585,0.551582709265535,0.7121522639271787
933599.0,-0.03433500998860639,-0.05289222534087257,0.21217129145212965,-0.041240778879074735,-0.4737430014544113,-0.8928278256432909,-0.8163434850739351
933600.0,0.26345412943374336,0.9086933489899081,0.5705420118175051,0.37129503843943046,-0.0925989020522453,-0.6060949984197235,-0.8020667431095583
933601.0,-0.31386659552558416,-0.3073240582525967,0.8175743901363866,-0.5572747003291132,-0.5767049732614353,-0.8648652439908879,0.9367434490701656
933602.0,0.8447740493867248,0.8863826440451696,-0.6604233983853469,-0.380891797299441,-0.28759800627368826,0.9348240662770941,-0.11458980400400232
933603.0,0.21528353568804715,-0.7808567436684057,0.34106816749253177,0.1514596366579315,-0.709560374833818,0.8306644308431714,0.6299684298766479
933604.0,-0.9310372410718919,-0.3608123779147332,-0.43537808742289563,-0.2308785949873653,0.6134914420232753,-0.954772279918312,-0.37385897297682713
933605.0,-0.7924883588153633,-0.7804416588749763,0.7440751061907405,-0.8835151895532989,-0.6753635413429611,0.8907406817798611,0.8721460628989939
933606.0,0.9235252929954292,-0.8891964746436802,0.1426049480649363,0.34160374125127024,-0.3381455006041829,0.13108246183920258,0.4688155438159205
933607.0,-0.8161282354163388,-0.6162719370274155,-0.3514160436043212,0.37317106319299587,0.7283569010347117,0.41483300745054397,-0.4751641963430522
933608.0,0.5769245265048599,0.812058985730506,-0.9103528082092416,0.2046414725381529,-0.01710930983708403,-0.08703947114227151,-0.5549511646588938
933609.0,0.764052704153281,0.010484544797364492,0.8319852742908154,0.6249505813540728,-0.7980130276229467,0.8439979394541606,0.5705453648268373
933610.0,-0.026934516564265376,-0.988984467238172,-0.9099400745815138,0.9635771372164161,0.41487523480345234,0.1080225797585419,-0.32903704239583287
933611.0,-0.3702165170433853,0.7911131824623268,0.19601586609640598,0.7678881685578973,0.45247445547086906,-0.9194045873340262,0.17110697573280254
933612.0,-0.5753452035833042,0.09546643878830618,0.4163413541897718,0.2535659614919261,0.606828516045258,-0.014009199548268958,-0.8185507245624184
933613.0,-0.20715102322093082,-0.7368517312106808,-0.8170485509817131,-0.5209389009845249,0.6223032208250305,0.30228396058902973,0.10328571122336316
933614.0,-0.2315292678901384,-0.16505175180751985,0.9353975821858127,-0.1251143838393327,-0.1662565184905438,-0.3226308281214214,-0.7167849990937711
933615.0,0.2942154520848572,-0.2667796556297617,0.8766602562455108,0.06452717179517564,0.3141280357766545,-0.9909781781920552,-0.8936936748608515
933616.0,0.7189972751270117,0.1975295858156414,-0.17500090717693273,0.7769013382432497,0.30824689558769336,0.9975303227407959,0.3025186148270236
933617.0,0.32022640990980245,0.905852744051034,-0.6887749786808275,0.985728559872374,-0.1825674844362395,0.7270059906738726,0.20130959177890384
933618.0,0.9887301484966722,-0.42992212696273713,-0.08811813238970356,0.9371661006159231,0.9872617653086513,-0.7702594839004056,-0.5165445358965879
933619.0,0.1777481331259625,-0.2229363001392659,0.8768371080639026,-0.22388238221719958,0.18617038276385278,0.019459843728146353,0.772931020877079
933620.0,0.01682751877486033,-0.7605992276757709,0.930672434274711,0.34946847865228725,-0.7591755189458715,-0.4940174774162178,0.7658140572795031
933621.0,0.8625620881032279,0.09817923742708623,-0.6877894430204239,0.7830954215236061,0.3317812089702137,0.1081294763282894,-0.9094982982859434
933622.0,0.9238835032069408,-0.7705222442033619,-0.5314351789335046,0.4600762756458201,0.6292419994718101,-0.7417468417493276,-0.7317087589211186
933623.0,0.9417697507569209,-0.504249107862881,-0.7063695580080307,0.536447389439026,-0.5994686917396892,0.45739852166574635,0.08707073614848326
933624.0,-0.6508859416496691,0.8623268841155156,0.37195683130992685,0.2220126272651617,-0.5326354654181391,-0.4069479909541729,0.6772850937746047
933625.0,0.07368836879896046,0.18353314210283722,0.823497318085235,-0.9293287756583795,0.5929834862525325,0.8909774518342057,-0.15305385264613047
933626.0,-0.38110919596741133,-0.7655832343296354,-0.4679329461124535,-0.8375664721647273,-0.11139029048804261,-0.7084841688682004,-0.9048873148860659
933627.0,0.04637163529078192,-0.4176963038738435,0.6357175689147587,0.3784833191565449,-0.8246408386481465,0.8825858677779048,0.3065466573424718
933628.0,-0.20959975075355253,-0.3404829609685309,-0.8334420373985654,-0.18508694961444583,0.11941412090963754,-0.9711641130398969,0.24350912176005712
933629.0,-0.7721810233362898,-0.7845068678724032,0.3423517391021873,0.28434015299211657,0.85879724920643,-0.7601439406161539,0.38988275509631154
933630.0,-0.5724187246685912,0.09140837181162209,-0.9678817823794317,-0.9407255366696248,0.7573454259883965,0.6313995502024561,-0.6033894931127428
933631.0,0.3626429775668729,-0.7892794654837534,-0.8935969544753981,-0.7857410945257128,-0.6542666881532211,-0.879050600310407,-0.5545560427047456
933632.0,-0.21401593259609797,-0.5484995467383413,-0.5951890001089601,0.36055338129037673,-0.15045249237838187,-0.753452055643171,0.2686062659444306
933633.0,-0.18691652905974276,-0.5845203770038032,0.9962172431440539,0.7216624845382098,-0.4316471547268945,-0.37392902051143295,0.11355247091211407
933634.0,-0.5231676394836084,-0.9337612774959003,0.3739876315577133,-0.2762502697959035,-0.9453194979350206,0.9575714037624077,0.31088038588794364
933635.0,0.5422957625063709,-0.3310326715253018,0.5676498007983191,0.5657159155689626,0.04376629847277225,-0.923660326556752,0.575562189537459
933636.0,-0.3380913436419759,0.09455337908661243,0.2114941484460222,0.7468311251599373,0.8101575159024303,-0.051541373799538936,-0.9043901786702082
933637.0,0.7727453588375668,-0.47287345813681414,-0.2773458433838991,-0.6339455557367293,-0.4061698416720805,0.2575498870539341,0.7619346210608207
933638.0,-0.9592136628560795,0.928152056331981,0.08428171697040199,-0.2794598482255297,-0.5407334429780626,-0.8199421475705633,0.7552639527373071
933639.0,0.46243943203486415,-0.6209416710464395,0.615837432071229,0.513603924609793,0.3719601619959898,0.9026784336848626,0.7391055921025627
933640.0,-0.9646700770353585,-0.43571890635572585,-0.6459203656542667,0.4855339726229888,-0.25094418974646016,-0.5913676609447278,-0.03032809388115454
933641.0,-0.18611009089917774,0.8914626345129872,-0.19534469656888098,-0.29820527889237614,0.03931003361377994,0.6819606131396327,0.2072735125677112
933642.0,-0.19942218999718397,-0.193041544567492,0.12487149402222042,-0.13402908101575917,0.7478719935202784,-0.7183548097443897,0.25233929744393935
933643.0,0.8961405466722567,0.5373710962513427,-0.004186385800236669,0.535743132818002,-0.022006475517613477,-0.9062067950777739,-0.6444206568159052
933644.0,-0.1022267470919942,-0.3890153438530599,0.7976011009740522,0.8207120487609527,0.4120658502740122,-0.4099387262587024,0.289346470532756
933645.0,-0.6528950303566008,-0.3788395665556563,0.4468797592401843,-0.5528729723980634,-0.6738582839517191,0.30178944206151836,-0.04520316529445978
933646.0,-0.6437176743205564,0.5422526513038819,-0.7318516026686885,-0.4105240543635793,-0.4596467707945133,0.42723257950951754,-0.6229276533789321
933647.0,-0.11026745661472526,-0.9250370620739703,-0.46808330152703803,-0.8614454369244042,-0.13385172616407104,-0.7390008374957953,-0.8165347381236034
933648.0,-0.653741627305708,0.704097258193392,0.9740901186879698,0.5311441867812807,0.4164158100266273,-0.14564785219848697,-0.4452381236283307
933649.0,-0.4686036775849931,0.890281649104691,0.18013808944903698,-0.6882022667152139,0.3422699802030733,-0.05718682025743127,0.02778904153191819
933650.0,-0.3343518320614989,0.023538544924177174,0.24576875594114744,-0.6012065393688844,0.17296666385380277,0.34813164204051694,-0.9716298277405575
933651.0,0.9524615720913605,-0.5336206916044948,-0.20382576157470234,-0.7147416058802054,0.07242300828153758,0.9697357607648713,-0.8052656053677252
933652.0,0.9636516799060029,-0.36770722718344384,0.7918020132196855,0.9199971096965782,0.09044764776500802,-0.8940968545935739,0.8758783895592273
933653.0,0.07096801392596785,0.6685128243756242,-0.30180595280798617,0.08134207590479625,-0.9902846429929948,-0.5774775982243361,-0.40897498416969236
933654.0,0.5287384176470278,-0.6483008284952267,0.030349723452231414,-0.7661414532800304,-0.9829497222356516,-0.5381878920497463,0.9496716571697685
933655.0,0.982056604799757,-0.6570061016991526,-0.33906849872525746,-0.5915664725879572,0.8194440266292793,0.6543771709707829,0.9782026544556235
933656.0,0.6255738738678587,-0.3479477062997871,0.5554837033923943,-0.7708729764586506,-0.28496010512577996,0.15391137523485865,-0.5804637040803557
933657.0,0.33862353358430264,0.6826899579014596,-0.07619996105539828,-0.5509441900496799,-0.9522619641903673,0.02876277230794333,0.2662879324717231
933658.0,-0.20528917733673202,-0.3542813353917147,-0.7188006832406122,0.09261868543697704,-0.041587046006633654,0.7439741403759201,0.11295081895095982
933659.0,0.5148960665651943,0.3307626823139407,0.2678608589550022,0.40233191618605635,-0.9410745559888636,-0.0773104547409511,-0.15971932292651303
933660.0,0.595673676763667,-0.9951337410479744,0.14060784866920728,-0.8465394015507726,0.40051109271378516,0.40958768965419634,-0.4654440484387665
933661.0,-0.49107208962989835,0.39998184845467377,-0.5851246077634307,-0.4250917244822614,0.7159336184660399,-0.04488478910722371,0.9407917040529368
933662.0,0.5157922267660122,0.5987874520175669,-0.2656724073782897,0.4691228623059527,-0.8700535992137415,-0.1616536202938983,-0.9163679919790857
933663.0,-0.28630267655272745,0.51959481724834,-0.3862042621881787,0.22422254586530577,0.3559073301418183,0.17432262818282873,0.34089929274742237
933664.0,-0.8580495255800269,0.7911025056167404,-0.5681800977549512,-0.3109786221869062,-0.7915011336015634,0.35880534240147655,0.8081116569686995
933665.0,-0.9750743396865356,0.47825819731964603,-0.17580071703215094,0.9141122245561895,-0.22020866930630056,-0.12654467051770113,0.9504887675603826
933666.0,-0.9988444319405192,0.19050531567847773,-0.2933688206485594,0.6026594051606498,-0.28834866183928165,0.6745885754491816,-0.7154141642058709
933667.0,-0.2840137606007982,0.37776378286198065,0.698468450352463,-0.3322371862679172,0.5980763921283729,0.5671302205310669,0.9322413909756297
933668.0,0.4711505145022086,-0.39262868303529963,-0.8017529471934954,-0.5094407852578349,0.5767280176006759,-0.5258711618142393,-0.37172808897570664
933669.0,0.9400094544130391,-0.1936332688521718,-0.8758013292134696,-0.7299071784560032,0.059016888277819035,0.29827153982645216,0.72376390103534
933670.0,0.9692906766917941,0.03256014803140217,0.8680302684540413,0.8851720730246868,0.050517391415049406,-0.3722574514565278,-0.35221137670368563
933671.0,0.8430943228493579,-0.25017265177769477,0.5905405967568411,0.21210177551927134,0.1593133165171452,-0.808345019040722,-0.00909025746219072
933672.0,0.7725266225844378,-0.6375612553591323,0.8555263933585517,-0.38126029912360204,0.491472080772936,-0.06507025524872212,0.2715961008573702
933673.0,0.5690392433220368,-0.41034269421734426,-0.22619269890363758,0.393016191067985,-0.8541016217760264,-0.2712433891619104,-0.18628121920970275
933674.0,-0.4937401904517482,-0.36833532278331305,-0.05835926704242622,-0.6433915965713166,-0.14537867255749215,-0.5070193685970954,-0.39225936978777276
933675.0,0.6829378034337596,-0.5417649921306207,-0.7805033025884582,-0.8561284154308817,-0.7090897582594342,0.7751986417272991,-0.8003450988470473
933676.0,-0.012294688158585698,-0.5875397036494632,-0.9779555487254361,-0.9546293772356427,0.15651961715620444,0.6345822092586266,-0.95111220717978
933677.0,-0.8967302839436424,-0.04547817765007389,-0.4953306994201696,-0.01815427364198996,-0.25180075071796737,0.8864125040801276,0.7125025023025664
933678.0,-0.6819034801827417,-0.8691766199899655,0.40093532651219865,-0.03369654706416991,0.19798851399709294,-0.6067660039411067,-0.12497117648293199
933679.0,0.4431690622020006,-0.915255582758169,-0.13172016099072925,0.8183724856583987,0.6995197642242006,-0.711467008686054,0.6363851565215715
933680.0,0.5348209333987832,-0.2897767555440445,0.46316658267293587,0.06080445435254678,-0.8547194708558157,0.03926505168364991,-0.18420612384344315
933681.0,-0.4508899907281627,-0.5326399978273146,-0.4875585871145294,0.8325896482758082,-0.8209038302380629,0.943799933960819,0.435241087174298
933682.0,0.6795443592158323,0.7682060009280476,0.3287525556852904,-0.4273422246891416,0.23198158155472814,-0.4024797107875697,-0.9739051936413059
933683.0,-0.5109136279512518,0.8938760281682683,0.02808291023048759,-0.537540800998219,0.7357055448593508,0.17679574790423724,-0.047746162857690955
933684.0,0.30106577934101475,0.40381664742938495,-0.44141596576903064,0.8359454360846699,-0.05180372775193631,-0.5427995744253342,-0.9566341865465768
933685.0,-0.6871534907205714,-0.37825351199275437,0.07088617280761467,0.6622748994891092,0.7304347908559361,-0.0036516889505278094,-0.6829166906413706
933686.0,0.20334234766487813,0.5902421304809122,0.30682310892670905,0.448271639215583,-0.2031656248718674,-0.7318189488521556,-0.672157472146927
933687.0,-0.331573188208536,-0.3360606188783102,-0.19744965362914146,0.5808891259734847,-0.4533445176649644,-0.7906815360762753,0.9920425786609954
933688.0,-0.6839209349338689,0.9697282662177176,0.9067375043892902,-0.8871587197571176,-0.5505002430220589,0.2685388104632307,-0.2677838957117644
933689.0,-0.5101920398722968,-0.3679508630668451,0.7749563392798704,0.8325172602180844,0.08805179170999011,-0.9290617295964587,0.673191651650104
933690.0,0.36626250168089514,0.2981188928384819,-0.7232196762590817,-0.32400332625306616,0.8158541489314541,-0.6648385980388847,0.1221833246555033
933691.0,0.04207863321665051,0.8892488645567123,-0.625775971833104,-0.9430233850297238,-0.4182319578775022,-0.459413821126208,0.11386462947327258
933692.0,-0.3248188031739383,-0.4398707617673947,0.0771300756980482,-0.8435384284193155,-0.689029360137096,0.9330109635427339,-0.8119368846947908
933693.0,-0.4508087741519633,-0.8347313432276089,-0.6516600138604678,0.6077224720330452,-0.8215384649069919,-0.45625628605345403,-0.29522520217123516
933694.0,0.6048971283880116,0.47084330637301774,0.2860693098447964,-0.7037051113659403,0.04610893056878984,-0.810421390462086,-0.5421488694366132
933695.0,-0.63367243330075,-0.8330230080527927,-0.5845712174471178,0.2316563955468509,-0.18911692677721192,0.8008101977342137,-0.7516202087386972
933696.0,-0.046832908624450775,-0.6893524839840144,0.409062487360915,0.532008042644682,0.7244540766557359,0.7011864235499237,0.673266976267888
933697.0,-0.2127719458334172,0.8650036021256453,0.7236795437577497,0.8656090420549525,-0.6943925684517918,-0.17371587825721324,0.2348090641979108
933698.0,0.11810309221123938,0.9378803846729198,0.486024287226523,0.7842916216063633,0.6774769297241394,0.14701347040497126,0.4972926336195076
933699.0,-0.43743458245869715,0.5280094571635119,0.8710216054495794,-0.11705100708420302,0.6922070984260551,0.909083796254391,-0.057454852570944626
933700.0,-0.5713794824951974,-0.6490296094661399,-0.6005995392679409,0.676780222963514,0.26616849290967415,0.311429902444994,0.18124242220182563
933701.0,0.7073586324050456,-0.29600412176251667,-0.40697898130792143,0.4590548068428679,0.42577469783010025,-0.740913068623295,-0.5025631289742098
933702.0,0.8777623101796206,0.3243629393615375,-0.7827821647643443,0.9554230859722856,-0.07012381798554612,0.3331075095960103,0.1605335435920603
933703.0,-0.9930893366295048,0.8718831039023556,-0.4416841971465577,-0.9218756225157669,0.08826387668325753,-0.13121171680949129,0.5747954967528424
933704.0,-0.430239672135853,0.7033174330432233,-0.8402352090339986,0.05667053376468134,-0.11217863159835328,-0.5871994461789112,-0.3897704135049871
933705.0,-0.05265173744545448,0.6070873271926525,0.016291993107932612,-0.662992021477143,0.7927914259325299,0.9483395804392787,0.5350776150257408
933706.0,0.21496366848987636,-0.21543637308641417,0.13184496835246207,0.9516492544596464,0.7265590946548359,0.37056612734711525,0.07034550127435812
933707.0,-0.9288606954214764,-0.08752636227156918,0.9941401299134169,0.5526539131085637,0.25521588475005985,0.6430148474821795,0.7838413356188119
933708.0,-0.6600938210758098,-0.2361452131445223,0.11008262135783076,0.5808232415315626,0.8939064760725215,-0.5064553093084221,0.802667152739363
933709.0,0.5683530060143629,0.5048531867022217,0.7256024521826547,0.28981916099940674,0.4611473513970108,-0.6945562286974543,-0.16036740008446193
933710.0,-0.7861885441765126,-0.49750487844341884,-0.7260050853471636,-0.8744609091198785,-0.4878849443921205,-0.30236929595508855,-0.700572617992077
933711.0,-0.6442827721544986,-0.8566103343717768,0.9077511020805316,-0.0922766417659131,0.11001712177870249,-0.33200560093093534,0.6992152197042218
933712.0,0.14077387835851796,-0.13668713344985162,-0.30507389088930137,-0.2683110680276872,0.7203151749391055,-0.4995756875191104,0.3570627168812017
933713.0,0.5138649422023647,0.4885507179122808,-0.34446174608074065,0.21283486721075096,-0.4205301267428134,0.08892177387474165,0.010026260177372404
933714.0,0.4908016999631839,-0.6068240826852993,-0.7638971411653177,0.12962242085795195,-0.6648024006514042,-0.06018778090527421,0.3779986373591391
933715.0,-0.7503331219025478,-0.5643126794391671,0.18506022184949478,0.17779428282697518,0.7889244098739123,-0.12740915571858014,-0.1751180186375132
933716.0,-0.17730509191783228,0.29987641254979636,0.07424220685206806,-0.49247162259098265,-0.412071977986479,-0.4429910498370193,-0.09275662448518851
933717.0,-0.7721148795842081,0.4069557288815948,0.002945764739707535,-0.011166840659071697,-0.6072459174574549,-0.8406060580389527,0.4790183046154972
933718.0,-0.6123040168050402,-0.3940955181606973,-0.4455680288060673,0.8753596723061035,0.1514472930086781,-0.9605794347705972,-0.21264230812709206
933719.0,-0.6351589266918269,0.06570413207744741,0.37462632983036115,-0.9677342767999062,0.9540832170553109,0.1470318991330115,-0.8507246817219716
933720.0,0.4800167934013799,0.18976582102290496,-0.7078822157387323,0.305086539302464,0.14012119939443535,0.9122299153664033,0.40428130385626115
933721.0,-0.7806474186187935,-0.5402485184610983,-0.9993450845964769,-0.3711648834164276,0.14338621831632548,0.9522315322313881,0.2439143131379835
933722.0,0.49394368896907737,0.09875875398831768,0.30527124093281777,-0.284931681775924,-0.26962981166961564,-0.6456797939859813,0.20092938822053408
933723.0,-0.7487722840535489,-0.23771132074802304,-0.9153163073622328,-0.07870205185315426,0.5723573501726793,-0.36688302277566365,0.05560416532039181
933724.0,0.2186476621253226,-0.8158687610950865,0.28251417227194087,-0.2788055098213811,-0.49806015055901387,-0.12598860961728842,-0.3801355537425197
933725.0,0.9181542386750285,-0.8210599011750752,0.8561958727517018,-0.18834183386808956,0.9552278454736345,-0.5308393629546118,-0.7246761081692361
933726.0,-0.2991470090995014,-0.2821542969832682,-0.7754527170051186,0.03164322037283451,-0.8712074204260265,-0.731986828362228,-0.7927790580015808
933727.0,0.21266647627770907,-0.6459288197454174,-0.6891886295615386,-0.8470398298702775,-0.9578211723893919,0.7438040824233891,-0.9674417355600173
933728.0,0.8913084547066299,-0.10552371905103897,0.18128071851418004,-0.617643356324665,0.962384600876079,0.8012650993222907,-0.5678116693871385
933729.0,-0.7467001742920385,-0.49615226787844446,-0.4018963979080701,0.5312471206610005,0.7559336897622033,0.20989328727758116,0.03922318574015704
933730.0,0.06002475115138828,-0.9301393929646418,0.9220532983577363,0.38699676604563416,-0.8932335391561022,-0.037568932608023964,-0.13100448556341826
933731.0,-0.6447023982382405,0.737842037191403,-0.17143156019693317,-0.44091830070257654,0.8481085404121556,-0.4304770523919801,0.6590168158618139
933732.0,-0.8137608699347401,0.07160716247852239,0.5041141050707378,0.8421221071569505,-0.14176513065920915,0.46722066147710506,-0.6697026188410313
933733.0,-0.42309826633170666,0.32361052566874937,0.18578348097610964,0.19005972471015187,-0.3961063276295833,0.5763826430334045,-0.7794818725617321
933734.0,-0.3946276703510192,0.11315901452639543,-0.47317486328543623,0.9317563233726471,-0.45505223966140185,0.9115281216593707,0.2569240334262113
933735.0,0.43774813813682445,-0.9651547478611022,-0.4315473368512084,-0.0644149284841462,-0.004220270250689495,0.545933189543063,-0.4797430777680822
933736.0,-0.4791826148843674,0.6436797098540017,-0.8930612900954393,-0.6905249536092604,-0.43398955481632684,-0.9035736488493431,0.487261081276545
933737.0,0.1966579994696369,0.237677842811586,-0.23772490892255127,-0.3786373937281027,-0.907989992808452,0.6837170305354301,0.2553781016680374
933738.0,-0.4867652712431938,0.1051742167768166,0.41686454830880826,-0.3897965100324692,-0.5181200356362834,0.5446567559585747,-0.9916163185589608
933739.0,-0.5712439823831998,0.23652559782936677,-0.5024661128481205,-0.9739093540141444,0.5411264957693498,0.9717737617458111,-0.36438371177927387
933740.0,0.8695876470080841,0.3214350687818648,0.39106539648592653,0.3737989855318322,-0.16743017079061895,0.41889912921075556,0.05899576375839399
933741.0,-0.2869486695028183,0.9426189075593538,0.028465067430754498,-0.32552612982478824,0.41882253112767476,0.5279773922449302,0.6200920133239278
933742.0,-0.3923636282019114,0.49039014509005585,-0.9272042254120372,-0.8356660344898905,-0.024090822035932602,-0.5619722777184024,-0.2937686743280712
933743.0,0.8447089270961421,-0.8106633689024016,-0.1162882191358523,-0.46119038866109285,0.6392550578472951,0.8984707561291159,-0.4950211690875548
933744.0,0.37433025715065193,-0.9867368205014435,-0.03227084297124638,-0.20316481761882055,0.12194193231441441,0.1709217543259245,0.3221862127628117
933745.0,0.038435510406010565,-0.02191465580733487,-0.6439404213398887,-0.6369248742646973,-0.26166059311439804,-0.5654221126330223,-0.4060492178864592
933746.0,-0.8008239831423702,0.33020273827304547,0.20034045794148092,0.21003627280305448,-0.9078334477801471,0.743697517136293,-0.9326209139780985
933747.0,-0.1769091677566983,0.6763264386977139,0.7732191711586234,0.8107147959862355,0.8035639657887819,0.5327570619242492,0.23402345672703606
933748.0,-0.9726757484689066,0.2250726191786705,-0.5544217309001982,0.49401971590264293,-0.25813074362520094,0.5701497405340319,0.8589361176754939
933749.0,-0.5273284988638194,0.25921504296026443,0.34168778187708027,0.6924394832314908,0.7040711057608351,0.9457127690416658,0.42809074334404085
933750.0,0.5098201874240231,-0.416770997521658,-0.2661698091065352,-0.288233641648338,0.4040451519676833,0.18492998225186552,0.788776625328194
933751.0,0.766633491657515,0.26976345085595277,-0.46962759850060154,0.573330213209414,-0.09807360409997568,-0.8291831489135633,-0.025685916242217166
933752.0,-0.7960328382053814,-0.15788209952175958,0.5483839878605643,-0.8250785797457112,-0.5587963738594734,0.5683115834068813,0.5743711285789994
933753.0,-0.15828449912741394,-0.4334107039945341,0.5263688822088721,-0.938175638102352,0.42872208066140605,-0.4307042205050706,-0.7206290976176855
933754.0,-0.921581204616885,0.8080375231294343,0.48383332591177997,0.06458154773759195,0.5372605551811309,-0.698019666470028,-0.9755114948191734
933755.0,0.8413556401501256,0.02247565692335174,0.5020338146445991,0.3773412814897654,-0.8035528320458061,0.9299839642780132,-0.3741514067099252
933756.0,-0.2626121265616499,0.699322024663209,0.2200577666339978,-0.4134738132852791,0.3702879428280952,0.4568257728567191,0.2897281259221236
933757.0,-0.6168068294670128,-0.28029494294792645,-0.928018091596089,-0.2682917516277077,-0.37392372126534057,0.8138382217662434,0.3192986378548721
933758.0,-0.2744338317267452,0.4870015102065641,0.5696951582384255,0.22890326933568717,-0.2528339530670145,0.8450215340788643,0.6237630299228214
933759.0,0.337746515203746,-0.9813393818896192,-0.9241543602363755,-0.6737865491195052,0.8247163287761954,0.855000922839015,-0.13265633435874458
933760.0,-0.8045968506654944,-0.9025553942364704,-0.2913850959305564,0.16882310737673745,0.440601184909275,-0.3469285290323758,0.02666104189474572
933761.0,-0.7244946733772819,0.4080075772707492,-0.5020436050375572,-0.11423879076333532,-0.07389318295867331,-0.2686124724758503,-0.5092473140423128
933762.0,0.2311991784785299,-0.303007652032655,0.6135872453032174,-0.2337156529826181,0.20506026815320588,0.6293097108360839,0.9759060981743595
933763.0,-0.8635528314314507,0.4558890876092363,0.7318495659246256,-0.9737023052503548,0.6420983060677155,-0.29400853946734795,0.2503743938447327
933764.0,0.7415539301480489,-0.5490973072034169,-0.8016701775505528,-0.09417827124216727,0.26011770563871073,0.7471373079446164,0.6315438749893871
933765.0,0.619339772833287,-0.18922289496788602,-0.6908429697497931,-0.6378312459618865,0.5871013537984362,-0.48976825188563033,-0.41142315956730613
933766.0,-0.2780194850509552,-0.7531382476879693,0.06930131806205808,0.541614908132958,0.6788259327453041,-0.33049870610531995,0.38696397032636276
933767.0,0.8148711844640131,-0.07586286676696363,-0.9138508638318255,0.19299585755517734,0.9434610288374878,0.747922656897775,-0.9399214943616174
933768.0,-0.8422665688252333,0.05281122987468856,0.245882074207334,0.9505116685872088,0.6120359225061345,-0.22292926612902364,-0.7968538354483217
933769.0,0.8580922114526468,0.49665528292306793,-0.6945967904978243,-0.07854514418707548,-0.7063697562249256,-0.8884633969059021,-0.517678323608203
933770.0,0.8023704520366006,0.5959937345699957,0.18615763231108096,0.7602340427281156,-0.7521871331093513,0.8337717118797257,-0.3607694987039576
933771.0,0.5093853396753114,0.5129613089743745,-0.6645321024839645,-0.7146286390949865,0.051552912563270104,-0.9227194003788073,-0.9098087893499414
933772.0,-0.5194058097258203,0.8171080129585564,0.052335519569107536,0.14660904578513878,-0.7285813971307953,-0.288206785962706,0.09777706029091116
933773.0,-0.029833677284423876,-0.7076550951624607,-0.9191373920679857,0.5430447519693962,0.96863390806654,0.6298457115330085,-0.9649606955796672
933774.0,-0.5946941891039861,-0.556565643811042,-0.2513444081761471,0.7269573117460288,0.1833492683171294,0.9168468121806879,0.585047376073788
933775.0,0.9377733826408841,-0.16519066015942618,0.49001388725984163,0.9118434420720238,-0.6156227940627221,0.4336686535490095,-0.760800187418103
933776.0,-0.17349481034580538,-0.8239590673315054,-0.19750805002186866,0.26138062534017603,0.5253333931921511,-0.36866358378653263,0.8030428541177623
933777.0,-0.78273042668051,0.5075787453438516,0.9544312469164447,0.6274193400829553,-0.43250517638828634,-0.11163963854688386,0.27063123173023107
933778.0,-0.09723854538033372,-0.12470970592213382,-0.22803580251177058,0.97495590306485,-0.09110322984248653,0.47003781448177206,0.793613541016039
933779.0,-0.690424972621293,-0.8188046499101143,-0.8235604680611002,0.04043354158457402,0.5596384856663323,-0.08465269526705077,0.9449505297684921
933780.0,0.9542255143070777,-0.9288575530723646,-0.12424711425058454,0.15311854741437148,-0.6519234634438034,0.9061579644708142,-0.8326878704094414
933781.0,-0.7621296073722188,-0.5393365149672964,0.35797495500688115,0.6337021262697025,-0.873398394163794,0.2781222559311025,-0.2507352253135562
933782.0,0.17907482569026612,-0.7385242316766851,-0.9698025223670272,0.6467655605281266,0.013533715811427705,-0.9407219885622327,0.25898805570402117
933783.0,0.8382956005720077,-0.8486775607281398,-0.8728596254852263,-0.627636271437503,0.8116144806732828,0.749925121929323,0.13112200331448975
933784.0,-0.4336487478915607,0.6482804967534286,-0.7851499826083068,0.21644676143263686,0.604489030515907,-0.9201296888113526,-0.673080593267579
933785.0,0.2938894414963311,-0.7632258479337259,0.0640938834195548,0.9184276027292309,0.8052195702128306,0.6839844428679944,0.6847611953212112
933786.0,0.6257463529488585,0.2712566603979578,0.7950793931616529,-0.015709413161277608,-0.5514488031357032,0.6836613982305619,0.5483927385079068
933787.0,0.1692783484698419,0.1152724089801942,0.23379619333057344,-0.07064711188089068,-0.10533219917013015,0.43691995905479764,0.2956439438724092
933788.0,-0.6908430165547503,-0.34957281068668355,0.7598425755570586,0.5936973907712628,0.2779754983208098,0.31911853333501616,0.6945417357004409
933789.0,0.20173826124124328,0.4819252246720347,0.8288344344251366,0.2392497787040304,0.7554875595301489,-0.5475075107289691,-0.8691503810000565
933790.0,0.906550772445788,-0.8665004420187918,-0.6880983890217369,0.38653364398665646,0.7343901944870448,0.474569693453079,-0.8910261305922016
933791.0,0.4909709446322592,-0.25406260587100604,0.9832325704942673,-0.32232822707727626,0.6607846900275121,-0.7819879769883966,-0.284750885649137
933792.0,0.22639632361831175,-0.91471103567124,0.7986856016594559,0.053381773814344724,-0.7570170104178724,0.5048387727180852,0.9603050156489197
933793.0,-0.4692194592554677,-0.5736607685123802,0.9716469465751967,0.0913272931408986,-0.8543505475842978,0.09800233266546865,0.6565002267476092
933794.0,-0.9590341818896804,-0.3307938387202729,0.3779525065471112,0.6937617220528292,-0.2139487367429891,0.15844860578894204,-0.10774900164906631
933795.0,-0.6533445931101827,-0.3576377789877727,0.29780534932981584,-0.12934485069027413,-0.7992930888282126,-0.09051815243166006,0.3155932864150477
933796.0,-0.09313492099610121,0.7974696393597394,-0.32240697512119776,-0.3789044803630508,0.4087215743124617,0.9721568098712423,-0.7212904628802053
933797.0,-0.8655879910311082,-0.6206212013982644,0.13060738916544068,0.0024514275665183938,-0.5360513382142209,-0.44139117682568973,-0.1461869578801953
933798.0,-0.5712975849194297,0.15155784466580413,0.8522253782491329,0.22345324663761912,-0.5724986656170123,0.8784453492014965,-0.1400445771635579
933799.0,-0.609018462029915,0.8982755346960993,0.4187114744402878,-0.46689914680819644,-0.027525204006483728,-0.6431541712626605,0.2535214586923358
933800.0,0.14594627793275605,0.3354676725747143,-0.9326249998302878,-0.6340836006958617,-0.9219549281181245,0.0838696353386903,-0.8815276895141533
933801.0,-0.013863963136543811,-0.5090461098963288,0.015435431942343092,0.39555382995659105,-0.48036584050504083,0.6766187456312347,0.17881141435889436
933802.0,-0.4175195118514179,-0.9497634474932586,-0.811674652846565,-0.08797832089698798,-0.863673557535843,-0.4807353799996179,-0.5541985316530289
933803.0,-0.6029986445061659,0.5484285547616525,0.2269821895542341,-0.3310798097481633,0.758670084459816,-0.6413669399849531,0.24709209477705207
933804.0,-0.9632220862592826,0.6670461206196994,0.21908053228439117,-0.7444707237198254,-0.9398635710405157,0.03830402818797185,-0.17960191513010848
933805.0,0.9616388930032049,0.5360915300235898,0.4776792275532018,-0.6618701087771188,0.6692634093243268,0.32199296519233456,-0.32436538746569554
933806.0,-0.2389598183233277,-0.37171493666642186,0.8882977060750405,0.9885253162952523,0.20374725560372897,-0.6752128061752563,-0.26093024350215055
933807.0,0.4239631664124144,0.42562024071356697,0.6000666475820298,-0.536531620700647,0.2029739673716331,0.051917678683145896,0.3639153765274261
933808.0,0.6913036015904217,-0.0643492920266735,0.8991575921269293,0.38724641926319214,-0.6967467571439743,-0.902123317568772,0.07830790449069824
933809.0,0.24672195964289378,-0.6654471543341585,-0.13551625035312664,-0.7598739016082532,0.012461066378061103,0.3659727535717687,-0.6036860914424784
933810.0,0.7506090544451516,0.7039228367550512,-0.269999158993264,-0.8281156876169642,-0.28264280906503747,0.03763979159058284,-0.686238220842357
933811.0,0.5985305674650758,-0.5106103926577739,0.013730624005435788,0.8417143094401494,-0.23769195779487706,0.5767636491505534,0.17410810146949207
933812.0,-0.5594673424374734,0.7279685991034446,0.1912260583507901,0.01008964699392556,-0.5209455795063442,-0.6294763561554368,-0.6307430093841242
933813.0,0.339234723927061,-0.24751360591778204,-0.21412107458112417,-0.33769716947410044,-0.09071563974653807,-0.9062101439117025,-0.028041142997513813
933814.0,-0.1622882150171796,-0.10081332752777783,-0.17137050957391686,-0.3344015110079994,-0.4257915731352897,0.13133918029107794,-0.2837307466920238
933815.0,0.9551570851539823,0.7556386977373863,-0.9628209000640542,-0.5615208806493401,-0.21922963462983236,0.6532611842538376,-0.7356783906204674
933816.0,-0.9692542305372283,0.16199057496545088,-0.4621269737017841,-0.7143649714518896,-0.9273100393613816,0.3293050575106282,-0.3231856307387717
933817.0,-0.3855799389189094,-0.9835598873583968,-0.4585821352125947,-0.8877683221614008,0.7979195450907277,0.5378288754478853,0.48973809541833213
933818.0,-0.5924723132665031,-0.4744599442920183,0.05093265919807388,-0.7153041961310489,0.1740429177550724,-0.8268621376283405,-0.8717154440680959
933819.0,0.28402506298041486,-0.7902046346132165,-0.15639642483372485,-0.10659565622794887,0.043801014356270374,-0.08389844531439183,0.9626811997695461
933820.0,-0.1963734095732903,-0.7489017057767962,0.9685927365840574,0.003751265642391033,0.5622829693568585,0.27162969420991634,0.5680505570980476
933821.0,-0.262559553532014,0.865043126363086,0.4078173142714927,0.8064790002066353,-0.7530850040357691,0.17661372838613976,-0.2094477625228992
933822.0,0.2016500800220078,0.8117569106921629,0.6499913006453493,-0.955975795288396,0.13839553472452737,0.445035792925375,-0.5811642385462177
933823.0,-0.9302685962077455,0.8738055500396127,-0.2582134114914829,-0.6571079846002599,-0.7659134461273613,0.8814279713086377,-0.029384618531683504
933824.0,-0.9488609926145084,-0.9681353456800725,-0.7270471169269948,0.5106523196907602,0.918014492002331,-0.9816529699530774,-0.35284488802431757
933825.0,-0.4938349258707,0.45217907765102305,0.3924976589085827,-0.47361159588788193,-0.6028274470649206,0.8089240330918113,-0.23187136881671422
933826.0,0.7697708305443023,-0.7123349986556557,-0.5706479391984249,-0.9941666243396159,-0.6711284728771936,-0.8212033020677825,-0.41943074840656847
933827.0,-0.9651593612660774,-0.5285342064339367,-0.28223705691591094,0.7299886347091533,-0.9801337568645012,-0.8714814732787615,-0.6770824687234185
933828.0,0.12450283117381056,-0.87918955166509,0.6940033164810802,-0.5534660487344256,-0.5318461182310281,0.7601919351474506,0.22101735954984147
933829.0,0.40171093376623745,-0.6139221248460216,0.030829490285788186,-0.18824481537209325,0.02711215691284341,-0.32317805641366526,0.9341591716813629
933830.0,-0.6734166784821576,-0.6649386664217887,-0.035925680483083644,0.4502655073100499,0.3527258427649529,-0.9420273054401582,0.6269620974938186
933831.0,-0.766317010954845,0.14863407619910873,0.3200052382813021,0.9794141460485584,0.4299573153649392,0.9103485316237934,0.9571809460650573
933832.0,0.3814756724845738,-0.21223110827477787,0.70307825666891,-0.9065136669631668,-0.4929377680393816,0.33112432265899705,0.013700511908773416
933833.0,-0.7424870737918654,0.3897427706965815,0.7579979566510635,-0.20623477931003564,0.565262135045832,0.9603847474531517,-0.9515841258157967
933834.0,0.8868994074854404,-0.44996810494597517,-0.9964461064289014,0.49967391574952846,0.6693933387502511,-0.26249672504140853,-0.9710610452634951
933835.0,-0.5812364922298063,-0.7284010688473408,0.5617098199507344,0.7269398169504204,-0.9682302827463429,0.2308447078661231,-0.02420755361169946
933836.0,-0.8828752779376612,0.8481358122745404,-0.35247954440876006,0.7549722201888409,0.25650228944941644,0.015305946453002761,0.01734541146701396
933837.0,-0.0445457899424857,0.6418058108938949,0.6902161572338301,-0.14712987290691393,0.00248124896526547,-0.6805936831173622,-0.3829834444195306
933838.0,0.44948544426740433,-0.2515003044347499,0.9193962895021119,-0.45268399164129947,-0.036401141374514,-0.34549656597690803,-0.9220373572536418
933839.0,0.6359101318489195,-0.9306662364661102,0.05110588768793778,0.047072373043901994,0.4142408881057893,0.2837859260339457,0.751846108194526
933840.0,-0.33441317231337275,0.7654121593587109,0.08196593571542987,-0.84547436950356,-0.009479341131243935,-0.967158175367262,0.7419222924076319
933841.0,0.6530686215159429,-0.716534468980468,-0.9544356466651627,0.16357325240182008,-0.4081736171963408,0.041512049572349996,0.1083496038002496
933842.0,-0.08748919640748509,0.24701039022365867,0.19940969747435444,-0.9128515897231064,0.9757127063422859,0.07998350042024316,-0.19652333843602143
933843.0,-0.6720760737808018,0.44705295864365713,0.08552276890481125,-0.6091760583245407,-0.06390625530767169,-0.4331943298862928,-0.9491359010708951
933844.0,0.447786974085733,0.8965429558950322,0.3512205535419186,-0.8988200666545194,-0.9963720067820032,-0.5329170231660385,0.8317242169462555
933845.0,0.06734335900438682,0.5977218963391782,0.6733557312477014,0.5723897116742349,-0.625217470128395,-0.8994991297458961,0.8046724633539313
933846.0,-0.8548050225807922,0.6687078259103363,0.8174796663084722,-0.6692040607312217,0.9729373310140308,0.0252164552409877,0.2824728287327185
933847.0,-0.8306207816247864,0.957058332728685,-0.615431490865616,-0.597157917500813,0.8904753737038833,0.7818913178403708,-0.6135855865677928
933848.0,0.5730348644365852,0.7462246666569423,-0.9533748477468611,-0.0563380008386678,0.20574302883597095,-0.3150128666031098,0.8104049106682074
933849.0,-0.21801504695481388,-0.49638327995110454,-0.9458479971665383,-0.15780700555635252,0.02760213110436438,0.4228662392160918,-0.16330317878905354
933850.0,-0.28480081064326757,-0.6547374389259502,0.35619123994725177,-0.316859047898985,-0.8214563566165878,0.5284543522791656,-0.791303106834341
933851.0,-0.39686575958714765,-0.9607184515810991,-0.5158936180467646,-0.14283134350177074,0.6429114089480694,-0.36195631325784094,0.20203785563444066
933852.0,0.07763055721289058,-0.5331582744937842,-0.22154803220411035,0.23583622227390033,-0.42212897481193656,0.5307589788853904,-0.4891125521169102
933853.0,-0.03178863004297283,0.19629888922574934,0.3090304113826339,-0.40742932036082036,-0.8744238748824056,-0.9315295860483792,-0.10009644156260378
933854.0,-0.5316054562483199,0.11317420661602884,0.595364709290813,0.15435878260534208,-0.813245496345939,-0.37221418333206024,0.6168646661637163
933855.0,-0.3243355966327892,-0.4151441584829516,-0.4553810231913207,0.4425108796063959,0.767033006506729,-0.8803151450706079,-0.026750367120448315
933856.0,0.4031379054457378,0.2749002279930548,0.5778129675224564,-0.9891467517799868,-0.13702418318430953,-0.8155444136514853,-0.3904384796629534
933857.0,0.8377463180557765,-0.7413855873333814,-0.47177288592637745,0.8536110551836777,0.6010442044214834,0.13978035115777798,0.20894310378097547
933858.0,-0.5238433085659682,-0.2238269104548194,-0.3188610952912956,-0.0980795326004611,0.16227432737950886,0.5182758257056035,-0.6809993047296095
933859.0,-0.4332733746700421,-0.6228665722243227,-0.04915397274860456,-0.2561511291366656,0.27862585690174146,-0.45414809220496033,0.31631480114044863
933860.0,-0.4696260021756322,-0.6295409393341271,0.6462118050645445,0.05404469017219893,0.4075930750979393,-0.11694615200927805,0.9185906580816758
933861.0,0.5866853016703533,0.1587161634262324,-0.3054267609337513,0.7378339352039982,0.10274334482556324,-0.28378192374270084,0.5332219251038457
933862.0,0.21871903057371123,0.20517181565340925,-0.6687507871728282,0.21203084677260464,0.9840147969411053,-0.46006855584821005,-0.6142821994922569
933863.0,-0.6729661116968217,0.22877861960628554,0.6300182446377887,0.43609113053129067,-0.7497574033398922,-0.8094838255167185,0.7134475928306221
933864.0,-0.39735090653690897,0.23362837377727907,-0.8602090417613442,-0.2503873246675514,-0.35803658608741373,-0.5289457801528941,0.849370813638326
933865.0,-0.31963144487187956,0.43701726855575673,0.6010487249920611,0.08395926189403458,-0.3958368583132248,-0.997997606805032,0.7961410176307144
933866.0,0.13192353920509192,0.7415589703146239,-0.8049660363079303,-0.7563065041847823,-0.9366898410297346,0.4016017214894885,-0.2042958338134211
933867.0,0.9837284453518862,0.5255082442021934,0.080918982120191,-0.6565296594844443,0.23181234059039046,-0.38255578916555577,-0.8820586095591227
933868.0,0.198217810673609,0.864396886379357,0.7024007196860087,-0.532307763091332,0.9028929764992142,-0.48174516409482937,0.44647171438658306
933869.0,0.08863214078031034,-0.7573712584735526,-0.8868297786428445,0.38819742039631455,0.5794165973874594,0.7573302517391443,0.4306563897431752
933870.0,-0.6156052196061874,-0.5082543273121525,0.9293402324856799,0.23356306506630986,0.4049148506194915,-0.28964930895325924,0.4979904426685724
933871.0,0.4741252603633843,0.3227351570136523,0.5189664750300362,-0.5297097907806261,-0.419389266708007,0.14762731727101674,0.13151812071879565
933872.0,0.9650597713810023,0.29654550630147747,0.006621247662515151,0.6741542174754069,-0.8720221973612492,0.6544566992661154,0.0922917417232878
933873.0,0.6608304354742165,-0.5448345941875432,-0.5718941019418973,-0.8282673361410962,-0.2164488686562207,-0.035024297693812434,0.0968156040353727
933874.0,-0.15937988591352692,0.7150487243338053,-0.6817375525545679,-0.5496710602286408,-0.15192498325483927,-0.7179935868702285,-0.8015905904340312
933875.0,0.7187943268321644,0.5822243405373679,-0.22827650193439264,-0.7405660974394748,0.5417043043571566,-0.6952434645004701,0.3762977082603578
933876.0,-0.753880310995938,0.2829863039559892,0.24564529767984977,0.5765564721510277,0.23344128636958228,-0.8322962384412862,-0.9069033611425787
933877.0,0.869632450191784,-0.8075397273194656,-0.4345404859435733,-0.9657045461401073,-0.9939071983673002,0.42386433548381075,0.899136261208674
933878.0,0.5642198702012378,-0.08441911758001375,-0.6899581147545417,0.5244051159448131,-0.6939571387850436,0.5051307857970804,-0.5700074654033933
933879.0,-0.1613649127134711,-0.9620883704863814,0.39834134477309924,-0.8519281184836105,0.7062900837061099,0.9752234400857767,0.24632483953037987
933880.0,-0.08263484068785831,0.5912210448512729,-0.44821495107870346,-0.13983964152560557,-0.7073098370813196,-0.09789636807805602,-0.3224889725579483
933881.0,-0.6951813029965819,0.3189509817821641,-0.29611581194747116,-0.33832422646396654,0.847807681079767,0.26781084170543745,0.2924669509307356
933882.0,0.4230068722864322,0.8062719472709468,0.8646446092572915,0.2394171107780778,-0.04494841597819721,0.9851880503947466,-0.1935531820734917
933883.0,0.4591359870009155,0.05598642821987254,0.7033617110490231,0.8463126296968217,-0.024957177723640367,0.3802064059381567,-0.694765286719432
933884.0,0.6879483224263636,-0.32590314651133223,-0.12676020666921528,-0.30682852308817643,0.23150413020815286,0.5427952197778554,-0.7223811114132572
933885.0,-0.7442039019462616,-0.785018827352983,0.7085322531638707,-0.6521582818528748,0.4154886128042041,0.6571488811171506,0.2139211586479437
933886.0,0.09214874062228762,0.6596012730361682,0.6697774175326874,0.8640820704221877,-0.2365580469298716,-0.16426692273387067,0.6046718777687727
933887.0,0.2586155628825515,0.4943917506881552,0.04190318975842211,-0.9158266480457307,-0.7732517403117047,0.7048445198302753,-0.4111627490149379
933888.0,0.7594535232775346,-0.20444719211460627,-0.4295282998592067,0.24657971957475877,-0.9601043547213672,0.04099357336899656,0.7743006034936462
933889.0,0.5971764844368965,0.6840049600989839,-0.8786276703090574,-0.10375423469444067,0.0009133259341167488,0.8703621869121729,-0.8765606221967104
933890.0,0.6709949496426453,0.8635605406701148,-0.6865784894558646,0.01647881842116572,-0.04364139551551505,0.7300567468409889,0.25152619740044546
933891.0,0.3384124260700958,0.49752929408544166,0.083508212755385,0.8171567291260784,-0.9132102910823763,0.9908978247509537,-0.8794098201523322
933892.0,0.2160261385074096,-0.963011398973026,0.9744867611599921,-0.46543821680023845,0.845346517797918,-0.4615782453792583,-0.8288213916631033
933893.0,0.08361895999183488,0.8454335241107402,-0.9984831746252851,-0.5213178317817231,-0.05733961509194874,-0.9612786101674251,-0.15233424231534665
933894.0,-0.5933173049478617,-0.4865053979102234,-0.678466160556136,-0.5872962016564933,-0.3653267881038922,-0.6140031619479731,-0.25356316606697127
933895.0,0.9883284465069591,0.7729857124328052,-0.5351617695977875,-0.4604184042736119,-0.34607975548429004,-0.19162061666753738,0.03966986261802874
933896.0,0.1278483553831562,-0.021919648658777158,-0.8503391183898708,-0.48035630272989893,-0.13080072977323232,-0.43566192826163075,-0.7413487149415512
933897.0,0.3257169587043882,0.8328318971112207,0.692696365174682,0.06925921803765078,-0.41538920624930453,-0.7548120620011922,0.6562897863958714
933898.0,-0.07376572743122556,0.4609937075112198,0.4719600635737846,0.7047003370229246,-0.5553661858037924,0.9244217901026612,0.8993738833414129
933899.0,0.42926121963459285,-0.478155571167477,0.08320266654620889,-0.044877170004824274,0.44602515519010555,0.833695779399912,-0.4254729620649269
933900.0,-0.05062087448020214,-0.40928072551159156,0.33652282304903314,0.3516609724828983,-0.36586208702808154,0.666611910794447,-0.5538937579640859
933901.0,0.18166818956319575,-0.8825184414640734,0.3796895763293979,-0.39892235444562996,-0.7708262908599981,0.34494690464617195,0.4605721129979745
933902.0,-0.12473424925476961,0.02665532635421397,0.7242977128959909,-0.21139172045422883,-0.9544265138052577,0.5095216540774832,-0.4401007674962223
933903.0,0.21343641988131723,-0.913193390643571,-0.7772523797300499,-0.8241393276583384,-0.3691891607875728,0.5619615587330165,0.20461182669967326
933904.0,0.9844705487176826,-0.9609927151382245,-0.6097194856381445,0.2496452029238574,0.26769682999194466,-0.10668882689751857,-0.7121502797672628
933905.0,0.46757989385267495,-0.9997292601091368,0.06607558295333282,0.9328351823948571,-0.6945357004582824,0.11266216600125611,-0.05060600549988936
933906.0,0.3426594943949557,-0.2974865181505404,0.24131488816857716,0.4259177523764679,0.25688889609205323,-0.717699270369023,-0.3106820748010197
933907.0,0.7953317584646529,0.558536016999168,-0.2111796752996653,0.6208447191479294,-0.29950984101228273,0.049857112949393656,-0.6343349501372444
933908.0,-0.5925129672950451,0.06813074418922449,-0.28981870033046264,-0.17315301046919784,-0.9678769427491272,0.5220312104086711,0.35108551674375477
933909.0,-0.5596672046966811,-0.3117097804385587,-0.2098321113582282,-0.14086736900054975,-0.5889929249288326,-0.8319077167339475,-0.9576830457615355
933910.0,-0.8356638405320671,-0.6639812445786297,-0.6270341573484717,0.9856776589156973,0.7711967021559372,-0.9692929939214532,-0.9200248113447314
933911.0,0.9510466625785494,-0.7376176564932593,0.27683650457595355,-0.024679965238826984,-0.03296264863364584,-0.24791613346494956,0.6808662464960542
933912.0,0.247186355900181,-0.08600258079406786,-0.3487451740100953,-0.902173596625248,-0.4334280401261541,0.6464064597664898,0.7556468223221466
933913.0,-0.312828569891231,-0.24157924076529458,-0.7844486485121045,0.6920745669600703,-0.4322183625097975,0.9410712393863023,-0.920413182766395
933914.0,0.9590753790574329,0.21586452396036626,-0.8137617510561115,0.4064993210355252,0.006898089075237923,-0.2714940451914758,0.2271574446232434
933915.0,-0.10584976000841406,0.9089102202712807,0.40077301163124757,-0.1686973635196627,0.19248565577913146,0.2519296404127629,-0.7638911798728483
933916.0,0.0746602125972895,-0.06838960470042466,0.38728834491707453,0.797383811203068,-0.7036978791329389,0.939824036522257,0.8302378063379134
933917.0,-0.9621846614197054,0.6154005622760215,0.5946877799058798,-0.8748264627899269,0.13613580876418085,-0.00357960141988789,0.38157576384956204
933918.0,0.45425275257741227,0.5206404161461704,-0.5458635819609532,0.7233656160220443,0.5179145673457415,0.8731421028657795,-0.30346696585093236
933919.0,-0.3027828259124643,0.17170355958694916,-0.9900530597176511,0.9034916982920147,0.5985779688973754,0.20455835338568118,-0.3120662305217654
933920.0,-0.04248784746317913,-0.27865673079852016,-0.976054196510358,-0.3799081205003796,0.11599702960074465,0.5168691260784914,-0.9164904165917773
933921.0,-0.6302030994452359,-0.27487118907883,-0.400058151491554,0.31158785404138944,-0.23779699599641102,-0.46459465786049536,-0.5048422882752392
933922.0,0.7618850300099433,0.336833114613446,0.16729420617049295,-0.2528971726596787,-0.6897845892118009,-0.06244302292539339,0.7160108720887197
933923.0,-0.6779065149895738,0.21253120529978187,-0.4208024720695436,0.8815724311376649,0.0027675231032842085,-0.7648951182881316,0.6179597216852082
933924.0,-0.8496813114891029,0.7917594748763566,0.8388928080862046,0.14832140865535814,-0.6571472494092565,-0.18820644568352463,0.7808107590299895
933925.0,-0.5688915616251566,0.516258333354128,0.6572795434386103,-0.8167859903946173,0.612730672462088,-0.1764208040004791,-0.3625950455131228
933926.0,0.8820872464602276,-0.4797755442896787,0.5259140825162032,-0.9944040090946129,0.16262917905545882,-0.45987667096703233,-0.2957321226834235
933927.0,-0.38773344826279854,0.0323124374355892,0.48221368136591103,-0.2753395225314359,0.5905199528225851,-0.024760934366319987,0.8186980199175697
933928.0,-0.18163714071693615,-0.8457937356521703,-0.5951037041414542,-0.5852765575778274,0.11474326775322519,0.07246866901461435,-0.017388938711296653
933929.0,-0.33502594013137865,-0.47965440725866637,-0.890296115415431,0.4145459577817918,0.8911728461085984,-0.7508318780738064,0.14385740169559624
933930.0,-0.19213876274455988,0.8426230798131933,0.16538465273137892,0.09430759973821168,-0.61134844122233,0.47584440396921646,-0.42971081432466995
933931.0,-0.23029836508587986,0.12329007374787349,-0.29746182773328234,0.6317103787529523,0.4669029161369562,-0.9295657984844514,-0.6457155938893568
933932.0,-0.721796870743757,0.7200855856636876,-0.13760099562856531,0.5111566324501791,-0.874195673275008,-0.5449594434091571,0.9739182508725268
933933.0,-0.03708177120253442,0.26589735855562857,-0.5814700461358764,-0.8271453369569601,-0.8127506193338518,0.8522233368800911,0.49717288934029313
933934.0,0.15349896131740381,0.3234682151944954,-0.8608597579890227,-0.550922369368577,0.1955745184563502,-0.6312498435804588,0.8524585199194843
933935.0,-0.6529644939988897,-0.12406993079698925,0.0744906574754085,0.936389268148307,0.903276594347151,-0.2877980616136504,-0.10655806515731214
933936.0,-0.6864356101206746,-0.5467189916541784,-0.7517872133906374,-0.43398723396466354,0.9163602697368398,-0.9839032302122421,-0.4022698812690304
933937.0,-0.3199609581613394,0.3981444296795784,-0.263642975701307,0.010707248443608819,0.9338397157384855,-0.8141642820703168,0.3390575596111576
933938.0,-0.22912853902635155,-0.09318771699674744,-0.24742924297506952,0.4780113313464005,0.6296648257159874,0.23509675011052233,-0.668727773828955
933939.0,0.05008704577618461,0.8578150868303251,-0.07718113047841269,0.9977765982505491,-0.022351462015464563,0.5978448843147373,0.060695683588566585
933940.0,0.7575039658534717,0.38316028832329585,-0.7029023878553253,-0.7139515636285738,0.8840313423941968,-0.012643925172535875,-0.4183862962264906
933941.0,-0.58039441136052,-0.9811540615029322,0.09891082682649488,-0.09232629471546927,0.7744659930391853,0.5423429241280262,0.3463383741667272
933942.0,-0.19992855304619117,-0.06613805754842339,0.9267288361852908,-0.036248823638953986,0.6286150950086054,-0.8839895430084297,-0.6455835205834153
933943.0,-0.48703364086093637,0.4338927603702809,0.09038336218678489,0.020535084811514004,0.34112340752874015,-0.4015552309944985,0.6624820716691957
933944.0,-0.545716864722287,0.13692570664403414,0.6300117630121538,0.0341899990078931,-0.37892609404869115,-0.4465646223832902,0.1553538619371737
933945.0,0.4509685902643308,0.2745519013744171,-0.9817578881467237,-0.8555754104060327,-0.9537338079602848,0.3238238426110285,-0.28834188914582204
933946.0,-0.9306937778481661,0.5415142494596752,-0.37790668225149604,0.6624589120093183,0.5133803481302319,-0.552467680307094,0.28347190023533475
933947.0,-0.9022971034265177,0.6182677384690689,-0.42137513152432593,-0.7767687811271526,-0.7111409004947122,0.47633798067577504,-0.4819841713692563
933948.0,-0.27888578942410236,0.12525365256376042,-0.9893175073286116,-0.35362850254877887,0.9310275969116584,-0.09390990585737802,0.33973597782282705
933949.0,-0.5219665318027595,-0.7842626208858414,-0.77810498840943,0.42827457303894234,-0.509955408254229,-0.4001160484298505,-0.048691750537625644
933950.0,0.8591327443895247,-0.8545224983455222,0.31134921047799824,-0.279934475831529,0.5295392302171713,0.9523641112056236,-0.5225471362491605
933951.0,0.9696259298981738,-0.665932990891589,-0.3632052411966913,0.49607614251292054,0.9675968437314577,0.6527973862919345,0.26230993399627156
933952.0,0.6066786131405479,0.33798235936458565,-0.051393749717515425,-0.6881971548670331,-0.3418544715381373,-0.7537507118401807,-0.9868879128925852
933953.0,0.8541373737742062,0.17040196798890017,0.5090102379725177,0.18179746188202328,-0.7486285727186079,0.4657940261673188,0.8980727609171317
933954.0,0.7620764326888856,0.9448176503632073,-0.7556901120507813,-0.07479828329718141,-0.5011160219275257,-0.4821099547575962,0.9240810130307024
933955.0,-0.26751432401775244,-0.15212694339080146,-0.19454202251078945,-0.9657554905851669,0.5846126005467354,0.8002147610272774,-0.10694012078380721
933956.0,-0.44384807703584617,0.6524115278426033,0.7990092429607798,-0.004133188801334731,-0.13573674851493678,0.11553533859441867,-0.4584199944487488
933957.0,0.03610901832777125,0.1503867868063824,0.17377712745538165,-0.27404533739319104,0.9577240511060394,-0.15845124826621992,0.09729087720021701
933958.0,-0.6288817786755267,0.5533644774969666,-0.6067963936582654,-0.07253143139295526,-0.34280649052668566,0.06731959385224373,-0.03907796138932951
933959.0,-0.7543176280205344,0.5455736639954563,-0.7980781883587151,-0.3249587164896621,-0.06119550425628928,-0.4686001987033641,0.8413791139447784
933960.0,0.37038146970377395,0.6482042922767166,0.9474893762105692,0.6141480116608509,-0.738425325119008,-0.7623681038341605,-0.5604695339664028
933961.0,-0.8551395539979465,0.1585896983497599,0.778095411128727,0.11063413696726077,-0.6916797869640274,0.6914259222673669,-0.6253822019098907
933962.0,-0.15981080601991526,-0.2881214994543384,0.5743017518313265,-0.6188232694408702,0.9866657932572263,0.4932501906949116,-0.42502815078808776
933963.0,0.7244176121806234,-0.09864231219681541,0.8568640742595894,0.863758132160279,-0.17818707568155068,-0.7658021447792931,-0.10777043352956062
933964.0,-0.23543478952126984,-0.5115152271668317,-0.4059294626971919,0.952882509595812,-0.18154810274341404,-0.33552458666776674,0.0006767174992357017
933965.0,0.8556326021885086,-0.7121455014578939,-0.6561680019667746,0.20810350001744293,0.019703380800151438,-0.7100758301471781,0.7436936353366064
933966.0,0.9820687522732319,-0.9262408080507736,-0.33818450870135885,0.07890884679998589,0.23671005941066126,-0.869549626980638,0.5623684107101581
933967.0,0.9834699263581683,-0.7574355649239539,-0.1286864238346499,0.41174726775400017,0.45303467228641736,-0.39703788029534515,-0.46858609723559685
933968.0,0.7842747195944806,-0.0714375078230276,0.31792786583707655,0.9296663953339488,-0.1347536848542903,-0.7459061490978078,-0.9849727647959001
933969.0,0.518066670034756,0.33880107272128424,-0.045873075176319666,-0.7197434764314949,0.03340999603059158,0.5586954075699209,0.8846100115348083
933970.0,-0.07846333390469584,0.3665792244238699,0.8744602605250331,-0.8988536439912032,-0.7126049089024626,0.01603448688173814,-0.6229120750377373
933971.0,0.8249467419012557,-0.31034163536951653,-0.034664520081178596,-0.8571561308067643,0.817243546946149,-0.9810765824874497,0.8148297126472646
933972.0,-0.12468935550869098,-0.7850576079700249,0.09151674602444526,-0.2319873475224543,0.8053427016071699,0.16866356530250526,-0.9693502264900686
933973.0,0.04133622619155486,-0.39016451363566573,0.9216591084032659,0.9476357376549605,-0.5019717626159548,-0.7810526866429994,-0.4542939207608474
933974.0,-0.4688207510734217,0.02181391348601558,0.3432999855408134,-0.6608155642942943,0.4176123640274363,0.633585493114095,0.9579665121725729
933975.0,-0.6268728943538724,0.5442018523784198,-0.2512780619343289,0.562767310710997,0.31843787298552306,0.6512819074963772,-0.6718783420146532
933976.0,-0.18385275225944153,-0.2819567747423293,0.9628431473608634,0.4815325902326406,-0.1981981308282581,-0.174001773228583,0.6893420330453552
933977.0,0.8005097989988028,-0.10113367904153248,0.4180216394753409,0.1671639644485945,0.7253666007357324,-0.03475825826904444,-0.25922347068965235
933978.0,-0.5600196743943668,0.2822377905466895,0.025518025167472258,0.6715901109850244,0.11824594674929823,-0.1397235339060472,-0.08472752416704576
933979.0,-0.7827209944906313,-0.7194215123632313,0.0939419980294598,-0.06682812569333474,-0.6699312334856591,-0.753146258316638,-0.2935689824001615
933980.0,-0.950832836846379,-0.786643483806039,-0.19016780223760588,0.11208198730718855,0.25020226673213064,0.7757192054549515,-0.2742601333895076
933981.0,0.1595704221375085,-0.2681796596176882,0.8449787431453266,0.3725859762000632,-0.7818659894223243,-0.36458577030030903,-0.7642344945842776
933982.0,0.13306275339561147,0.7504295282311542,-0.3324655882245582,0.8865767639571551,-0.20086570560414452,0.3409254563291235,-0.9549544710550362
933983.0,-0.27234456502796056,-0.6047542102789472,0.3081752785194394,0.009647995012802113,0.7607269231018461,-0.3807456095381465,0.4734039106924588
933984.0,-0.5006747118225425,-0.1966888953042043,0.532704632305451,0.611418953550213,0.028828741632592303,-0.9872706280750809,0.570807384184709
933985.0,0.2710108880461126,-0.08095104190599312,0.8152328808797555,0.9976540336293223,-0.8585282190675056,-0.055088983264537816,-0.27309155547083375
933986.0,-0.9623194920508003,0.04276192964354597,0.1126027099723741,-0.22164881940030012,0.004736279924340225,-0.7783195639325211,-0.3339690957566861
933987.0,-0.4620412687443698,0.6452549146797568,0.7801361894024075,-0.3083907885247792,-0.5177323240286129,-0.06697369932172403,0.5802173708106491
933988.0,0.45430174268638335,-0.6728853501926353,-0.46349089506920094,-0.813934382174142,-0.7034363299966757,-0.6967559824845544,-0.5283507546745756
933989.0,0.5849236333756811,-0.891128099351675,0.7523742747600244,0.215392576052563,-0.30823841254196815,0.6018587226412917,-0.6654350500818027
933990.0,0.36091016438170054,-0.5729764910593997,0.3158762878278487,0.25780878685601527,-0.340304079498996,0.0730920978588705,0.05028982990022457
933991.0,-0.34445685961251815,-0.7686043344241158,0.9491181794618411,-0.6347269093709713,0.3334148608734231,0.7408510093782472,-0.09269867746379079
933992.0,0.8164114899521937,-0.7084982460190286,-0.06103277030011922,0.10582831221231581,-0.9747468915703925,-0.4689494871975266,0.5720690765458221
933993.0,0.20476422047741027,-0.7683041850251349,-0.7163490238783052,0.08064777258635414,0.1154492998485035,0.5737740411377159,-0.9231060103481448
933994.0,-0.0858553812036491,-0.7768637926472388,-0.9725970230237675,0.8328464928214985,0.9283893068314786,0.04848754574236014,-0.3866861173242149
933995.0,0.23234625789524088,0.9672689352430288,0.9182852764936238,0.8216846971694873,-0.9327129280354935,0.9211803435514268,0.5715416451732751
933996.0,0.9406206683944582,-0.7709208470319393,0.7871142812555918,0.7691671580581985,0.9512918750980686,0.3845705000264854,-0.014529005627909486
933997.0,0.6788273634609965,0.9133992985298298,-0.0840505414199928,0.700037251643528,0.9885550407042978,-0.8645981753720875,0.151458345451557
933998.0,-0.9805157682944776,0.6541719773502039,-0.28672966542586464,0.46022572913234905,0.06042998089145368,0.889165434916052,-0.7292424240084896
933999.0,-0.06225386381153175,0.24095383499135736,-0.30887430345375266,-0.2902447406373385,0.5403829628974002,0.12308507818669878,-0.7595161313587822
934000.0,-0.7811481009099241,0.871803421475654,0.0065045383081392405,0.005602196687055638,-0.19822546600653523,0.8383052894838527,-0.8892118535111937
934001.0,-0.7043212273531978,-0.5271113073613076,0.7221984975676132,0.7424150893067136,-0.851205821407446,-0.6127457126744567,0.5323673782448044
934002.0,0.1642796736995109,-0.06884573275084738,0.8646436351744289,0.2594730759148207,-0.3785019281371398,0.9803942905248435,-0.989199534814988
934003.0,0.8881939005383053,-0.9125877897708254,0.53915258463555,-0.9535756687410524,-0.8855387260071181,-0.8119736753566491,-0.6682979428460469
934004.0,0.005603617382340831,0.77629810635092,-0.0718279020310355,-0.5940858960863267,0.9895195377154169,-0.3489162962544814,0.6168329679069313
934005.0,0.0105653860657422,-0.18693062371722924,-0.6558383050823733,-0.6494033336168967,-0.5867362245203085,-0.9290236517516375,-0.9536187139934875
934006.0,-0.13092971623320238,-0.6618439724196286,0.018384623098689046,0.8784941648128455,0.04707787503431171,-0.17365244083255527,0.29136128868413014
934007.0,0.7707809363219151,0.6937818245196818,0.4434861477594223,0.4274984761308054,-0.3838786874181226,-0.9059950624539101,0.5310050970323479
934008.0,0.7615161994451622,-0.006420978669982258,0.05194801140499172,0.014528684313960705,0.5980728458536546,-0.6968034788325457,0.7753451587914544
934009.0,0.6163475389912765,0.9359241484031071,0.5013884722175557,0.9619230565773531,0.03267123371910685,0.7241447264551961,-0.8057398087307948
934010.0,-0.7634718808867234,-0.6870480069187113,0.3028896281749289,-0.42063604995655157,0.8064929502659057,0.8318854388716745,0.8503692339813083
934011.0,-0.08070090882740466,0.43755908235169394,-0.999723975320459,-0.3242251182649347,0.37147066801256057,-0.2185492433534204,-0.6581291784296781
934012.0,-0.7831141545145619,0.7503825798609967,-0.8633717436187724,-0.2798820764624881,0.4436366345071818,-0.946802236611981,-0.7380664335038227
934013.0,0.8591629871506206,0.29939566934569095,0.7380009887221768,0.04822019684959855,0.5538111745055556,0.20197846207803116,0.46295501558404895
934014.0,0.7333849827938634,-0.8158362716540803,0.6136966817968035,0.2049803211118999,0.9433578191372747,-0.1767727874838696,-0.09581057066995169
934015.0,0.29969425562875673,0.5086699300261901,0.21957309428091154,0.6909084973240676,0.5301613195332548,0.03668130954190496,-0.3813992803646842
934016.0,0.42053293071462283,0.36525424970090326,-0.5658481339703771,-0.5574242054596019,-0.8665636546193995,-0.9982998276439361,-0.031278290445070134
934017.0,-0.12185393395373056,0.23296918645883635,0.5565955933554139,-0.39064996348143644,0.6311087134248803,0.734190734463767,-0.7761904484310311
934018.0,0.42829750039958614,0.06982787364452125,0.2877606499474372,-0.5897027996622306,0.7835574345244327,0.9533204124472794,-0.47846558789364035
934019.0,-0.5679041043309327,-0.30112098860695746,-0.6130487495974484,0.24555862051068766,0.8658183125611476,0.2824206846134889,0.36156534519489036
934020.0,-0.020138623691152047,-0.7459405838283601,0.49426078334998436,-0.10396981656413762,-0.4139728524455868,-0.2901252809249859,0.06832915555980645
934021.0,-0.7952708617149373,-0.3941024248138696,0.18754245915722745,-0.38126988821576435,-0.5066833221924816,-0.5513740860960539,-0.25652256002957685
934022.0,0.12508835689639275,-0.13212678015567136,-0.19477814721146558,0.10935394932355202,0.7778317943134876,0.06737689468324715,0.02348958308466398
934023.0,0.17073040834688924,-0.0844517849819979,0.07490536977556173,0.6500536218632325,-0.17590389509094218,0.5357567089212423,-0.029669865395701045
934024.0,-0.012748030816651212,-0.6974096613166361,-0.0014037511965263594,0.8355485886354506,0.05943849578702509,0.9194077085202359,0.14094845975720194
934025.0,0.38600638711883484,0.09468125734221866,-0.5711695144866156,-0.678030242574112,-0.06917609531381164,-0.969567308116511,0.9862670851163082
934026.0,-0.46336141823837895,0.41184126743038796,0.5053319834615344,-0.23234443415760353,-0.30884104472695495,-0.3840132100868614,-0.3486543513620861
934027.0,-0.6249641708398619,0.24389655782423314,0.10724378265918633,0.7110903944807356,-0.7299752124426799,0.5618969690518925,-0.909407981608813
934028.0,0.6303072544420556,-0.93705064293038,-0.4510343230520595,0.4588198435127979,-0.05650788800507356,0.35233801282521515,0.17274170631423869
934029.0,0.31417409844312916,0.5956521098026208,-0.21846287490374428,0.44153647930190876,-0.9436714703191449,-0.48510808428025487,0.5489056809670727
934030.0,-0.9297813435795079,0.6115754268994307,-0.3900813686973148,0.847318580946925,0.8851413133987631,-0.8934104665284355,-0.0945214724306076
934031.0,-0.27957523730198575,-0.9326324676812618,-0.5291778046949349,0.32219566794682275,0.7212995630842798,-0.9409305510286075,-0.1422280193395371
934032.0,0.3988390627412999,0.958866644474798,0.25382017304675353,0.44353761016365034,-0.7347913498171612,-0.673792978241919,0.8085898042432218
934033.0,-0.4846427507360136,0.40805588167892703,-0.352912562050107,0.8034112431233942,-0.7120795809098086,-0.740896181035186,-0.6084912919251599
934034.0,-0.48289851676054374,0.5325624925962775,-0.36503522635111874,0.5698315591915901,-0.8934599675888946,-0.9665799317260302,0.20801665320534068
934035.0,0.9639753633400003,0.966752759651011,-0.04725403128080119,-0.6464326126758717,0.8144494689505783,-0.020190585475227563,-0.43588903033432547
934036.0,0.5958063283246087,-0.6689990849055274,0.719673465753158,0.26443895778366255,0.04883271496878083,-0.9217251455695343,-0.2516796937710366
934037.0,-0.12246117359484066,-0.8623443655815046,-0.1567375765221939,-0.23853801727994672,0.5053850865748579,0.46741344864746237,-0.7242935994051496
934038.0,-0.30365675061886166,-0.3819933266056401,-0.5107642144730913,-0.42920623526091584,0.30001020184228677,0.8014528524061402,-0.3657651587032562
934039.0,-0.9156550051441428,-0.6606807319567385,0.13823818923083842,0.665180818542833,-0.7974523371656215,-0.8298329858580995,-0.2806327596478606
934040.0,0.8643036826825714,0.905695138095657,-0.7525457283849251,-0.44095870934303893,0.9646495743856012,0.8308109060981936,0.3851640230917981
934041.0,0.7632606021448649,-0.6153507053343237,-0.5530995146867865,0.0363988549180958,0.47941098124894355,-0.2990394446845843,0.5009269753988335
934042.0,0.7739829165816481,-0.8710926231413414,0.19292434354400467,0.9059285472796925,-0.6644976689075848,-0.9464523902284612,-0.7469454513512923
934043.0,0.4892126922337585,-0.11363580994684486,-0.6467169492231117,-0.6696231313947578,-0.09055234020553193,-0.020580621583236036,-0.6652961658966294
934044.0,-0.7142139706428945,0.9351408157760452,-0.298905096079088,-0.705271029629229,-0.4300132573800872,-0.2154740307896139,0.5014268897656733
934045.0,-0.45444286455848415,-0.2272429418746409,-0.5958885568083971,0.6203052335203914,-0.6845802966112118,-0.03920631353024828,-0.93360997894401
934046.0,-0.0385603250730131,0.21554772419765356,-0.4874299634458188,-0.14771495601565454,0.0004345823611640043,0.9326467942406886,0.8219921772576677
934047.0,0.2506564919433294,0.607195872839589,0.829645888268157,-0.8821312542817976,0.4883843025274055,-0.7814333620024116,-0.11808746645305535
934048.0,0.926437332404364,0.4475212496238752,-0.6627527407978016,-0.32144580787444577,-0.14748414493188067,-0.41986274618662134,-0.9587293613905474
934049.0,0.18466025479468118,0.0054351863907218245,0.46393448328396536,-0.7380809909491166,-0.6696984665503547,0.9009613581246794,0.3204491744613951
934050.0,0.1837881162319146,0.19714718340758397,-0.2562792243287204,-0.6773056472922134,0.2326677543936857,0.28098792154592833,-0.04291462319321693
934051.0,0.7473376008887984,0.41596454056384324,0.9135261250569444,0.017185074649954002,0.4542975567387735,-0.5949178382522082,0.001580410788561526
934052.0,-0.5383083754182183,-0.36469680551608885,0.4297007304909848,0.28922645072662845,-0.21882458814557082,0.35269661224536475,0.6279858901379454
934053.0,0.3877364291428187,-0.026197525559194856,0.14087342629228217,0.9386272733002399,0.12380135118158808,-0.916825851854425,0.9980227973686393
934054.0,-0.7852516293517653,-0.854339375217493,0.6819534746409512,0.6921427681434633,-0.7541954589343891,-0.2981612298511984,-0.46185596571925625
934055.0,-0.3045717777963248,0.3030220549502758,0.6968969552073745,0.18864508428327986,0.635280811632329,0.0061965853347318856,0.6136711068123903
934056.0,0.21985076629832623,-0.5281587834689592,0.9185708722029282,-0.3715717262339715,-0.9369724143654306,0.46572360839762816,-0.19776302844780402
934057.0,0.8280538102998827,0.9699371991866834,0.036116133004621576,-0.7309407338328837,-0.31882642046860976,-0.6774243333907981,-0.8220265907999229
934058.0,-0.706627246271115,0.8402837420945137,-0.58496412330082,0.5432017910349343,-0.6786144764666502,0.1565696606585052,0.756419964959012
934059.0,0.8111331809018032,-0.874438611917091,0.6020647339733607,-0.3189403298441613,0.9246387125287572,-0.6112805398776713,-0.07473996379265624
934060.0,0.6430102743657307,-0.6679797998698458,-0.9503597259818342,0.3821493169808394,-0.05488764510726285,-0.6438043382114347,-0.980472310716179
934061.0,0.5266700423655024,-0.5169430143200273,-0.7898796425370591,-0.26334441413679244,0.13570017069059448,-0.9926901535332608,0.7159536815539966
934062.0,0.2529003173085558,-0.7660756737888856,0.8960949600597095,0.17369245270202072,0.32194768462902457,-0.6459860141657521,-0.04902858617338146
934063.0,0.5180568411845965,-0.3555418622876816,0.7896522630417222,0.5232397712142101,0.9955478808471412,0.5795139465857659,-0.5144537322248555
934064.0,0.4354471241173372,0.9018526026386504,-0.8603851022276825,-0.6641697430524145,0.6983900422718254,-0.01233642635112453,-0.7651281044026759
934065.0,-0.3619192666744282,0.9166629030971125,0.8365115020748064,-0.48811212420820316,0.7727190360347769,-0.8642337441369878,-0.855802220925926
934066.0,0.025450062759003078,0.24520004835855858,-0.6788098807900684,0.938818933209624,-0.6780010123767273,-0.953137011758084,-0.3618259479638104
934067.0,-0.4271973702802665,0.2692787391279521,0.59681807134359,-0.41846981855086507,-0.9472040387010343,0.8490930072023206,-0.8690773629735717
934068.0,0.33465132016173893,-0.2735420633893173,0.3259018958428257,0.3591147032532931,-0.8768814299792052,0.11881960592202079,-0.23954509860592954
934069.0,0.10542864988188572,-0.6009224166449625,-0.855201169922913,0.07543023140501859,0.7524164179443373,-0.1947898723883159,0.3713522438439989
934070.0,-0.4216953078646606,0.3897289058409523,0.02009534403710278,-0.8406373668641716,0.7427238556815392,-0.15370579060036826,0.028162041565738205
934071.0,0.17512273173503878,0.165153564964309,0.7342867140315876,0.41736278501426627,-0.9741939012915626,-0.2657707295253877,-0.6847351294986133
934072.0,0.11817212003420696,0.4619744423834542,-0.7149065175608083,-0.6976625847060605,-0.30813770435604404,0.07359613162633227,0.8136978858630757
934073.0,-0.5405657558728896,-0.05448150536204066,0.46477961008337965,-0.6274862378221784,0.38280921832306736,0.9092148686621817,-0.7843466527251244
934074.0,-0.4107514247335,0.11248562162241416,-0.5874116672478784,0.995110204454845,0.00435147602567687,-0.3545711316840836,-0.06561843190414551
934075.0,0.7649530347746678,-0.3165012782051817,0.5362579768546418,0.40314523921242573,-0.6255126477738298,-0.40162131033751436,-0.931254226166627
934076.0,-0.6073945752056642,0.3629631607331154,0.8044971064196618,-0.9963738198500247,-0.3618181808838883,0.6443419011763041,0.7974450946379787
934077.0,-0.3894458421267297,-0.6028933879755691,0.29709706278078474,-0.8767654609696072,-0.37445701677932575,0.9497589325950728,0.6722094057373447
934078.0,-0.8995103383624226,-0.9529428353098597,0.21137148025289143,-0.6218635563428774,0.53253757771815,0.5439438252670352,-0.3383489237890236
934079.0,-0.43617858393910103,0.14059756014083447,0.23447206136376586,0.8358225123784555,-0.6752614204712382,-0.8433322546927611,0.6040684642871763
934080.0,-0.9117614635834359,-0.6939394367899718,-0.37889477583025566,0.636189179676516,-0.9501559277558438,-0.5941944323655428,0.3858170297131711
934081.0,0.29258043440767567,0.4279609735918699,0.060255726368580786,-0.49211141601129627,0.37336144336869515,0.16986544267688952,0.8716973404943886
934082.0,-0.26145327139246066,0.7041665490403843,0.95864323212357,0.12803483456631404,0.3270280693460581,-0.9558665534353101,0.27323377672569893
934083.0,0.3159381763636675,-0.36569588229408123,-0.4582095532606152,-0.7225152144944602,0.8969279905013074,0.5933875758268232,0.7909553750550127
934084.0,0.09888820519079689,-0.542976726781393,-0.68093957545067,-0.9805291929031854,0.2782167070742876,-0.8906067516830938,-0.2842792403286085
934085.0,0.1664643441560958,-0.5467798795593277,0.08732701430096323,-0.8263205865357559,-0.3008302274580983,0.031235316154107018,0.6447913005270844
934086.0,0.8008121244243749,-0.6789654041749071,-0.6796594857883853,0.6320145748188857,0.19362740906639941,-0.706869729003154,-0.9638372004931808
934087.0,-0.5364984470746954,0.7193024605196305,0.2737585681935304,-0.058809691061532776,-0.723477039724169,-0.7607340510231551,0.19098060389455251
934088.0,-0.9693357451776718,0.49292686333964464,-0.6698216943311184,0.6392455589479591,0.07915277532304188,0.9267036964651227,-0.49317657157410943
934089.0,-0.8975361603603189,0.9886276991223046,-0.27646957758274526,0.9842556763378898,-0.5571002264997476,0.41137771158219105,0.7325101111200505
934090.0,-0.08685836473698738,-0.12275524541669669,-0.7048644610344654,0.5344392826378379,0.0704368121066079,0.4977492329779143,0.7381214708990766
934091.0,0.20556253207283515,-0.5695558800148324,-0.8870133144736156,-0.8661696087596553,0.1792702756908089,-0.9353197040356689,0.9519789673509469
934092.0,-0.9468796663899304,0.15836909647934005,0.4655056659396608,-0.9996012290986718,-0.6930457482660479,-0.3479733298484491,0.6647587631322349
934093.0,0.43481247328577166,0.8430633998808783,-0.7264335225387317,0.8204836517696652,0.7681134573584949,0.7575673450439924,0.6077660523486885
934094.0,-0.8951816385186757,0.8264096311522509,0.9531192834683271,-0.7323837984802926,0.08901954130308498,-0.08147498423830579,-0.33124199871216464
934095.0,0.2151380333635513,-0.1019298203392931,-0.12497221571125938,0.7406678842703998,0.18766875665071514,0.619665955819444,0.3659671272211835
934096.0,-0.2513084511765289,0.6075203153877362,0.7274169986541403,0.04022102393216587,-0.19823125828953825,0.8740784363447143,-0.25712525116096896
934097.0,-0.4696885312288772,-0.993034488329803,-0.3760753535564709,-0.7177457857421348,-0.7052779232045852,0.3741483083724606,0.612666622520158
934098.0,-0.40149508977117443,-0.4936108327018427,0.10675644286943342,0.710020062541387,0.2575102603874373,-0.39755567554005666,0.053384249979415266
934099.0,0.6536671405163164,-0.05479494459511902,0.028145312513526255,0.6757896523967277,-0.6635042593377054,-0.4384034769643492,0.6358739622749761
934100.0,-0.6490131421413048,-0.11710192672735653,0.7049692164817898,0.6099131249868115,-0.7977118960696534,0.38821720579679164,-0.8510343482936018
934101.0,-0.9303321089717949,-0.18432223302469675,-0.8081276550776797,0.5642626326891065,-0.1904230375268683,0.6892760086149519,0.4115676208441881
934102.0,-0.9321819386619332,0.4890126619639019,0.5743053673349265,-0.3232818913373432,-0.18396532956309453,-0.2061348315546423,-0.540607393628542
934103.0,0.47057819823085456,0.9785086223541728,-0.7100055397982135,-0.9280631773268639,-0.7505259069641068,0.3110723100808652,0.23844786756905667
934104.0,0.7376161811788271,-0.7232993824303435,0.007907517984307777,0.07163934994767085,-0.8508981594826628,-0.05162759797957239,-0.21388305307032351
934105.0,-0.5492868955337631,0.9946895857919384,-0.5982513893399113,-0.06983290900335737,-0.4150139392517578,-0.5641634450939317,-0.9192249352397779
934106.0,0.8601376484084033,0.2807414166826123,0.29222190780924473,-0.9621135389120536,0.7407196662293811,-0.7785547668061243,-0.749966618190921
934107.0,-0.8982792283384449,-0.3095262990189698,-0.2369516628785977,0.4700710201405467,-0.9392236049192586,0.4447970425794485,-0.2402783154581909
934108.0,0.35305748505859436,-0.2467406120945015,-0.49210016106401633,-0.1331203468562463,0.3586455076014299,0.21643364781175545,0.5985274898485571
934109.0,0.24331970073939035,-0.729172975921452,0.6227569923810237,0.33861698678580376,0.7326550345633513,-0.4084118747399703,0.9372341540240252
934110.0,-0.6074453285254755,-0.04440917003025313,-0.8811028421831977,0.8671513021092645,-0.662104847029797,-0.25984567060016794,-0.10132557460597336
934111.0,0.9586109548556614,-0.9997477564699191,0.22752792179965353,0.36851433508417597,-0.23893494842870955,0.4648474924011523,-0.2911020960245603
934112.0,0.30274172292530466,0.2880296325797709,-0.26370601319214715,-0.6688450385656826,-0.9351727737805959,0.1995679091420388,0.2809450199894803
934113.0,0.17366742425943227,-0.8198706202609385,0.5996688279780431,-0.17018448899453298,-0.6429089443411466,0.8140683364497281,-0.9272275485445305
934114.0,-0.45584571910957195,0.35760060770032287,-0.7441911442208418,0.6459151660648641,0.9269295037632252,-0.6729054286560279,-0.7710227593207524
934115.0,0.7735518484613506,-0.5288248092223242,0.5832110350129107,0.018343235889577425,0.015576523206409565,-0.05132262625946282,0.9930090494855974
934116.0,0.6764623525703037,0.7118015508304554,0.7150275464425617,-0.2054930114849005,0.43704520488758525,0.5652570941844286,-0.521194708303715
934117.0,-0.5649241198674548,-0.42662379180607846,-0.9005125026816563,-0.9002994289870532,-0.3919197444734799,-0.6942395774875365,-0.3518620775656134
934118.0,0.12152785986295123,-0.7662290317607054,0.8941435519863852,-0.26832716279014535,0.740867180609575,-0.8292961501960983,0.9329967718464021
934119.0,-0.4473094690467794,0.835684115095132,0.2685838600630779,0.2393951787121389,-0.12317875095211339,0.9005871367134666,-0.2080609882703699
934120.0,0.2097482736411962,0.602657469009583,-0.9051813530592885,0.3768027030582559,0.8472010644890218,0.8235178290982881,-0.8870427114122901
934121.0,-0.030341580627927023,0.31924911547556145,0.7468323342088892,0.9649224092984074,0.05494022033211121,0.028110003690948515,-0.11143175250236026
934122.0,0.6151235724739805,0.3045883841483572,0.18892854127310676,-0.5725979462462145,-0.46695857774055693,-0.8149157236476137,0.8076081416274721
934123.0,-0.36535861696946514,-0.8041441646291763,0.46384877706944616,-0.5920722103853244,0.18778973970613944,-0.8297180978282555,-0.8832133245060256
934124.0,0.07290330783008181,-0.7953541908429029,0.5696267337848036,0.2405390349742289,-0.3980728445324082,-0.8441148345667373,-0.05981825849065947
934125.0,-0.8832457768683917,-0.6733395295834559,-0.05632802527181413,-0.9293410131807138,0.06746171266398981,-0.9055459460503861,-0.18420147193088066
934126.0,0.20793278085101563,-0.3137077461569122,0.5589551028010173,-0.3752637206744107,-0.7071413331269227,-0.9866656857430487,-0.8043610032005326
934127.0,0.2860568724413022,-0.6354655004987773,0.26016827786506447,-0.5772727368624266,0.8019166070685302,-0.2616282281871418,0.6346363823251913
934128.0,-0.4148244890806909,-0.38665885827693125,-0.3328089284497393,0.9628687042514945,-0.03484905654884729,-0.0886628671765124,0.2981988601489698
934129.0,-0.14243429530495266,-0.055709302169597574,0.824114627437456,-0.0846621917664987,0.9453501791412093,-0.2237052993466797,-0.26532298005612165
934130.0,-0.7027122187758359,0.7078412304792898,-0.6576158931834708,0.9900913680122627,0.04787412753013642,0.30909519021605325,0.9234511278476008
934131.0,0.6043230991835169,0.06927732239877371,-0.16666991343181659,-0.10102989911674953,0.07664204309133793,0.4224446019005892,0.04972998278886909
934132.0,0.8055736617667495,-0.82557756168644,0.5483963876843032,0.31339722823136396,0.449418358860165,-0.7344059126076683,-0.6037069063886644
934133.0,0.5819640882798243,0.08269371058029873,0.4313246662931771,0.34370057703433865,-0.11470160486370173,-0.8753931733390308,-0.4114827074042997
934134.0,0.7115600184552673,-0.7634234197169818,-0.4048331922585431,0.2567101983114837,-0.37766642098897796,-0.9510193991615441,-0.9818578172591832
934135.0,0.9169070470547249,0.8914938050749559,0.983693952957085,-0.16773516716817571,0.5137419817952615,-0.9732849062162829,0.8313143919196531
934136.0,0.33466486758039427,0.9817738847678015,0.21573889720436656,0.36663524684143534,-0.763537778267646,0.6960960660073483,0.5796740829637341
934137.0,0.7696605061225958,-0.9548258237682898,0.9780638909146646,-0.41721817467920275,0.4726916406353765,0.1339711437478459,-0.4986989720883741
934138.0,-0.07638807793131241,-0.951921156348821,-0.5687159186442521,0.45900826774046344,-0.320405907130654,-0.1735072467734986,-0.29996828521592867
934139.0,0.5987684799308515,-0.9517568984334763,0.397480083619127,-0.6592437401140396,0.03176164581755159,-0.30932605479385233,-0.5835166579519389
934140.0,-0.9310766611630528,-0.8553634973250612,0.5550991334522435,0.13391696586249457,0.2810649574559301,-0.04000882043020759,-0.8178936185950774
934141.0,-0.5559528865663199,-0.2531423807793052,-0.3673714720311183,0.9025225825948942,0.5280807995212522,-0.32457993524119777,0.5670464620078695
934142.0,0.35536123493996863,0.11548425977670518,-0.7743305706256356,0.6884512461646946,-0.2050208945425387,0.4667960845557364,0.20520174548239534
934143.0,0.5584690239342629,-0.00013121034795338105,0.40348579905536464,-0.4930527709950916,0.7794666205186551,0.7115426380163388,-0.32618789134779425
934144.0,0.9181007420645302,-0.6890360897248626,0.8415817663896319,-0.3271363058690955,0.07429767933390741,0.9164295143684198,0.5066553445169462
934145.0,0.02203917860049498,-0.9596002406927413,-0.5325221783280611,-0.5744982838336383,0.4072818087789467,0.009204564310441254,-0.24621267433543115
934146.0,0.07846590294596445,0.5396057785732671,-0.6566002997395604,-0.6048660523171572,-0.8519787346543641,0.6613304408936371,0.3173824647961818
934147.0,-0.15812447151610165,-0.47666335898226775,0.6972042546582786,0.33364970640150426,-0.9794797514094691,-0.477622255012637,-0.8589665881155526
934148.0,0.7058711611117348,0.6620940165849574,-0.8898231416647189,0.19473046332755617,0.2721088710174404,0.8658585195124915,-0.20561682887353627
934149.0,-0.06352439633260643,-0.9971540652002682,-0.3567703082440532,0.8708617606999671,-0.8106708047652347,0.901237995010465,-0.9640871076883548
934150.0,0.2874533522410492,0.6627790658723371,-0.11056007037895776,-0.36666122704223536,0.4591960971267288,0.5882003799600637,-0.49909978332039917
934151.0,0.4981529937132927,0.8990247688598589,0.03397937317498734,-0.38640030221084487,-0.21334220569693807,0.48661498972413364,-0.8170169304773689
934152.0,-0.17942536003410825,-0.6912790227235848,-0.7890999701437773,0.7795092698412538,-0.1247001128141978,-0.06868100591007464,0.3579487146199918
934153.0,0.5823511521579023,0.020742686432049018,-0.9055678400639764,-0.2635538680919429,0.517716357617243,-0.437343468492543,0.31213620229559513
934154.0,0.5518455567847174,0.8018594705203432,-0.041147747012942215,-0.3515084252545986,-0.9872764043673925,-0.9749272488166327,-0.6963185455889127
934155.0,-0.3036162041569328,0.5455890915130319,-0.7579914872684941,-0.08159063469268624,-0.46219493805969214,-0.8631540914606357,-0.5163025758227333
934156.0,0.45144828278420834,0.6484226333408867,0.7009314752079325,-0.05017217628697024,0.17506266773424484,-0.5731991705180226,-0.8675220251926101
934157.0,0.8906696242999217,-0.07245020260526625,0.4106608140804151,-0.6133467045980396,0.20868610916735975,0.9101115901990735,0.12816819604015306
934158.0,-0.3073119200764569,0.1241471349140213,-0.643228928039683,0.085698021327411,0.9470243412277097,-0.29078920768915584,-0.40118231979138486
934159.0,-0.9924383261210232,0.5926948300062025,0.7462641679325026,-0.01230573635935217,-0.9453686729841537,0.2426520691883769,0.699682411799222
934160.0,0.6369522593933747,0.17750260852670796,0.9444737133567569,-0.15476959407172264,0.888395368868119,-0.62626267547399,0.9651009779471822
934161.0,0.9718762469853772,0.665790927767139,-0.13160316674463046,-0.744878224933933,0.8563096958682961,0.30777499307416445,-0.9809242926576647
934162.0,0.09334058490945951,0.6062778100443171,-0.23986627179583841,-0.8176148779358845,0.5526793016905238,-0.24320509983168348,0.5305858085368018
934163.0,0.9999456269118239,0.4405701299623199,-0.03523519219088733,-0.24350814079483385,-0.5121229616195764,0.9497060599204017,0.7223866540886006
934164.0,0.39186112347596924,0.06644483225248421,-0.3613691484835446,-0.7600589164599172,-0.9919295731494546,-0.6895497994108641,-0.6062712710063731
934165.0,0.1251794828263142,0.12388401975929342,-0.11588137167443713,0.6978959078226035,0.659646833532695,0.34514231962176667,-0.2663836611386172
934166.0,0.7849026859052715,-0.5960583359211804,0.1512420467922002,0.3022305432681305,0.6347010570673715,-0.044255301211746145,-0.9295812482476189
934167.0,0.4334463511943818,0.12287077629552945,0.1804673696894088,-0.26018103981707563,0.5126867534579946,-0.4818905229735255,-0.08636172739028036
934168.0,-0.4968590010529941,0.7466596744541465,-0.5850162598039037,0.9254459029293205,0.8513415525814227,-0.7163387596647905,-0.9531609567841908
934169.0,0.9769019915570247,0.05257648220644473,-0.8687454453480299,0.3192681288342718,-0.8867843335881533,-0.2505079382985158,0.43411768941687057
934170.0,0.2690179670414081,0.6126017927965681,0.3173170873677684,-0.5575877353547594,-0.997545158071858,-0.7722290441618098,0.6713447630363873
934171.0,0.1323828365055586,-0.5220786329733778,-0.8566658507710398,-0.49517766350497516,0.06454974501121868,0.6001275146758895,0.03962827420563264
934172.0,-0.32118190411352265,0.9256237026174172,0.30385329809833395,0.5483895805288936,0.2484130599936316,0.7863522986666744,-0.31555776219197895
934173.0,-0.7583604219587459,-0.4015254587557049,-0.9561396228672168,0.06509977395434596,-0.40711270363718643,-0.16856161366432953,0.9703258493459739
934174.0,0.5791780673103888,-0.3520894590205139,0.5721062272828374,-0.7881541193726442,0.22405958306842622,0.35497086971788727,-0.12468946004845027
934175.0,-0.5202337677680267,0.15295437630532782,-0.8598684450699512,-0.17569862513881906,0.866711026732423,-0.5763619793937935,-0.9271306636478296
934176.0,-0.2799857831450363,-0.757050756770761,-0.40431680633095524,0.6944197534574055,0.9454980933185251,0.9645596996354908,0.8611784898009798
934177.0,-0.3213695521903619,-0.25455576886456255,-0.8404954897457595,-0.7749654874856631,-0.2734696356120154,0.3246067162395949,-0.722087290376382
934178.0,0.4791781958777135,0.17832205283317548,-0.12767868827629658,0.8753491232053516,-0.010214406370579576,0.02239180373312233,0.7682009068382472
934179.0,-0.5528430434667391,0.3824116754871072,-0.1745282360600824,-0.3756431077497888,0.35388527238129197,-0.5951435845889628,-0.2764045334439209
934180.0,-0.6051074822571862,0.39891125130635285,-0.9278260677763388,-0.0730664817969322,0.8983433003187176,-0.9380390172746922,-0.5255186123201574
934181.0,0.33229914860723464,-0.8919131355820231,-0.5960237427211539,-0.7683260537449172,-0.8736775221937234,-0.08888485397542722,0.12372061723721917
934182.0,0.7768987938928151,-0.14771123397170127,0.9791148733450861,0.06661825911333108,0.09738528869131224,0.39574193187721707,-0.9562947870905394
934183.0,-0.9186430563300978,-0.6892637994424102,-0.16423008704600983,-0.024824105082214443,0.5436331029044317,-0.5021342815293897,0.0017983350242625207
934184.0,0.187908406421059,0.429155742554298,0.9146705529059889,0.1499922596140184,0.3230783555583365,-0.1731619204739261,0.7714356738572754
934185.0,0.5568362669375231,0.1685053194289352,-0.8266614649647597,0.8635718036882734,0.11536059526213793,0.15522003555652208,-0.5695226021078625
934186.0,0.3985837409336457,0.9740680103540147,0.17744308771447237,0.6453787563169304,0.3759084962947341,0.24352458154420153,0.7934133892032436
934187.0,-0.128317065335962,0.32537624718418856,0.5546610854448293,0.4362973387380731,-0.9910367360060182,-0.2812635466019733,0.4154306765088427
934188.0,-0.21896944855482792,0.6977111651629708,0.7354104780639015,0.49350313175401617,-0.7351387995855028,-0.6939637076597909,0.12643686875093718
934189.0,-0.2634730911694547,0.4525052038427386,0.1782439934687461,-0.11594410253361565,0.7171766832248148,-0.8997680759060374,0.044568175407721844
934190.0,-0.6904104283261341,0.6810708660937173,-0.2439144367516255,0.5477769571814346,-0.6883250758144335,-0.5497159150507367,-0.8178703797746509
934191.0,0.032335126920807644,-0.8279556803406964,-0.6860615731906066,-0.9691791655827382,-0.01842030859473187,0.44804748846240705,0.4646980190378489
934192.0,0.6131410890755111,-0.31540792296251974,-0.6131442613748876,0.09849517402488361,-0.9561487270552831,-0.33768061679671857,0.5052313101104335
934193.0,0.7945398129099943,0.22895904026122538,0.15790459942365564,0.7464119300016607,0.23282116361337257,0.9741842734687793,-0.8186691426593482
934194.0,-0.5223659541681502,-0.08051677211809372,0.8968718610249187,0.11563865873027757,-0.1504118629422242,-0.8144883171669364,-0.048404738763779376
934195.0,-0.8298573707336576,-0.0324725119049849,0.4284222834016618,-0.6959054684455375,0.35789481703265147,-0.5729696747393003,-0.8502209125029623
934196.0,-0.41523737055837584,-0.354865196125258,0.8823733316049671,0.32953850687325126,0.15520298873983407,-0.8057338394476654,0.03406927194659981
934197.0,-0.5156168770930125,0.7550695196177173,0.744048307237025,-0.7386043389155998,0.5152486267753977,0.20075909183216512,-0.7273108091172324
934198.0,-0.8211695578929161,-0.5119646552490498,-0.6212515478383562,0.567894239159014,0.2634773173976901,-0.39509348755895335,-0.7623108907223917
934199.0,-0.02475601772926428,-0.20417945060817777,-0.10888084366211337,0.24785917823258408,-0.9738914385814819,-0.8064883059437955,0.15981890930544806
934200.0,0.9250064940000129,0.4580314945190922,-0.4825168849381709,0.8175664706533377,-0.49034077140998455,0.39558715484558227,0.9246851232008715
934201.0,-0.5180841481264902,-0.5419075739625159,0.7062697900845587,0.9487918298840097,0.6744570666340426,0.12730645269130125,-0.6327001362702691
934202.0,0.7216053297211993,-0.8732344456505852,0.1174578501999215,-0.5279994667213077,-0.12617899469228933,-0.9215341556241141,-0.4825282840382845
934203.0,0.8265983668620234,-0.0051071353949376785,-0.6357019998239251,0.5715710443504627,0.47158827479504395,-0.016949030146465427,0.03789258981701904
934204.0,0.5266140700897972,0.26934776891987045,0.8458242927168864,-0.3395900969260315,0.7014490414098682,0.2740920566321223,0.34043390454684586
934205.0,-0.7248344758922154,-0.05296161557771284,0.21326137628030217,0.2658973197878549,-0.08995755492148128,-0.5494237198797698,0.22080687286582013
934206.0,-0.648586613921418,0.9146636778482242,-0.7512876910020869,-0.9990979721461959,-0.8442589663696793,0.9708131805652418,-0.1180092755439206
934207.0,0.09101577863712507,-0.6549589510080756,0.5668501151734233,0.29747066299438285,0.4274655654709245,-0.31698219574909325,-0.20762164680433415
934208.0,-0.46541835066080806,-0.08261479555287421,-0.308344702914521,0.6945251989969428,0.6746518261305772,0.38461202988493803,-0.7680039331167148
934209.0,0.6860657498220433,-0.8057484291998394,0.19718227981249892,0.3100044016120431,0.702883222146381,0.049569712022899726,-0.312952936675144
934210.0,-0.7363858372421188,0.24104970603228626,-0.27994746204257925,0.8547828095588434,-0.17733145409826778,-0.8915263194015592,-0.3073980407799255
934211.0,-0.6390602512749284,0.8384791010360815,-0.7481419179330195,-0.03469389357016994,0.7576970457685543,-0.029001871699193105,0.11288194090819337
934212.0,0.09502094651196824,0.7849765254817875,0.6777337089124695,-0.3094726906652363,-0.01577346223706444,0.08291545414005164,-0.7418146383339748
934213.0,-0.0018470912922845528,0.33450545753397143,0.8452181293668668,0.4593700205044371,0.8559909180901273,-0.230590866589248,0.6892826278151221
934214.0,0.6683977369351195,-0.1041111855664636,-0.17726962682483993,0.31551985312974806,0.8958926984804401,0.8171809838480848,-0.742155508596924
934215.0,-0.3938637335448669,-0.07610951796321097,0.27313199343043526,0.31247317346795533,0.8103267170714394,0.9260651379223663,0.7690203400224889
934216.0,-0.6807373998177035,-0.06746539104241878,0.469245562307818,-0.16903690487643797,-0.4806300646880679,0.37960914454462613,0.8912001066899544
934217.0,-0.1448287295463988,0.7216507448265692,0.24317988449368566,-0.6821335480724826,-0.49966665889882456,-0.1927716169886713,-0.11901874767681475
934218.0,0.9637758335426911,-0.09359527010820856,-0.7637528602749182,-0.11449887884443721,-0.8040947903517954,0.756288546725683,-0.41390013633079636
934219.0,-0.029707052161022318,0.6127684089017091,0.22970141947477574,0.7129101054343518,-0.16498000777071598,0.0048943968811066,-0.805096185511391
934220.0,-0.11715279323842931,0.21928849947265938,0.9040720373964537,-0.9269609768477014,-0.9727052862445333,-0.05398855480914477,-0.1802411708482461
934221.0,0.7917961696149725,-0.7863706083409612,-0.6562879891492892,0.5639917202495617,0.6720506106159341,-0.5168611016803526,0.19774589205693505
934222.0,-0.3961518195511251,0.8385608083341249,-0.5031767647347338,-0.6383997312169167,0.9207571415436664,-0.43818906489663045,-0.8633322757562027
934223.0,-0.7079479469219645,0.13470530436013517,-0.037954475984489644,0.8174795290323205,-0.9734371526466101,0.73284833001775,0.9438415670596749
934224.0,-0.9763801193503645,0.129839364879611,-0.11544171373225631,-0.34811609717848535,-0.5001933215853429,-0.372001776471625,-0.6255529659085775
934225.0,0.19621425786495594,-0.011235264797854416,-0.5976147427722165,-0.359918315924173,-0.807131476511447,0.2132450832347228,-0.7908359356874417
934226.0,0.3076418112809185,0.6302120187043385,0.15072259351578432,0.031900787300939815,0.43505225191326113,0.14986468031810252,-0.10001572843701823
934227.0,0.25944696374759824,0.5566313544706938,0.753101739449088,0.7103408247579197,0.47134307844915324,0.20193923129424074,-0.15946340524252012
934228.0,-0.040638591881272834,-0.2514037955516315,0.35590158435665065,0.7237646956961925,0.6509565449126964,0.7740555395100035,0.33360626208687605
934229.0,-0.3091723044528707,-0.18279383052384302,-0.806501615231439,0.06456671899261868,0.10481968230454997,-0.5213278369726213,-0.9884745146300717
934230.0,-0.6643553209253628,-0.047992757652519424,-0.593578719320242,-0.4455786359793763,0.44425452520165787,0.6746102690467413,0.7224557309541315
934231.0,0.3649527874473215,-0.890369484996979,-0.9661279525973279,-0.9162411623101119,0.4900796922728312,-0.30783037199896857,0.32679357936578723
934232.0,-0.06554760693125572,0.25823888893744873,-0.9548609742850644,0.5946249111684505,-0.01104411114057302,0.635297051975569,0.24224883203810266
934233.0,0.06717440152043652,-0.11749083165475027,0.0384357303148537,0.31862767189096153,0.2751388741505585,0.5751935696817312,0.44014978518749537
934234.0,-0.5035422371858909,0.8150370287602176,-0.43183246530305164,0.7769453161524924,0.4278217418652923,-0.3295489220473986,-0.15646872296375203
934235.0,-0.2775258243915504,0.6763054974414611,-0.9907866429237193,0.06304199830117274,-0.1799326190032957,0.8093014251752999,0.16413494321026034
934236.0,-0.9923093504100287,-0.07699054738666233,0.08619073362125729,0.29483252619667266,-0.2347915731846455,0.4160066980942274,0.027799254375504345
934237.0,0.5253359528595498,0.2574072243408201,-0.5679403287355846,0.38647578666733984,-0.38464097282765586,0.23891219113766038,-0.6104102116686578
934238.0,-0.26892491108537975,0.30345435638034,0.5677315869852027,0.950485104093332,-0.9571167710572415,0.912820830546933,0.8093144083324564
934239.0,0.7265992587831855,0.6616724333793926,-0.9922152063767522,0.13538868735104592,0.9823840167509867,-0.21017606402377953,-0.891168708878114
934240.0,-0.3078960319172619,-0.28393760633138676,-0.5471137406937716,0.112826897111312,-0.4060771858758263,0.2735983745858348,0.14322010230205606
934241.0,0.3839603210118556,-0.21346811809727684,0.012942669564409481,0.0758944666697412,-0.9247264628068301,-0.3072086447581386,-0.6440717687176913
934242.0,-0.11123952995764341,-0.1366631671292784,-0.05352077545256195,0.8400374478311823,-0.5549881049375118,0.7622074317436387,-0.3067184004020638
934243.0,-0.0436153431851134,-0.12359870689018204,0.3651335245159397,-0.004928970088898144,-0.2638543224904082,-0.1305295369290258,0.7300659813638555
934244.0,0.2593587236584942,0.7753810479754146,-0.773854990155036,0.38776212373455166,0.6421123273683012,-0.08736264483358669,0.08750713187026782
934245.0,0.70150925865361,-0.31535472855532953,-0.3754679471680631,0.6768240732501354,-0.9578865776000527,0.03896369966919444,0.22469139496893686
934246.0,-0.9476962793880788,0.05783560517169972,0.6343563339442073,-0.6231664288718353,0.10836919677586909,-0.6377479561799271,-0.4721406908040715
934247.0,-0.6958959465193735,-0.6426375556894066,0.31775801872495135,-0.3482793825115946,0.35858544966899686,0.5824867683137713,-0.7327750156646262
934248.0,0.6176271115089473,0.23632348049576524,-0.8859598537807158,0.9051666299963965,-0.30660879891173387,-0.6556071954329026,0.558780136546891
934249.0,-0.49338932307823957,0.30151456683814315,0.5245500587314555,-0.30346868909766567,-0.9807270037652343,-0.7037581638207531,-0.9316844222768053
934250.0,0.9120795684121061,-0.7604764656188014,-0.6677697793663655,-0.21712127008528426,0.3034218040413881,-0.5339116263652706,0.7358386101710237
934251.0,0.29145621208059147,0.3987347820741447,-0.3048777165590124,0.5334844141131458,0.33505228789581776,0.6417890998581852,0.23839316991088788
934252.0,0.8850593396152635,0.6550830692912764,-0.21916010824579768,0.7132837596923727,-0.7554431724647153,-0.860200552174043,0.004171799895227313
934253.0,0.029462801836567465,-0.9282084472418302,0.5240945222871964,0.16949708257390061,0.7990967547133845,-0.17373204291618927,-0.5732883679362866
934254.0,-0.7108045821609366,-0.5227596198596101,-0.18821001983985974,-0.6353132251060589,0.8649352340326035,-0.3935369543280365,0.42282385835563874
934255.0,-0.36214894432593137,0.37751773927906607,-0.27532500050597153,-0.03077916751427634,0.818572204769932,0.9067251400059209,-0.033727178465290164
934256.0,0.7839908860983795,0.7198150857813346,-0.573491269414073,-0.8366177970885789,0.7791202843717759,0.07461086573943065,0.16934261555454144
934257.0,0.7919987061043263,0.5669391091879812,-0.8935934646516088,-0.7967335712648107,-0.3476292087031554,-0.6202456373212615,-0.3338536007623705
934258.0,0.1645150513683855,-0.08914139007589772,0.47667312761686564,0.5957786165595962,-0.9004646742588387,-0.8638523117735273,0.3482454833487101
934259.0,0.5339510281080584,0.5147458907757732,-0.8551996485242592,0.7146127337176635,-0.7132389690636314,0.6839227823806255,0.07045169211964253
934260.0,-0.13413525645218072,-0.024125585781298087,0.28825244257971416,-0.6707116812175085,0.04719482955521981,0.7442044361490783,0.752826793809267
934261.0,0.25763393897592923,0.4692446814152784,-0.10165288769666447,0.6843735353890887,-0.4507129654951503,0.8296506503147274,0.23454384343460744
934262.0,-0.3538715739773659,0.024083167046637044,-0.7343835645190717,-0.702800611466168,0.7060173687233398,-0.3963403895286832,0.6217806345243493
934263.0,0.593640098279897,-0.7817418061008345,-0.08356840906760299,0.43015112230929353,-0.97089389440928,0.8501509263831657,0.45834302910861213
934264.0,-0.9177579487437104,-0.8030304764247245,0.5965177409090718,0.7726941045262081,-0.8458227916572596,0.39835398630699825,0.15750310059916317
934265.0,0.0759039112575024,0.21811775026126323,-0.5979346853972773,-0.4713095507168912,0.2716875753379402,0.30813824211389473,-0.03945249320389399
934266.0,-0.2705012346331199,-0.1615691234766925,-0.6978287037903628,-0.2846983352716954,-0.2934274330539077,0.2783023424618749,-0.9327504145535692
934267.0,-0.31467113891674847,-0.6405162176286052,-0.987441518075401,0.14613017330504796,0.6855690399793912,-0.7300468605604098,0.4296341942508919
934268.0,-0.5320535986948292,-0.27650824038725985,0.6223694419864405,-0.6431053264925559,-0.31962614998183336,-0.07701350795782602,0.42964060954808847
934269.0,-0.35533363676773,-0.2932001475059478,-0.24296886802185824,0.5109049823466916,0.2657800101945309,-0.9310696752955754,0.8571687139419384
934270.0,0.7796882181220104,-0.9383858855769096,0.5589661713150984,-0.9812984640480904,0.7841269981990764,0.4066659900846843,0.9941679451996717
934271.0,-0.11218463390938416,0.14867894512517732,0.011984567524358392,-0.010576763200560446,0.9787114651751887,0.8050033917878276,0.08913113368687986
934272.0,-0.07487918355722911,0.07495940729218242,0.42096708303110564,0.30067611853749465,-0.919698373737893,0.77102007761219,-0.9586087251663014
934273.0,-0.39141957697232965,-0.909878263016493,0.4595985969970737,0.13405469250737867,-0.6441992355190911,-0.8101399213741711,0.45744812535119816
934274.0,0.732716798177028,-0.9581731690035498,0.5820778795548871,-0.2779752721746882,-0.9942146047652602,0.8420189198220693,0.9057287772423475
934275.0,0.714338468747066,-0.4024892016076609,-0.7542431136888224,-0.3681954084480692,-0.5445828673205944,0.2950923161794301,-0.9147402643689913
934276.0,-0.8313571814356608,-0.9843316085916081,-0.37998411107175367,-0.3736966914311799,-0.7760645929112717,-0.1846633991793185,0.6459964261725253
934277.0,-0.022721242206563907,-0.6375520933847756,-0.6189367328791986,-0.37908976529135896,-0.9572581250710939,0.5006127145282151,0.7763950727454476
934278.0,0.8869914366438811,0.12000234041016,-0.02424961948297133,-0.410625985415765,-0.5333066398054964,0.021188536224589827,0.286657943320352
934279.0,-0.010504589118794927,-0.6681358907591786,-0.605049235133452,-0.7205424790096842,0.9759302123335338,-0.6149439969824078,0.9478193201975311
934280.0,-0.2402731145670105,-0.5572741805976336,-0.9004758717731625,0.12310049117218869,-0.13529329474284668,-0.6087906643447196,0.47945428556397407
934281.0,0.027877765238951246,-0.6820714415452942,0.5902639359497894,0.6137080214850088,0.7366921374147428,0.5682534578353604,0.850618527325709
934282.0,-0.4046696952837223,-0.39104786229357846,0.7777699331892507,-0.2615972941255682,0.24432626999831664,-0.6370758283881237,0.9641216937873702
934283.0,0.6311681098228641,-0.864045180189335,0.3098091519649979,0.07514066176956025,-0.318587002201397,0.6187618682035008,-0.12430102665666531
934284.0,0.5145538591203367,0.27804101874066767,0.4349067164661451,0.1123184325053237,-0.5098761408531658,-0.09540822296145102,0.3017227543802463
934285.0,-0.8285206811888794,0.7274466707043727,0.12347441223196842,-0.0927783039813479,-0.7912123932878332,0.7326652255676995,0.5960195367667764
934286.0,0.3322681357837767,-0.005198794865951761,0.17378960255223053,-0.4906818736297096,0.09151906372556606,0.6970928758680088,-0.49672351224043276
934287.0,0.20849783050517035,-0.8740036610721398,0.7894429327388592,-0.006206357352672276,0.5245575044765296,-0.5055915773256547,-0.31361087318876235
934288.0,0.017710728628505867,-0.9136603979346565,0.19508296753837873,-0.5961198844774125,0.6162674836409952,0.5087459889511332,-0.7360198795795689
934289.0,-0.40358335650416644,-0.21972358552679117,0.8454189801989687,0.05030752319552567,-0.9909911078207674,-0.8824459200490806,0.2155871730223038
934290.0,-0.6454850849466305,0.12715971217402955,0.7696134743606615,0.3206582413288883,0.9933189742295636,0.22286302620659915,0.9722617295940192
934291.0,0.6262072348285816,0.8820124573796395,0.5372235356943147,-0.6091578821959405,-0.9641025814330197,-0.06733536867006351,-0.7543726845885075
934292.0,-0.36122345921661747,-0.15996318066896142,0.25116346667395373,-0.1021749308969011,0.29785159838333186,0.6687021625502767,0.6581220825166252
934293.0,0.558078807558881,0.4056602823412434,-0.14374087797515167,0.07427155907822325,-0.1903142098938262,-0.7805475211086115,-0.33068866253754226
934294.0,-0.9042694521057759,-0.9854593892946311,0.19454384438215921,0.4742290811714429,0.8300678640769525,-0.3047889005900466,0.9702410794050751
934295.0,-0.615449421575496,0.4412838779845498,0.03818414858422381,0.0913114728497686,0.5785170067643424,0.5745518079766798,0.42958546317067303
934296.0,0.7044924316670735,-0.07431672129063638,0.22783190604864045,0.7581779716136752,-0.8853055485868837,0.24883993586321873,-0.055359277635284254
934297.0,-0.5299799595449874,0.36620249693218687,0.19135563599274596,-0.4549551258835569,-0.5899026727096441,0.6299043425181905,0.7669309892093936
934298.0,0.7689480254799721,0.21227495999185764,0.3938458066651098,0.8238149834618169,0.2855336877909227,-0.6958664274276161,0.9352248083480379
934299.0,-0.2704697464833248,0.2807863319801689,0.4624597881764456,0.19580126093243155,-0.009151965680846752,-0.002837584292308959,-0.6192548201779433
934300.0,-0.8014804484357194,-0.007354368686468327,0.5079876581837297,-0.5825377171588002,0.08624529834985717,0.09067519631094356,0.3147939043855579
934301.0,0.9632025458336344,-0.17069504668370739,0.452190200720505,0.46845343831603237,-0.48275084033004356,-0.017643957142507993,0.8723942484383105
934302.0,0.43121387802216726,-0.25253370915147855,-0.4375151975735856,-0.27024746128554655,0.2838073688913083,0.3431733103967649,0.6150040395153349
934303.0,0.801319014454315,-0.915928394578742,0.20592448719920364,-0.021130662034644976,-0.3894055807105343,-0.2860534399518613,-0.4319025605921616
934304.0,-0.24728409417118713,0.23828913932393037,0.5906323383876229,0.6254955008037162,0.2958369905086182,-0.8323886480845624,0.24781098853018868
934305.0,-0.8018602226344813,0.29814173418269907,-0.10888645998777258,-0.02639761846438593,-0.7535130834138004,0.03612982896651418,-0.849794768168082
934306.0,-0.21761649720474208,0.9877915994948843,0.1983577248094155,-0.20001402209655672,-0.96822625333489,0.7107347773201316,-0.3581198427931691
934307.0,0.4980054062874453,-0.539270192363974,0.030636230578885204,0.8819236940536401,0.8968920131569136,-0.7939178102904594,0.1284653478994544
934308.0,0.6033038575764769,-0.7500008424694538,-0.586075768673693,-0.9513866924022023,-0.1452390829372392,0.6158329382421037,0.24590947314806866
934309.0,0.11300901735518343,-0.48017602546976224,0.7216033777099533,0.8916398673533354,0.765475472406753,0.3952785900636784,0.40592185124273517
934310.0,0.40855435015523445,-0.8369689225375716,-0.45315852427555514,-0.5430376434217197,-0.7777500123208456,0.08764057058098773,-0.02576707259448341
934311.0,0.7970540484858148,0.6041529108338644,-0.5127060303577256,0.44796759851974666,0.6316872425678515,0.04133129900881527,0.6329100182513034
934312.0,-0.30711899041553314,0.36310365894554186,0.9516340241872707,0.9664231815057742,-0.821511046393858,0.8475618382345989,-0.6674649174080367
934313.0,0.1266136283897643,0.6058107588575088,0.13627903803560115,0.09783195953739332,0.5871579772306077,0.4631065674235182,0.7854021898077939
934314.0,-0.14026796968428812,0.8225994433437473,-0.7320180789530952,0.21467536626598194,0.127247586248614,0.5362866860181841,0.9059371619161605
934315.0,0.23790525037105748,0.26585497068135955,-0.2772672478583078,0.3966448375350564,0.5948145347102811,0.2124143438043269,0.4973704570242523
934316.0,0.01288013908125163,0.0927248851187421,-0.012852861770268564,-0.4177151164343753,-0.01569972555760968,-0.46537119269195326,-0.46070129843698404
934317.0,0.6908514075716004,0.7685873041359561,-0.5343118068930472,-0.771313044195211,-0.12500053490463237,0.2010270478895233,-0.3661221088255957
934318.0,-0.31397062675367526,0.664341997049219,0.3071972550318729,-0.5546308038420642,-0.7153839652977543,0.42034133160373166,0.596887630440738
934319.0,-0.8712598770635498,-0.4876821437128227,0.4643196931061153,-0.44501092660023844,0.6324181348091238,-0.7677924564438903,0.33478590678452513
934320.0,-0.6590298366196772,0.1265375989748685,0.18243759665432036,-0.8384687811418421,0.45601464584547635,-0.5130687788491419,-0.8916081700936438
934321.0,0.6140779531718108,-0.13203374273104052,0.13309306189837944,-0.6547312060983597,-0.049619449919040326,0.4083705817683325,-0.7801114282273238
934322.0,-0.9319097018992382,-0.029502760064674893,0.9260953863543286,-0.47146535176853765,-0.029188951666454743,0.2774442326031934,-0.9724553639749667
934323.0,0.6121496125165016,0.1840607863144621,0.7851836022731047,0.6905350497920701,-0.21312491430085911,0.3900143863886747,-0.20709349747262307
934324.0,0.9922176487157321,-0.6132734163632956,-0.2136145543779968,-0.39974086901806327,-0.5567423995719862,-0.9274326912789594,-0.9606512452825118
934325.0,0.7486668582483393,-0.62608554911932,0.9642652642698404,0.3155418318846548,-0.17363521789470937,-0.31545002561820557,-0.6325697347872479
934326.0,-0.39173860244475844,-0.4912118638852714,0.4311720012266804,0.6535601056317548,-0.3408300660392216,-0.6823313310180683,0.5900592851595423
934327.0,-0.5886875765907948,0.2527603234448963,0.27452945362556,-0.8916883811141842,-0.907370842620129,0.8223536843831754,-0.4818860475834448
934328.0,0.07731825607337672,0.5222573341030099,0.17156206674260344,-0.05074507372533166,0.7109181219495859,-0.5779932587258714,-0.5324441501038653
934329.0,-0.42750611129988103,-0.6799176310643016,-0.8059933739019767,-0.9867366102622435,0.044047992865867025,0.9953311174609625,0.3455879006869753
934330.0,-0.2961518256905886,-0.6182835250314707,-0.009074688965125421,-0.17123565265374796,0.6992233236014147,-0.4948898358763105,-0.6934912315520232
934331.0,-0.2896171875846396,0.794769667297575,0.444959999609577,-0.8938932808079558,0.07775919195146286,0.7616187940230088,-0.7962052787785989
934332.0,-0.6424215112665606,-0.757851297511728,-0.7037467786172893,0.7725979287363356,-0.8723133728961716,0.9344900084532919,-0.9744839718639999
934333.0,0.20181856174506696,0.8613458028206193,0.441791759846337,-0.6999651252272028,0.8233771097676774,-0.784188124359362,0.18810610349196577
934334.0,0.34989416729910006,0.3493188441002506,0.05367869769586475,-0.15094841918057766,-0.7491888351411315,-0.8255852393591627,-0.3054363429805067
934335.0,-0.08706401027681299,0.2636353851359543,0.7077049973746741,0.9713143151751966,0.8653091352154612,0.2308851412731654,-0.4087019485975918
934336.0,-0.41330535409508995,-0.4712289984081577,-0.938507681110905,0.5988452065872254,-0.16409463657321988,-0.7388530131479538,0.41312130975965533
934337.0,-0.3510563086052654,0.9021455354669226,0.22813852902972132,-0.5574238459939356,-0.49760753883518305,-0.08293813452121745,-0.2979627193511436
934338.0,-0.4994873241955833,0.49174127722605787,0.6916657364800007,0.7010265491268106,0.13649917893225405,-0.6206684071025561,-0.17033976070078216
934339.0,-0.4498390087555957,-0.33073271693050765,0.5095259236053551,-0.5602401768420298,-0.15195974227658793,-0.395348467896409,-0.8456218935000146
934340.0,0.7879745887179344,-0.39181987951111785,-0.8507129407876879,0.941027955886302,-0.11328700895626831,0.47792124023412064,-0.8613421076682712
934341.0,-0.08155151077631295,-0.816970728438092,0.2237493016515042,-0.40630730257704584,-0.5788609425316613,-0.3009375149433833,0.8413125195230575
934342.0,0.3195956879265327,0.5514188627429959,0.03271835023016334,0.467591868405707,0.9433497445951298,0.5462575632960596,0.9215948171506301
934343.0,-0.9052206262659481,-0.06357619948855131,0.6855054837172789,0.20456090328600363,-0.11181360885287317,0.6238688214309462,-0.8263353168140282
934344.0,-0.08052616676021596,-0.07236990883197714,0.3861439122441592,0.13181065491431343,0.8441648462868983,-0.7293952159352366,-0.6647852308292364
934345.0,-0.45799068103421026,-0.422081742676244,0.6155246603552713,0.2661761196904886,0.4440198567103326,0.47697247291667866,0.2966465945494514
934346.0,0.697767140611691,-0.19639789161630405,-0.30087008183059516,-0.9088119219100568,0.023025679236142516,0.06261066350441546,-0.9813067700572233
934347.0,-0.339731015435794,0.9826372529731289,0.9692849388352389,-0.7407740790091497,-0.2941197593142453,-0.5971413295804802,0.31748336944913325
934348.0,0.8743596231402011,0.9468443124694945,0.01659251841393594,0.5819049857982053,-0.8226780293295637,0.34731520472578437,0.5006063761640531
934349.0,0.1490344803857282,-0.8895496200366069,0.39254804553197364,0.8926323651227905,-0.4056630441400677,-0.9006816636190991,0.643052456341906
934350.0,-0.29948659331196104,-0.7691500894507364,-0.47017182082059694,-0.8956768594087456,0.31693746952165247,0.31183771849127684,0.6737236301761338
934351.0,0.6592612599122654,0.49315356735787175,-0.1249581679581151,-0.24802748877137448,-0.4372904361582972,0.6953651324117254,0.8679013901594412
934352.0,-0.6657966091855425,-0.04315653120113705,0.6658904631302787,0.610910247165628,0.44265867531811165,-0.9878817551350723,-0.6753269927576147
934353.0,-0.6170899029129635,-0.21447533722821044,-0.7077416335207769,0.6093793028993966,0.6615729744828656,-0.7544316267674067,0.7618403870359645
934354.0,0.6726439190599032,-0.2708422988127337,0.06198322048170701,-0.06532436558046362,-0.47777614115809586,0.5437784485277901,0.1221463997430996
934355.0,-0.725903662170289,0.5764140455408624,-0.2945714147879692,-0.5927560945546659,-0.6427740612162911,0.4522768423442123,0.03090219453823062
934356.0,-0.23944231906483893,-0.2041892188031158,0.5192030692599752,-0.3538491919422486,-0.682831261758784,0.6143140613263296,-0.8722590523843579
934357.0,-0.25064542969675885,0.11451861476908332,-0.5403345763952268,0.21893936027496386,-0.695163296851439,0.55607925320068,0.4200802467346234
934358.0,0.8721658322700048,-0.15680340893472366,0.26191303549288825,-0.3945536738591644,-0.5412140295663181,0.37985306922352957,0.0340109805789468
934359.0,-0.7399803188211338,0.3876835350253034,-0.3223973780916103,-0.8061414439792651,0.4712796316536285,-0.39619338198196163,-0.7740752702073521
934360.0,-0.4769924652534874,-0.46026661819120607,0.010728490352586162,0.4449792576126952,-0.6752202049285134,0.15357020012532918,0.585280458553884
934361.0,0.887208294946408,-0.1867052023356368,0.9492308030192083,0.05202874759421228,0.552806285262522,0.4543372019095169,0.07231784517638484
934362.0,-0.5255651572409843,-0.02333385652385367,-0.11039548324228532,0.6622429509900245,0.5014271904694925,0.8978607122793107,0.5220858233117069
934363.0,-0.8675615747294523,0.7686276607248785,-0.6532487091407742,-0.6659441951166645,-0.4238251888964095,-0.9847615818518216,0.07353719246106216
934364.0,-0.66156339874481,0.8281751882807882,0.4936874207505091,-0.47289729189275964,0.15487887149989898,-0.9253654544626673,0.8531435465392716
934365.0,-0.4321721213360834,0.19442963067185692,-0.6070670867285066,0.16124728769069674,0.9492323500288422,-0.6022132147636345,0.21272739421197406
934366.0,0.9656591620680968,0.2653927796449149,-0.3055107890629696,-0.16554927546754694,0.37643708119194996,0.31490829384012975,0.4529689571776654
934367.0,-0.645725116894623,0.870193665524819,-0.7419896384779971,0.3950664368428698,-0.2321977796503052,0.9637546069385143,0.2026011751355561
934368.0,-0.05590436602146687,0.7299908509140709,-0.5022031529033502,-0.35986145033921635,0.39837488523723663,0.3659421672468455,-0.873961803556305
934369.0,-0.13625908211033821,-0.13353653833198065,0.561972170897552,0.8006915248578843,-0.35056156933226257,0.6915951037891757,0.9497335883356448
934370.0,-0.22514423511346693,-0.946514036716581,-0.8405996580353756,0.36083313933127115,-0.13718629657221215,0.17142170251422084,0.4623162578595845
934371.0,-0.6736817267267423,0.7391910832050872,-0.6716408137198344,0.7040300121780327,-0.5649914971827339,0.9212610985592184,-0.8828274455753937
934372.0,0.04940615722980435,-0.6046813845229324,-0.20840880875158008,-0.6452345217648903,0.7921604057593516,-0.3015628044719745,0.8015864997239148
934373.0,-0.44188900755491245,0.41549478854241095,0.5759112369658488,0.8189275823833375,0.7947981165492102,0.5522125136824245,0.21723938547429733
934374.0,0.14189339700320147,-0.7631655536915851,-0.897772437925592,-0.1939283144279853,0.4962314214486019,0.23955289181045258,0.9194190752209799
934375.0,0.6607755547203384,-0.34869838548122334,-0.5706825527207962,0.038635750137369085,-0.45246844253479046,-0.8645856493421158,-0.06562807863155729
934376.0,-0.5322185327653053,-0.299225879625463,0.11988935266140355,0.8762168008602651,0.6113848431351081,0.2356348902407881,0.030023237106268974
934377.0,0.4060003242938979,-0.2235755042556884,0.9594557680221754,-0.6396331050719317,-0.8424042400435667,0.9620715880930053,-0.408510686048686
934378.0,-0.9986852401137023,0.4432273317582349,-0.1979717777183987,-0.13119991373176143,-0.9768148596523942,-0.6464886035450241,0.394444237926004
934379.0,-0.09740399922566723,-0.8075670537801232,0.8369771386565004,0.21194827374840353,-0.37171999863959027,0.5588360834985004,-0.35278182701911565
934380.0,-0.0849492503190723,0.6397656562088532,0.6975073989138054,-0.2824261528023433,-0.9114421047799255,0.7196818704844166,-0.9976638640476048
934381.0,0.7053921142554573,-0.14515228035893557,0.885806707397949,0.2659602314549723,-0.9998814690864992,-0.992213797619302,-0.6251785162700696
934382.0,0.8140120523068539,0.829268816555401,-0.7592968447345758,-0.67852747081307,0.34141396513717437,0.0025574598479625177,-0.8494483130246526
934383.0,0.6968565462433685,-0.40181152637705697,-0.4729685737457816,-0.32818928420015614,-0.9806071954043389,0.7292434545292619,0.5259550833582782
934384.0,-0.6789572441567437,0.9528309704505835,-0.2477695121432011,-0.4332285466109256,-0.9103878209100413,-0.20357781063348002,-0.6698579249662593
934385.0,-0.9651165878980381,0.003550396462196126,-0.02929528059745201,0.7122638127648449,0.4764778074160114,-0.8038785381650064,0.8647947331386838
934386.0,-0.9700092047526903,0.9232892047844601,0.05103187687051003,-0.6433300676975009,0.425512101158781,-0.7825594048077948,0.5495492493819298
934387.0,0.565395695743359,-0.3884709473660011,-0.9269292286049644,0.6150828130727402,0.46832676595142964,-0.8513836079588677,-0.9515050870236308
934388.0,0.18575892090737,0.5971716042709403,-0.33283895480281034,0.7556998792669427,-0.7617517446977475,0.9411599319388151,0.31693994272074
934389.0,-0.13130439442133035,0.18808070355091888,-0.4924241060554242,-0.4557482918728917,0.9427188983280577,0.12478276285624301,-0.1485255723372687
934390.0,0.3823428187419218,0.46435506023298045,0.059368155496528185,-0.0641746624670223,-0.09027723139241739,-0.6156748393812541,0.014505272980598782
934391.0,0.6454802169054361,-0.8102464095594759,-0.8597586740432908,0.3008832822220182,0.20661049553975364,0.4326797534691571,0.4480050536175615
934392.0,0.36358776156989947,-0.6474099382759151,-0.6212704682058745,-0.48983635588632346,-0.11648538688053978,-0.709188161504662,0.1703293543356692
934393.0,-0.9408549880876234,-0.7699345526522721,-0.060112722775373495,-0.36357354194004365,-0.4305227780040455,-0.7536452315458047,0.5097806374963274
934394.0,-0.14356052222061355,-0.4879110891919085,0.24178117917888686,-0.07340182460185996,-0.9699628878750419,0.41391316193106964,0.45113643562852035
934395.0,0.7858839824271591,-0.005439074513615028,-0.3213196075539877,0.9966033805794943,-0.0670920830268773,-0.9835780618113807,0.6924260143788596
934396.0,-0.5166658997850591,0.46345904245209923,0.9731375220979133,0.9629813633725484,-0.46280350790417923,-0.744090775348591,0.5940489395459385
934397.0,-0.5882376930178912,-0.13856646095412994,-0.8614385057480991,0.04673939597416377,-0.8374307414875941,0.024459745932315036,0.11016810586841741
934398.0,-0.5997463683639452,0.17685669280656224,0.9210702880424078,0.20917464086567272,-0.24589377600632734,-0.2959736636061092,0.7065568691777191
934399.0,-0.6600390984808984,0.2860310249833402,0.9948222089519163,0.1385920102205065,-0.7278559180889166,0.43919821370387324,-0.7420639664052502
934400.0,-0.13081486836218348,0.7924026444460828,0.4191655586069234,-0.614261264528309,-0.24286912523964932,0.778449549798865,-0.9544491973846931
934401.0,-0.2316724038993514,-0.8923697032689992,-0.5455158896328083,-0.07880764998649359,0.7083142792568988,-0.6776680732340037,0.23207045365848478
934402.0,0.9648364956569613,-0.47310376100471196,-0.8503017092952458,-0.6790456156080078,-0.8450364776397299,0.14022857404902167,0.024836630619887945
934403.0,-0.6385468190516019,-0.14861298484774887,0.7991844034151887,0.5495585384733417,-0.9772024719366688,0.3969762913251511,-0.05723767410482661
934404.0,-0.6623719150713367,-0.3774431111808385,-0.1584486967691463,0.4995954999787502,-0.6916902630478428,0.5387648369195157,0.5238241416893057
934405.0,-0.3746442888303523,0.5007119252562586,-0.2621464003271119,-0.4169564234571579,-0.4868101540261074,0.45888002916227943,0.6022306563574948
934406.0,-0.4020254735576627,0.9786354760020752,0.7019030244675819,-0.8473353786170557,-0.6126879613565599,-0.8946052583596622,0.4056789865398722
934407.0,0.8282510195713089,0.5704256682624758,0.7031651983967875,-0.6042902320808787,0.19613523372743513,-0.33190253767441025,-0.24944846209989713
934408.0,-0.5301239053322193,-0.5117115306083868,-0.8888234220174249,-0.5318711332867203,0.9133561032564483,0.961842620203641,0.1116893370667118
934409.0,0.5609959571343608,0.5485719969602565,-0.2537418118173762,-0.06858914032725139,-0.46605677537454326,-0.555847255860856,-0.755707012496055
934410.0,0.7972022237385104,0.772523033181655,-0.09737474138212043,-0.011605285226376383,-0.36062307520097914,0.7849349787787594,-0.17875589170142003
934411.0,0.460999078580681,0.85594576896179,0.31496933913417235,-0.8028164317782687,-0.0013703234125790331,-0.606155774667338,0.7711381702595863
934412.0,-0.41452452497544945,0.9327923194049661,-0.8762376093710711,-0.6771800644239432,0.48266807073105955,-0.5052589982263667,-0.13249050447662292
934413.0,0.3390678081520919,0.5476542385856553,0.32231626283324166,-0.8768479685396009,-0.4618568652517283,0.05770508050950163,-0.9715178788953391
934414.0,0.6998383834594843,0.6703966354387667,0.7042083949323765,0.6870260973116329,-0.6079308268331369,-0.6677982652274035,0.07897339948423099
934415.0,0.305071789566042,0.7703466237236951,-0.049789695024459846,-0.7708182842416367,-0.14755970355298742,0.9673512820805759,-0.543565060893354
934416.0,0.1771529476838709,0.33833455693390224,-0.4152864788527302,0.05023225972507994,-0.6681986905061537,0.169855519702103,0.19839313227883837
934417.0,-0.6729481578478271,0.45051037972918007,-0.7187755555200361,-0.5392813207011353,0.14051289403239164,0.4794057782278831,0.7085526506047419
934418.0,0.8847703585449203,0.33800949102304645,-0.33855534269195187,0.9186372611133138,0.20105823635179432,-0.04471394350738689,-0.013084320056462317
934419.0,-0.9994125484607126,0.3876337072596867,-0.14161952674599831,0.4818734838207801,0.8243983605235814,-0.46969637516488105,0.8711009690129397
934420.0,-0.28226040900185123,-0.2760895278501474,0.015914357045916594,0.28727848108898213,0.006122344179957384,-0.8732234404182293,0.4688010408612453
934421.0,0.0347296170844964,0.532297013565838,0.2791824569387851,0.42964362881196916,0.9754430875721152,0.6779405342473233,-0.7270551093025139
934422.0,0.3450873832957557,0.8807389136044204,0.2839584930303469,-0.5937111342620871,0.16626399755240717,-0.015146921018267978,-0.5296815780786457
934423.0,-0.47453305267339974,0.4131208833715283,-0.6146058393435232,0.8691380482126791,0.6624556985767243,-0.6764865942690663,-0.4241886389628433
934424.0,0.3991521200863739,0.2839329977929306,0.8957270360637493,0.24393672528944554,0.7786428627437165,0.634754245634443,0.23037789341390158
934425.0,0.1872209724082441,0.13759740616505556,0.11297557563076288,-0.8055450905687684,0.26152861842363273,-0.5022062838258861,0.6890438730357034
934426.0,-0.47671482028367373,0.9980037598816696,0.10536455549032597,0.8666194557140472,-0.6740905853567716,0.8559020064867735,-0.9418467113302864
934427.0,0.8991203079821708,-0.657227270263838,0.02865366783346457,0.815849530727123,0.7528184603757875,-0.9859538749644317,0.2248508343666451
934428.0,-0.916428698761595,-0.6194389600178125,-0.7110026194450751,-0.1007625691989078,-0.7606811913282285,-0.4922657688565901,0.1694646320845874
934429.0,-0.16209198769937094,-0.5051343089628415,-0.504806408365905,-0.5599580325363696,-0.11589471096128134,-0.01707122242877257,0.9116563594229643
934430.0,0.4700033235646759,0.3364732992049304,0.6485981402860959,0.05168047518499397,-0.691583393402962,0.9296962762484329,0.896880201647158
934431.0,-0.8412182175479856,0.23115686166892102,-0.5225263050423385,-0.48697450726144087,-0.8550054481159803,0.4637110483140452,-0.13781261747518792
934432.0,-0.9175198467663057,-0.673518631735567,0.2773908004347443,0.12130974000824657,0.7031981674714618,0.52153986758982,0.398183315703732
934433.0,-0.5171923778949175,0.13735982187280316,-0.5286226513638079,-0.5445452583398478,0.9093423275901951,0.2826894863124376,-0.9562483089619893
934434.0,0.7346485483845229,-0.4388902414029161,-0.9096241709831772,-0.922678044712606,0.5907838881277752,0.697271437312885,0.3114351492812186
934435.0,0.5054374908885793,-0.4683077228433661,-0.4299578020629329,0.9981833429649645,0.9683057440553888,-0.6190603645925852,0.4345497860296137
934436.0,-0.9597098668712594,-0.06635489674376949,0.38134594633876695,0.38923951661319944,-0.6735931462407083,-0.22983408024746277,-0.2299643078328224
934437.0,-0.03055077103057502,-0.7099496909921026,-0.9812420060871436,-0.7777997861058101,-0.024096150687145546,0.15916437487091883,-0.7074634358204921
934438.0,-0.44343194406682573,-0.8977757159113189,-0.4313478261359991,0.15279891253998445,0.5114414997528771,-0.17011159721879987,0.28850825521891577
934439.0,-0.35840078563686295,0.4890404264110362,0.2718311707855505,-0.6578657688064729,-0.9064681663505478,-0.6468361581575992,0.7320191049947635
934440.0,0.03227479053988813,-0.9286269318151845,0.6350924622680654,-0.6254087125872485,0.9866165825565489,0.6160154307886536,0.3218079346600613
934441.0,0.7393801142177912,-0.20626221428547975,0.44154886938254245,-0.972465084330713,-0.27652977954156577,-0.20703919628001,0.6351369844580979
934442.0,0.28749646395865125,-0.49028836696995404,0.6429587526785032,-0.15528804684653474,0.4301094079155847,0.19816348896742997,-0.5294538796411299
934443.0,0.7585184352910117,-0.9235425954005478,0.2814370472132883,-0.6762402980357043,0.9584870731662591,-0.3793597013203298,0.39649724113703266
934444.0,0.454340987777196,0.30408122540053717,-0.43738366494841174,0.07663799887254341,0.15981479803751664,0.5939339418136351,-0.1119836496280271
934445.0,-0.7620084545664652,0.49037348090324273,0.5775831563495535,0.9818534576958573,0.909665809906131,-0.5389339573920742,0.9838022883569797
934446.0,0.9589110704980848,0.9624818492372356,0.9090930096158532,-0.3729810807466889,-0.09710562269674528,-0.5804589439295007,-0.49079645026810614
934447.0,0.6240538485578746,0.5683401021148013,0.1157094873711697,-0.8182997304093482,-0.8318070426673783,0.44028587367727634,0.15949866480737884
934448.0,0.2772658332825877,0.9874897998007035,0.47701977568311293,0.25897971953176,-0.6291014888618116,-0.28829062842210984,-0.8900403132108898
934449.0,0.06835082124938752,-0.5066421487866974,-0.8517693841968184,0.6381984892708044,-0.46738654726531115,-0.03859773700629887,0.05959024500394272
934450.0,0.9056586376260223,0.1305130825447558,0.958086114118055,-0.7050131794998182,-0.13652525787356162,-0.6649526097420031,0.8834475841074025
934451.0,-0.3174380726276318,-0.0013195179212308616,0.8794334560936234,0.41867148416657995,0.6385126039483708,0.808375217021283,0.9994410197891614
934452.0,0.8043847354436964,-0.5135518908344225,0.6110827128114245,-0.8625372889100189,-0.2505492386216883,-0.39178383284699136,-0.06801524820625948
934453.0,0.9913545437033502,-0.6922950786856801,-0.9346389343404571,-0.1232692124847714,0.6489138911852201,0.9717839268182962,-0.48122256404512576
934454.0,0.2176031704771888,-0.1660547443179572,-0.005831974722408484,-0.049544551763918365,0.04023142226835019,-0.8066979792440521,-0.7427526763608787
934455.0,-0.4845285623140734,0.3850948200687774,0.8397462424487123,0.5655112973655598,0.3205249900966509,0.5158412990107697,-0.03211247097134451
934456.0,0.7624567647888014,0.11006887454272363,0.7662981349292055,0.49857488539008443,-0.20699176405552855,0.3576643584553292,-0.9248103977117574
934457.0,-0.23264640045141172,0.9050977965002218,-0.002853068723135399,0.8266329573566507,-0.8482584515317635,0.572269447854403,-0.4304223629449957
934458.0,0.4115850020570755,-0.7944669867733423,0.22139695828082595,-0.8087078433206789,0.06432102420896157,-0.614159707441112,-0.48585803649753245
934459.0,0.6764248093489942,-0.5978786364412809,0.8487226123342,0.6798671938871883,-0.91753018364945,0.1884520626484112,0.8563937901844854
934460.0,0.4401074377637937,0.0652772210060466,-0.6348441112168823,-0.042042919251363386,0.8160172719838856,-0.20965924144658454,-0.632496357552224
934461.0,0.620481753747127,-0.3290160415737009,-0.7785489523623774,-0.032451072353482546,-0.4934463920727834,-0.22463142004559944,-0.4415556901123425
934462.0,0.32290484780750983,0.4396979023745673,-0.07452843472684623,0.9014020953835387,-0.19249416182160362,0.703962936352097,-0.9906390376139815
934463.0,0.48637323017565515,0.4821453740922539,-0.4871774522458261,-0.24493484209496796,-0.7257601501638538,0.18586160509625538,0.4323527627260815
934464.0,0.6573566671958175,-0.539093185879362,-0.903830429807241,-0.5065463559643606,0.1285393840036504,-0.08473316955025978,0.4575218312613809
934465.0,-0.1670132963226416,-0.3032224538020043,0.5014746631934666,-0.014866289458273396,-0.4905822548451071,0.3325781351069397,0.3479023470578466
934466.0,0.6907401812620806,-0.9886123211597198,0.3838830456763789,0.3710514609968243,-0.5250019504411045,0.4002086015883093,0.8578541274282168
934467.0,-0.7569581170878446,0.36883548819367173,0.053847637326531084,-0.5010475497611078,-0.1537677941873039,-0.8156496178382162,-0.6328247380899061
934468.0,0.7869851867049149,0.5375481275814271,-0.6111106403035087,0.7273663623155775,0.47234546071467975,0.3803638120278767,0.6222030122923301
934469.0,-0.45596435436881433,-0.13179166562842148,-0.8972423098640261,0.49782845537758824,0.7640382646761332,0.05905907458821713,0.06438545889897651
934470.0,0.8535622577139483,0.5177773645018173,0.2521207007912005,-0.18461042872505096,-0.7011238668686979,-0.1879624010295724,0.28404149807919543
934471.0,-0.8192520427123522,-0.10067547759387563,-0.05709910740965385,0.3208326352413864,0.9263454480559459,-0.7881050904359901,-0.9564891011738612
934472.0,0.9181290028153075,0.11685248851390617,-0.21178904817968136,-0.04701673666861961,0.5545107390658162,-0.8098023251523854,-0.8276576279347698
934473.0,-0.5441595224026148,0.9264680163377401,0.3766592269127882,0.3634930773499774,-0.8321392799133522,0.06329288318791737,-0.6075815239735525
934474.0,0.09654487669494927,-0.04744880927565065,0.22675833469119677,0.5185698964032643,-0.6958558550921892,0.4841094624644944,-0.9019796429860603
934475.0,0.4634526065558504,-0.3167480904812525,0.1308650797627351,0.12900220152577102,0.6438738027620647,0.6003769165883137,-0.9074750374509748
934476.0,0.9544602997727445,-0.7059672881203469,-0.7823224524501933,-0.9109761603429807,-0.44847856441817147,-0.5233080085978836,0.7483851787625042
934477.0,0.18627062067773936,-0.9564086200042328,-0.8939086650277044,-0.4953488326443778,-0.33929917990790437,0.8752707232964632,-0.6819614056487191
934478.0,0.44745566131858205,-0.8334310286729001,-0.6875525727778531,0.32882893554097814,-0.4583289572008027,-0.7328268854042974,-0.8755267706507681
934479.0,0.6210056235695132,0.7669792161392985,-0.5786335339253943,0.8631048017270473,0.18770319238825794,-0.46445412274099485,-0.9752656414259713
934480.0,0.6497568489345174,0.7029324959240988,-0.07514085267046133,-0.03658282285055248,0.5142465260307545,-0.8475694954517408,-0.8547563471730915
934481.0,0.695561962121632,0.8217711987899163,-0.3655868591429683,-0.6899458174795821,-0.019766034377795227,-0.26410173112292945,-0.023085234766289098
934482.0,-0.3745838717974834,-0.7537371408851814,0.8911253074376013,0.6525960892977871,-0.5437583495500902,0.4736472622056864,-0.24084046567479356
934483.0,-0.9261790150627367,0.5045602824304565,0.3034044576671664,-0.8068299046468101,0.88218432006274,0.45279942834657194,-0.9170197724925104
934484.0,0.6475647249155239,-0.7147578388565115,-0.5405749798553536,-0.1497799312725201,-0.867154260364992,-0.9096578281889622,0.06956078708835856
934485.0,0.33645681332928934,-0.3843933313796568,0.3185442550023303,-0.7173182718433848,-0.3011125357501363,-0.9296216250421179,0.7099753209812456
934486.0,-0.5366941211368268,-0.855329304699056,0.3384467411039971,0.036286311404007066,0.9979734035502577,0.5181310698500288,-0.7908100987672431
934487.0,-0.790678515734635,0.5450658043233463,-0.9483151437543811,-0.8144688535366946,-0.13057518343522956,-0.6613816380557418,-0.3876637343308995
934488.0,0.7992803513380182,-0.7016372464685192,0.37197212527728163,-0.6510844600904393,-0.7064912365081315,-0.05471725098357627,-0.843963789084492
934489.0,0.2847505251491471,0.20279498151441477,0.22189081641917063,-0.45983641075264137,0.5170751216694445,-0.20779317260043473,-0.17058221988723266
934490.0,-0.3215057202878484,-0.4002034856165808,0.6700890502928185,0.6550038399920952,0.19450479317225478,0.04656946730193545,-0.1930458141643694
934491.0,-0.3745047703239375,-0.7301900703463649,-0.18365549497549538,0.9317403706174205,0.41490843346824313,0.5348939405201711,-0.6883047263553064
934492.0,-0.21478238542091987,-0.1265246626621641,0.6974684717124664,0.7621875643581841,-0.20762721454512967,-0.8379374243952209,0.10284960565821288
934493.0,-0.6626895161353921,-0.14674197253198518,0.021608500582857904,0.4643640847049153,0.8004245269898123,-0.4233064132054807,0.519827695865642
934494.0,-0.9825573743680354,-0.9098642509920285,0.036865711782966715,0.5303267160401031,-0.0017195457533496494,-0.7099324617915399,-0.362862689801448
934495.0,0.6814417911824993,-0.2004507492767451,0.648085588246545,-0.6591447324492743,-0.13274337415152448,-0.47354872771055234,-0.5134159192100247
934496.0,0.7469709852699313,-0.5431113234435021,0.4794948498595102,-0.1344188351657345,0.648497012363344,0.7544366964767093,-0.14947679882087406
934497.0,0.7588368949052275,-0.7888036798567262,-0.4113257226081368,-0.05259764029292957,0.026988093302282357,0.8183560660372049,0.8031255707889431
934498.0,0.8343895495243803,0.45992418797444046,-0.22304828474441485,-0.31696905835222844,-0.16303397348755655,0.24024828809946097,0.8920660944144942
934499.0,0.7350057458588928,-0.3541824090432315,0.9450577463585204,0.5095129536444101,-0.045093436786829644,0.8193362401989441,0.04053992197514544
934500.0,-0.47764309545239225,0.01269769111284802,-0.20533205237564345,-0.807517615735029,-0.3873875618798934,-0.3804342249609638,0.8441137887191732
934501.0,0.9299210287128998,0.6897195440853066,0.37964818146250967,-0.6996637184560077,-0.023761659797889134,0.21653592515594156,0.8101180931469381
934502.0,0.42833633723564746,-0.9085087108407435,0.42239849209270375,-0.618289747686882,0.3210366208909521,-0.33864075773581925,0.242715759756716
934503.0,-0.00915200108650871,0.5232552630253762,0.17088587898721186,0.8222141338102713,0.7637689636933445,0.5057799291375658,-0.69386215865779
934504.0,0.8728501784023162,-0.8765738251658173,0.4290137386133519,-0.9882636468949533,-0.18873405195443405,-0.2109444950872732,-0.9169764711482844
934505.0,-0.5626681254166073,0.03686508163359248,-0.5836426449292991,-0.557071082302917,0.3310261543607316,0.5744078124981391,0.6195691740964984
934506.0,0.6419951413878351,0.7454438015356433,0.8641948467173035,-0.4983194181331858,-0.2584032267198686,0.22845195881763947,0.9966907552329096
934507.0,-0.33893631885290465,-0.5648464133462334,-0.7431805065487058,0.14707228110430615,0.6327737644501905,0.9893072956095075,-0.5813794858554302
934508.0,-0.9005492044994674,-0.346727455046157,0.8795906938611626,-0.180024502681426,0.6735635949508176,0.23897582437907094,-0.13604841092818365
934509.0,-0.0675914037676093,-0.7887813479847023,-0.9394629297153299,-0.12600778283005853,-0.36841977121250546,0.4694081794429015,-0.16440281260925826
934510.0,-0.7817655665823111,0.2695421182317588,0.9591773337933682,0.703874898354323,-0.8117150038793273,0.1501327989569401,-0.45609074808898464
934511.0,0.7195575725694245,-0.29808963826167645,0.09837051716983658,0.06662978821086774,-0.5848922883006744,0.5565955569723144,0.28300213336395386
934512.0,-0.19953922710656724,-0.9108017627514147,-0.28088856348143243,-0.7289748568581365,-0.8658033498204163,-0.9188652012417864,0.057058506807444065
934513.0,-0.6254730704391738,0.446314711003968,-0.5434399325182755,0.47995509730166197,0.9547640754738209,0.7837425637603157,-0.4521080266566311
934514.0,-0.011216995516013739,-0.0915647482490638,0.7856906266495607,-0.9850234497014467,-0.9526404242006621,0.5595940805020305,0.25229351391828114
934515.0,-0.016465293859094565,0.22162637026712928,-0.6271273013901701,0.2820319015504964,0.7007418648822628,-0.4724928868841547,-0.8848200644319661
934516.0,0.5378850660745043,0.8616393441604036,0.8001804988293297,-0.8564790764652526,-0.2641965820483103,-0.32357078216261015,0.37922096485155343
934517.0,0.21092217339903607,-0.24335472652092838,0.022710265758958625,0.47692233214699997,-0.39638354618359606,-0.8548995988172245,-0.23209548301644078
934518.0,-0.610403980368526,-0.7834986481481916,0.4380266396620609,-0.7006970334898488,-0.5242223934733952,-0.3874824788972955,0.7985566418958796
934519.0,-0.9414090307807008,0.26290056968353226,-0.24708042734057267,-0.7092732947727649,0.2946918911231329,-0.5462250861884237,0.881023845568544
934520.0,-0.2455777826041039,0.28344033042560635,-0.510944029702382,-0.6332078899873652,-0.963002394133132,0.18131025178075255,-0.7292909047692446
934521.0,-0.1724925400716366,-0.16102363914551976,-0.2418738310356412,0.35857185405325764,-0.9575936930462805,0.11046926957434566,0.07627321282965993
934522.0,0.8969865950571874,-0.40637746709706213,-0.6969123678051421,-0.5708239551094829,-0.1496446725108862,-0.69775171822151,-0.5252694864891092
934523.0,-0.13180207500901542,0.8676068303979674,0.882956050817608,0.724792324802457,-0.2521206338788404,0.24884374291975142,-0.9265769357670335
934524.0,0.2860553215143953,0.5370758185458633,0.7699668845342951,0.644138976442401,0.39281336209234285,-0.8251511421622122,-0.21004624484314838
934525.0,-0.8889883663665574,0.2738153967463719,0.8812797303500219,-0.9065764555124041,-0.015276957203210095,-0.39135587895776514,0.3892046012317234
934526.0,0.4744400873028962,0.5782739834961603,0.19602273501656642,0.4681742719561941,0.5809604191678892,-0.20156277359213925,0.3971205814835763
934527.0,0.42065960388668966,0.5799851034890982,0.08582218565940392,0.51433161121061,-0.42666533672062545,0.6073925786968004,0.09542078756355155
934528.0,0.7100304092335004,-0.18238304736112587,0.8476447643018934,0.778129179813887,0.6913164903669218,-0.8790454841656477,0.9602208968944574
934529.0,-0.9869951810579201,-0.7509397082021503,-0.7767996719602768,0.18637834789347596,-0.8240462792752683,0.4004204222952761,0.9813242337403509
934530.0,0.508690664989184,0.8122841516559212,-0.423347348674338,0.5872809531363661,-0.29509643636883887,-0.26099153252295904,-0.4921540227589323
934531.0,-0.5818153977946174,0.1927032193590592,0.12087911579801336,-0.9374248179614157,-0.9708989088528286,-0.3967633483535369,-0.20560469216670163
934532.0,-0.6916303971594033,0.4728877081707339,-0.10523666886957517,-0.9382558108484451,0.6874282114302017,0.7356446624904032,-0.3037918772221635
934533.0,-0.6939014418261806,-0.5589525733491874,-0.8460166592494076,0.8228979491727473,0.881808882380521,-0.6983292852496676,-0.6592611637954562
934534.0,0.9596536749276603,-0.07270186519039279,0.754560925355158,-0.8719078455987401,0.5201104879002798,-0.13890601258907487,0.4975846432158535
934535.0,0.0637694336128154,0.2771579950051284,0.1242447623213192,0.46469569122003707,0.8572792835839811,0.25925340287712895,-0.9989756844926083
934536.0,0.34468121110169747,-0.9535048146909735,-0.818064633932847,-0.6271969572303102,0.5262397932622922,-0.12764720591021295,0.7088085838359832
934537.0,0.6071983593697428,0.4448994537908184,-0.8107851245071374,0.0896243583437426,-0.8908470137201712,0.4665091623591764,0.43485563542190375
934538.0,0.1322312586389034,0.9431882683268693,0.12872421565820114,0.29832925854201275,-0.035927787123286814,-0.8725432600173939,-0.6542844502000824
934539.0,-0.5712862790134954,0.5884405923661502,-0.0436844176054183,0.5177923077420796,-0.4213403705562129,-0.4626601208144736,-0.40141854400507415
934540.0,-0.06279714142717507,-0.6880866778127543,-0.4242297034405129,-0.12858968461189257,-0.048634404013839116,-0.940157586157019,0.17147477059439575
934541.0,-0.3247631920213745,-0.5312251691731282,0.9741656154211646,-0.5997325905404178,0.009630179214373591,0.11171859727026678,0.5834003997323061
934542.0,-0.10921590328719155,0.10488701421366042,-0.59761837779127,0.9391339248197714,0.9170745244717236,0.19797875968035283,0.28028416631505504
934543.0,-0.6301516531097324,0.4634538426906869,0.20300561976467413,-0.7298899635979195,0.6680995022908498,0.8772781383197896,-0.12089710403961429
934544.0,-0.820233414347181,-0.8058132850295234,0.4229513464446719,-0.25086962953797065,0.8851939975361305,0.7042058328161103,0.8985206340122396
934545.0,-0.3575566328334545,0.6335950362323652,0.5505717051685166,0.6783372986204361,0.6118264128732722,0.18626488262018337,0.7743765978883805
934546.0,0.613345392868498,-0.5586376469251204,-0.6047850643849184,0.5438170950869419,-0.8397041394714586,-0.984636211881033,0.27076114736849055
934547.0,-0.5840674290994199,-0.1847125334567674,-0.6089655477228457,0.2701757515124281,0.34143468301267754,-0.525029315496385,-0.19248989710834308
934548.0,-0.33293000654659877,0.9397001397497786,0.6345342120787094,0.1441760688143474,0.0473998793966095,-0.05601031741910312,0.571258852412392
934549.0,0.6537971907805284,0.8885447024892699,0.6756324406751579,-0.7035965802639284,-0.9898217686110979,-0.09578977072261385,-0.3574022393921876
934550.0,0.7867997011746317,-0.407172424196091,-0.12460761049550584,0.29500139869885245,-0.06062688556747142,0.501534068326444,-0.9967843484619878
934551.0,0.8173252405101348,0.048333674289720685,0.7992369966912822,-0.6005254431472598,0.14331016299029375,-0.8487491055705134,-0.0614090076672118
934552.0,0.0334594642179713,-0.8662296898529982,-0.26002366905506413,-0.7125519911289797,-0.41754353152182344,-0.2359927689166026,0.40109707119055393
934553.0,0.8371245078713478,0.6002903243230644,0.8726250787259047,-0.5925514991447882,-0.2285870707236346,0.7829786913128807,-0.8910664581570147
934554.0,-0.8960611569610859,-0.5192063938393467,-0.7623150653813595,0.41540546285405955,0.16142616190333658,0.9926546373532381,-0.19922828237981705
934555.0,0.24603476305337768,-0.74620788866704,-0.6651384811690884,-0.8995775197838058,-0.19813542994344968,-0.9717302240362444,-0.1770138743967542
934556.0,-0.27391998400472395,0.6568766922430687,-0.45749907899707143,0.4173690631163143,-0.7036345479045205,-0.18597921526264227,0.706027167724639
934557.0,0.19472613007701534,0.2747435254451651,0.3780310076370239,0.7570216591574523,-0.9179240897924534,-0.6307872264978145,-0.26308930731448865
934558.0,0.27010195060763453,0.5460884967831294,0.7846753919090623,-0.862528857125241,-0.757260230711466,0.9997430407063228,0.37561195140328185
934559.0,-0.184465798236505,0.4227647894782516,-0.8397311741305906,0.015115378240547317,0.6201197159576803,-0.5869784312665172,0.752390747229726
934560.0,0.19773958036069716,-0.9029551813071583,0.15132308662031324,-0.19133066121190878,0.10035846973529994,0.5866106200211669,0.5977563844314406
934561.0,0.5416745178702684,0.6495835415928262,-0.3096882230416955,-0.37767276239427994,-0.7247556866104528,-0.17396310761200406,0.2974519534550846
934562.0,-0.49929767219538856,0.286997216390908,0.21616608630246748,0.7844760019924026,-0.03696908633765972,0.1784771653139121,0.8383849990082799
934563.0,0.982042243902755,-0.34000334909824614,-0.004294610624296258,0.47440721212679104,0.5915432685612878,0.4435033627461218,-0.752737858131876
934564.0,0.8773031210253228,-0.03910139855003303,0.9655559145392372,0.48837602466237007,0.21213576685308033,-0.18917046355814526,0.04426974681451035
934565.0,0.7911547840673248,-0.5662206604387727,-0.2591636329508973,0.7418142647579076,-0.4026572160259596,-0.8560417585970723,-0.8018842049720447
934566.0,-0.14725264047241193,-0.34697084669322487,0.31189597854981965,-0.8677126352998226,-0.12330286645152855,-0.045085734216289586,-0.9718822541128602
934567.0,0.9626158651343353,0.5719283857598101,0.27043182485173145,0.0517885435370844,-0.32071361267069864,-0.34071815983673726,0.2726213368374404
934568.0,-0.20663823869461795,0.4314546440075364,0.5026231221754589,0.030991434880389024,0.21000809416116417,0.4025715735871829,0.41029231406217104
934569.0,-0.5507056382345097,-0.27342299305788664,-0.5869983235582972,0.5366358302212564,-0.8316360464197146,-0.4054097668901515,-0.13522439581093648
934570.0,-0.09832364050314246,0.5922593666397278,-0.8799443500550017,-0.17284697363706392,-0.9730297689780472,-0.40300708340820157,0.9364093670358644
934571.0,0.31679461592404823,0.5281542456037185,-0.1826329867328278,0.5641090222523104,-0.7034172318976013,0.5381370118897679,-0.27725584799976244
934572.0,0.19906940110844973,0.7737561263181922,-0.060112316448104774,0.8973096919369963,0.18973378182715872,0.3371548934109041,-0.2861159020930788
934573.0,0.3604879198910007,-0.8145262064526941,-0.41819559800334605,0.6385834326643554,-0.13460385930926644,0.9172097229306959,0.6459968488575794
934574.0,0.24854559750966532,0.14810405530995774,-0.11110011376570728,-0.2093849407145827,-0.02145378222437766,-0.02664484567518799,0.6840458104229703
934575.0,0.7556463432168652,0.3463579687202223,-0.007494669791332953,-0.8202832498947221,-0.05657266274738615,0.37397102989750675,-0.2616793849079062
934576.0,0.2468874277544184,0.5672172603853765,-0.1779521964233528,0.702841842055197,-0.16846946476442715,-0.4475531204396592,0.5873628470381558
934577.0,0.8701775587563922,-0.19979175515026526,0.28117541556518844,0.24668792424393748,-0.6720129282089482,-0.47450653046900837,0.9435172597839043
934578.0,0.040031398176351596,-0.824519380843475,0.1965622776474183,0.6918737033427778,-0.9753758266574943,-0.46653250037948446,0.03453088597229903
934579.0,-0.9902039813765602,-0.01812208322177189,-0.7446839954172868,-0.6804254143222201,0.22136165484771886,-0.22512001037499485,0.6238186594417705
934580.0,-0.8041955962493987,0.8632350555727621,0.7319410433345452,0.3884784982235949,-0.1729416365292369,-0.4501997570901457,-0.011846718986619598
934581.0,-0.4035623982622738,-0.0620969019171842,0.7843317299942762,-0.10879374758569282,-0.9735260665258301,0.2817647070262286,0.025886162470249774
934582.0,-0.9777712985427733,0.20870013803840615,0.9240265896498892,0.06499494122965532,-0.024542032532236524,0.7320071016107439,0.610312249756491
934583.0,-0.14577378329698765,-0.21034641135786658,0.978499952125631,-0.12823390155781267,0.30042236957333546,-0.7811988445040219,0.4349186765218982
934584.0,0.8043513365715551,-0.47807221115023313,0.5526963066620234,-0.19439509750482808,-0.4170872643902579,-0.5897539898118449,0.4127789602985983
934585.0,0.616660030960257,0.6786509635111366,0.24500809472834995,-0.28436000766571756,-0.3661464135761061,-0.7299310236798109,0.14237982980730335
934586.0,-0.49109298265865786,-0.25166048498377114,-0.8660697742102381,0.3860774075729476,-0.9051216843095258,-0.21926517754196118,-0.707412079612223
934587.0,0.5941572696116222,0.910305427007132,-0.43696063038646926,0.8099417464517498,-0.29497630691632604,0.0050462047635642104,0.8731712737290762
934588.0,-0.627188207135893,-0.9376959094094541,-0.3320947630037956,-0.2608010713143991,0.10135189712799808,0.41333287661807794,-0.5141170479159982
934589.0,0.01662535066611781,-0.742964421560824,-0.8587398025866868,-0.20524112164004893,0.2709386644468925,0.22048794216296463,-0.2732205626598079
934590.0,0.17780164574472845,0.09902335452708444,0.3095215568665033,-0.07608587172585457,0.9425872699983344,0.6705852741832838,0.20197683005123812
934591.0,0.5485695803010273,-0.7852989508434178,-0.6020529913394133,0.8531562357878126,-0.4067019895966648,0.16148617465335158,-0.09855962809637342
934592.0,-0.2235596421496191,-0.4710561076988842,0.09471695509166844,0.4557347174447526,0.8543416036151594,-0.6727002892381047,-0.05727163356996501
934593.0,0.13824388565581858,0.6248324454461733,0.888129447648617,-0.2811937646252609,0.5263210174539379,0.15878112833935698,0.7277355020782337
934594.0,0.3809600434970999,0.9360048501500073,-0.9546406621124146,0.7992665045616152,0.5024038009561009,-0.04191657356708678,0.40766543148926937
934595.0,0.36460446599016594,-0.21895526850655522,0.8236932770895415,0.35908692302052003,0.21431292574301475,0.45269902621841496,0.3071548205298129
934596.0,-0.9044585483912695,0.6524030658490687,-0.5712877864182506,0.005039981905674118,0.6238470862312635,-0.602963315374645,0.7922745565190856
934597.0,0.35377260231006447,0.7312758401892059,0.17529894669421764,0.9638822706905905,0.1281047615620341,0.3848322739500669,-0.4081187651964886
934598.0,-0.7287084834436264,-0.5538181659526507,-0.7900638061662202,0.04237582677868823,-0.5380399609756756,0.005687587044818532,-0.23255315329368154
934599.0,0.6747039860274153,0.005801124865129292,-0.5336040371387616,0.7581591763270297,0.6739984330848128,0.42253798981425605,-0.44496667750643937
934600.0,0.4039969422382894,0.656416152739937,0.015092373866588682,-0.26568903385584286,-0.34445747378741265,0.3074724129210935,-0.7520830162416352
934601.0,-0.14763071773284042,0.378303908211183,-0.0030462246895781586,-0.2669056764801525,0.10364846538707839,0.19466234351620093,-0.37408535995819236
934602.0,-0.2042340221575678,0.4523730469608802,0.808118622153331,0.6146396805995009,-0.326015451801253,-0.8217139244076064,-0.5752967798669404
934603.0,0.26861305084599585,0.3473894541207603,0.3660266669209351,0.9623959453920139,0.7681730769561375,0.8413757539277258,-0.7265981115535385
934604.0,0.5206325696374436,-0.13693026659054386,-0.08273665747874936,-0.7702760405339939,0.4558509798042907,0.8330238796387461,0.8730804753616708
934605.0,0.140257314231774,0.5957001912018409,0.21054055543709982,-0.09122827795953858,-0.8127858591265207,0.8481494034349137,0.09536844845816228
934606.0,-0.8694362162624836,0.1697802118895524,0.9623809944031736,0.12785866547761793,-0.5377841439412518,0.24109472920240238,0.33876267594624676
934607.0,0.08077901692191158,0.10909414938029727,-0.5533298325196607,0.03030979971612724,0.185147378935955,0.02325848438982736,-0.4434157493991058
934608.0,-0.8964832477735241,-0.48773910714696656,0.8219396919476838,-0.3721300690810354,0.16262884431299485,-0.5908813414868561,0.2868094322194339
934609.0,-0.5815888228442994,0.7036604210405806,-0.7972539713873179,0.09542748474370222,-0.2883855865735321,0.09285943602195257,0.7033184709248057
934610.0,-0.1906014426067404,0.406898757201529,-0.6643033846792914,-0.7126013991369797,-0.017507821592241513,0.7994407475537304,0.9418126629484829
934611.0,-0.956300595778516,0.3118570988375442,0.18610929719490454,0.36455018823704655,-0.631997394748774,-0.9789890571793427,-0.23681786307710118
934612.0,-0.742249810765885,0.4029626268869153,0.5622544051514382,-0.24215726438549057,-0.09163079830950394,-0.8610733208845331,-0.2895609352073698
934613.0,-0.5086336908134763,-0.0636226815766856,0.7898217085804633,0.13026236985387718,0.1260511849849304,0.030644794057978597,0.029439178364606855
934614.0,0.7429699846958047,-0.03651624661617592,-0.8496048102883325,0.9398807500337105,-0.5058120915442241,0.5059825972699816,-0.5725745643720794
934615.0,-0.3488427637252214,0.5820162613403057,0.8133529600115939,0.4312865349043422,0.12580289637729614,-0.4293873993236308,0.10854490140317563
934616.0,0.8968933466012119,-0.8979563912358317,-0.8345477629509295,-0.9815175268968981,-0.5391595999417738,0.60646076329099,0.7143206896145096
934617.0,-0.7480395764834631,0.4208883577815574,-0.9743813635892109,0.4134838312484448,0.25261096222666213,-0.16453307779002957,0.4264769674559805
934618.0,-0.9606169157052122,0.5899884065018639,0.023015342862513055,0.08578307442473698,-0.38343104616545287,-0.4071638064172767,0.5774666019638899
934619.0,-0.7280018197010829,-0.5219908801850144,-0.08207224141307301,0.621476948943255,-0.614005527018773,-0.538534633529266,-0.763708440052483
934620.0,-0.9853607229288246,-0.5897011335251297,-0.40507461275706547,-0.009862306881784022,-0.3741485898477883,0.20052066365743482,0.7347670765506895
934621.0,-0.014212074641493988,-0.6010207081488241,-0.7221578754519191,-0.24764262280914506,-0.4948690089161487,-0.23936763111245796,0.53970476202022
934622.0,-0.234834767518443,0.4600519167750561,0.11067241117485072,-0.5649061813922491,0.50030542225253,0.1331829475631945,-0.829321816140921
934623.0,0.46158888969152323,0.7833356131717546,0.5912063129330085,-0.548775414277338,0.43093965597369976,-0.16683455099237343,0.12760208655465965
934624.0,0.08087086390224973,-0.8176384639402046,0.30393289661351863,-0.18020013542772806,-0.7245418859792425,0.9156318962260817,0.9508934379131053
934625.0,-0.4739523868467024,-0.08422570727367229,-0.05526030837521145,0.6923047503254043,-0.1930354559776717,-0.7554532229540953,0.0027202724972548165
934626.0,-0.5941500493769116,-0.860081031946252,-0.09869029597200307,0.022931932477732175,0.15438622289373916,0.49755111795200935,0.43321381822608185
934627.0,-0.6062898160669443,-0.9869387448317417,0.3228572243192742,0.7457196590456674,-0.6151131528186753,0.9984650911644042,-0.7574701131630224
934628.0,0.024665992787529234,-0.7757123878089278,-0.9975711098110129,0.6150212063253433,-0.5995037672785677,0.05680382718235366,0.9636608722817794
934629.0,-0.9600135941031558,0.5218989698700762,-0.28645849501853116,0.27661063810057374,0.4207665838630219,0.4788225403679278,0.8567898028268994
934630.0,-0.5266996836547124,-0.5087745043139111,0.7251320555469012,0.3319243415601887,0.10442902661917874,0.23699916609554195,-0.40868825585504087
934631.0,0.694142072352895,-0.5843415355272301,0.6149077907569773,0.21465481771593775,-0.6930303287463493,0.9033938879618455,-0.25946880498028
934632.0,0.297630963328535,-0.14880129724361058,-0.8569919700451418,0.4594832370423001,0.07413103033311907,0.5035011629491293,-0.8226402725534208
934633.0,0.15840264337464505,-0.251732804961158,0.010454856446336258,-0.7077761962062556,-0.4149021639730752,0.4257971663043614,-0.8941300559859706
934634.0,-0.7130699272161214,0.24254857559783738,-0.6724338983365072,0.04458278230907231,0.23765870242120912,-0.750513254503923,-0.3396268202710959
934635.0,0.4326742318109056,-0.28430211794429416,-0.8792353910950446,-0.7098180160436507,0.07669592695040284,0.024702063242586725,-0.003244884426361727
934636.0,-0.6534495173865591,-0.32541512892162205,-0.40942126341243856,0.41667522743548124,-0.7702530806923551,0.41690665688223705,0.6352535009602378
934637.0,-0.1699825003128983,-0.6903636000920716,0.37153747231822676,0.5341023608079942,0.981055719074869,0.46699571311871435,0.5713349512101771
934638.0,0.9187683002767808,0.44082102411335833,0.925286089525752,0.4479932683496346,0.7190459282763471,-0.5964205243629228,-0.7318580366379919
934639.0,-0.37501420579912526,-0.8485669042601449,-0.25262085116415833,0.13920800310187498,0.2751947091899354,-0.47472388260956344,-0.22517317759649802
934640.0,-0.8829034195858956,0.32850751517231025,0.6426873634909438,0.1024500994230726,0.5447999837818771,-0.9124864034578493,0.5254521629178557
934641.0,0.3585007474534254,0.2817974093638911,0.5269777035846561,0.23182143723166893,0.9309217410336836,0.9495101353986117,-0.05833098788629121
934642.0,0.9316148715386408,0.5684000004408858,0.9268372415188366,0.5491940561357433,-0.9093623368468642,0.4961954039069236,-0.860028541739229
934643.0,0.4361203276696828,0.6543722567943997,0.5754868196248037,-0.7164016435606073,0.5442456715641211,-0.47639241085959694,0.17121710788706657
934644.0,-0.1391543564490163,0.6031836177161813,-0.6539898446991528,-0.16954796715753973,0.23529308171591978,-0.44738636712503466,-0.9427165973050009
934645.0,-0.2922320163818468,-0.64663030105978,0.4457288240250623,-0.20785406031508247,0.9145451324603526,0.7756279156154158,0.8822628476797139
934646.0,0.9066961557441713,-0.8856379483125771,-0.7396761044850722,-0.7318394294914663,-0.3959886944776281,-0.8044678577409077,0.9138903294525229
934647.0,-0.8180707687490738,-0.19695417504066892,-0.38816346013263225,-0.3165518564396348,0.9606345056232979,-0.7493837808584949,0.8212731335474202
934648.0,-0.37092039573260105,-0.006909048607359747,-0.5493670438252025,0.44305070100109,-0.2452538776330595,0.30166225113973844,0.7794450826279276
934649.0,-0.515953682951171,0.09315293817281445,0.43452076894450853,-0.07950012454896527,-0.07943980209288792,0.15162794178576955,-0.7392305248868067
934650.0,0.8411774653018249,0.20594394302059205,-0.722824269881557,0.09331498256563453,-0.4664980814410298,-0.4692493376242064,0.6307400050821166
934651.0,0.7919787953695463,-0.8679771685586186,0.23972018980956533,-0.3414261070890958,-0.5150875446766947,0.21792000008142232,0.01866503674810449
934652.0,-0.0774855499251863,0.6157245658457631,0.34776976504624213,0.32113840206832167,-0.5121684156019835,-0.14887322067248165,0.49875286748671477
934653.0,0.019938112429928045,-0.448108635573935,0.9997731955409475,0.6072518328766667,-0.75733090785732,0.8622266381850932,0.6488035067337037
934654.0,0.5468574981417949,-0.06637724923236044,-0.46923660887201324,-0.8624547301251417,-0.517387723107964,-0.7818551905504385,0.6540195004362126
934655.0,-0.08041169141558857,-0.9531062774652606,0.6820888868050856,0.49018593424127865,0.9818237145383919,0.285225567801797,-0.8323159549260415
934656.0,-0.8092094950368363,-0.7149804593850142,0.7428810107121706,0.7559658306158648,-0.9680422637117312,-0.3109895867882957,-0.15376558303878962
934657.0,0.767467710274675,0.8779852951029548,0.5972541066906212,0.17921690777635413,-0.8744293718818155,0.5469846701099899,-0.20608311334468832
934658.0,-0.5290435349793592,-0.4582290403694569,0.17195617688420817,0.4398371480209473,-0.13479010906740174,-0.7710658392302672,-0.4857272687584313
934659.0,-0.8467147343494907,0.2554122472275815,0.17149994255241174,0.3595242732419379,0.9615921562894816,0.2855263502166092,0.8301690181295431
934660.0,-0.27819717867989446,0.06488392525587505,-0.4819740094926277,0.34724139184884817,0.3263108012094307,0.34958177760224185,-0.6932352254046306
934661.0,0.4173000697765046,0.2899731350656485,0.2661872371141487,-0.46675617525808666,-0.32513040170578944,0.4008892618117992,0.44876130636960276
934662.0,0.7560571178614179,-0.8794623662929073,0.19946923103823488,-0.25590284379865036,0.35410440394613496,-0.8392000405788065,0.24658686109354178
934663.0,-0.33663886887020933,-0.25327032144664674,0.5527308001048887,0.7033261800336426,-0.4540854262949281,-0.5910565585682435,0.6429210699064278
934664.0,-0.20802026673017626,0.8585880580792384,-0.28046420203233424,0.7566602943538234,-0.8903955631503224,0.9954430148077413,0.9939282663069957
934665.0,-0.5160027417596409,-0.2633519565065243,0.07500087975050795,-0.7618221173069719,0.6750400695155259,0.4071937686601128,0.029358750664117306
934666.0,-0.1299961872383668,-0.14045330552078306,-0.26600405478185096,-0.10381853118142126,-0.27483564843639274,-0.8362606045789938,0.45011584094327484
934667.0,-0.2556197610571851,0.6815295021638652,0.25509735214084484,-0.7089648401671484,-0.9141374843784149,-0.16257430281137908,-0.9036152948283405
934668.0,0.44515277206033654,-0.0782664393969783,-0.4906493769477105,0.6841457893649445,0.2395715841521957,-0.2652401799372981,0.49431031290047045
934669.0,0.9727244736041207,-0.2234571301207655,0.04594243218097649,0.060397119174452785,0.8013158169527279,-0.618557190608114,-0.8831179096738899
934670.0,0.20474029832745444,0.6119159747413812,-0.8269019307505978,-0.46157598414731904,-0.31663112669253723,-0.7151549042767855,0.0973380980318308
934671.0,0.18529173041479208,0.8077670687578562,0.8502400689342666,-0.7300662101008653,-0.01560118253727194,0.6975296094157779,-0.8449289783855765
934672.0,-0.4091986875362832,0.9044127571399969,0.7209612078619778,-0.537091583728448,-0.4968817672541608,0.2539435074019083,0.3528613299672767
934673.0,-0.1689602375316941,0.27458711637266586,-0.49118779102265475,0.8257324620737101,0.22111068259363753,-0.8140847813068599,0.5548460252311096
934674.0,0.21635485806627042,-0.976672515283119,0.2909614556537292,0.8432427165634209,-0.15486924863439744,-0.729949196964955,0.6671928648347583
934675.0,0.5052888258244173,0.09224597644809385,-0.26107396074273037,0.3038370442959508,-0.5225324808750091,-0.03230512491989912,0.1813350491957706
934676.0,0.7786797281953728,-0.04057456859724429,0.7667252986880708,0.7004723910217985,0.2369791468829432,0.8731067804252608,0.8199663417106227
934677.0,0.27907682230066655,-0.271410856593308,-0.9227009782849063,0.26960282992495577,-0.12302494334274172,0.15360154120302982,-0.9345603141320642
934678.0,-0.38809858942359465,0.9110008807029315,0.41137080995521313,0.8556482557148459,-0.5091654187965036,0.3244560636060192,-0.5592705826715414
934679.0,-0.14660921746597544,0.09280299295386985,0.9694400340161975,-0.706112273303173,-0.34396874062721783,0.0768246162513857,0.11722149550171679
934680.0,0.3848701981261551,0.18709942198043272,0.34222784430605224,-0.8952749943396077,-0.9956784659352411,0.3174446786613103,-0.9473915169249663
934681.0,-0.2589310332699635,-0.2837016590207182,0.14454626408252902,0.7721835116667275,-0.7718859584388666,0.23121794405831575,0.6478139966335978
934682.0,-0.6364802335080018,-0.4329113556987956,0.36826544363164193,-0.23955849084370806,-0.2608974648699831,-0.4629045974453434,-0.9141277217269848
934683.0,0.41876759753860826,-0.05065390099933076,-0.043917691619764554,0.3119594612793122,0.8900557355210226,-0.8018917618328925,-0.9757551420246602
934684.0,-0.7151454932180366,-0.13869644888829136,0.4894251126824434,-0.6456596336961111,-0.18394197189113304,-0.36521664956914024,-0.3451823411082946
934685.0,0.8068008914093985,-0.5652368217225641,0.25649084920425347,-0.8998294764118253,0.036568319576107955,0.8778853703477012,0.2480975139103181
934686.0,-0.15630287549442246,0.2176814663462563,0.7610001719423907,-0.17405660587961647,0.6920224571739941,0.07104218540931884,-0.041538100651622
934687.0,0.5413511717601864,-0.013963974648822042,-0.23370894798196074,0.6936748479914778,0.5997176485177675,-0.18112625975221186,-0.9213873860510253
934688.0,0.23932245051206613,0.5227595432075482,-0.3097134336019174,-0.7479546365770493,-0.8046423480155707,0.5350374417877932,-0.717375918233933
934689.0,0.8415700201909058,0.45757302129400323,-0.742772828161967,-0.45233264857642297,0.1625180146725025,-0.6144139131237074,-0.5842552839427708
934690.0,0.2037004285988544,-0.10682763022879582,0.6713079273568006,-0.5969967520811679,-0.7426201993162977,0.053208048093138505,0.3224608422303661
934691.0,0.7895809525811772,0.879985764834581,0.8789755601211231,-0.9235102718617909,-0.002808711459565183,-0.1463851841059589,0.40052886159595547
934692.0,-0.4649540695138481,0.17453671808409,-0.3928927727491016,0.03732580319725676,-0.2960243007545811,0.6834813432533331,0.9355092389787187
934693.0,-0.42263818601753944,-0.8014318523412516,0.2606507104877438,-0.21466714099234774,0.2274025318488837,-0.22610502642469132,-0.7278587279801927
934694.0,0.9950076860845236,0.42636041959595805,-0.6883279606121884,-0.5784400573099542,0.23048597002900872,-0.3150389281846191,0.27268693256309895
934695.0,0.7509797930808124,0.1384931445126243,0.4941999465293536,0.12472670613656311,0.6716565785321886,-0.14228532113107373,0.6044677030390564
934696.0,-0.6468675369292931,-0.42359451960402494,-0.8777511481524185,-0.541898455469719,-0.5319000113694969,0.3707962826965634,-0.7033597417765454
934697.0,0.7567136895862363,-0.16553737876738817,0.9640828834047908,-0.6098843181390186,0.8954181619323236,0.7597101726873174,0.3575651118241303
934698.0,-0.9136775351033943,0.8578290904750603,0.025562585978034624,0.9249041602031189,-0.31390738389282014,0.36010165065858146,0.9574858630795791
934699.0,-0.7877141160536574,-0.9209920143181007,0.3805000443155735,-0.2609140451676497,0.5560918965477608,-0.46098668136474696,-0.7955181683002268
934700.0,-0.8974628664720772,0.735446733916163,0.8965344368775077,0.7240825281671022,-0.1054077832521072,0.5726412317612473,-0.6407309882679992
934701.0,-0.32691837246424127,0.3388420252367905,-0.04174003063697551,-0.14359348143373873,-0.6423837795520262,-0.9023581467712851,-0.049559796115218546
934702.0,0.29727223160738014,0.32874030915747543,0.22777418336233834,-0.6797631899938594,0.1420823876682391,0.9298691269161712,0.29996045088415113
934703.0,0.6038805563828289,-0.7865427822131545,0.3270045739282932,-0.6217537094002248,0.795786238308098,0.311713423808085,-0.16952247012024535
934704.0,0.004619974119549175,-0.7694966012597113,-0.36320774010944534,-0.2035479642049498,0.20784033843807714,0.3846685837352346,0.06839025710200697
934705.0,0.7635747595045077,-0.45395212394197526,0.5794897204973875,-0.5512164071563788,-0.46124413211633075,0.03907893647203298,0.08000106199997403
934706.0,0.14378361971999842,0.3743612588545968,0.6112955349830895,-0.5536743625631129,-0.4181268113450718,-0.4085716973966884,-0.20183755432161044
934707.0,0.6914340815944529,-0.14129106632352695,-0.8727273988925437,-0.3171669078652821,-0.20123532976220937,-0.7272437028216991,-0.7940048996314879
934708.0,0.40104426097376944,0.3775898109029119,0.5364720802459237,-0.5140444343639274,0.5138351116531195,-0.5298034567515901,0.5066748206093932
934709.0,0.5070170673206111,-0.17423430077691782,-0.7301819959425939,-0.6150260168738215,0.28999038049185377,0.2578106924260595,0.9075989996987965
934710.0,-0.9263791847732157,0.8184006184916053,-0.07768697424004656,-0.8794084296802209,-0.9226372768825781,-0.1266480756148114,0.5978902146027143
934711.0,0.31243119901260763,-0.8968783140052017,0.054430954201078574,-0.7464251432102804,-0.7406076676184101,0.9928458890693137,-0.5317549773244492
934712.0,0.35731453182319384,-0.04843067633860243,-0.6308101727910416,0.39508104127220656,0.4556005582817957,0.14557121844145793,0.46610502623524286
934713.0,-0.42208409684513315,0.4622494392852179,0.10030089696980937,-0.21393536877112007,-0.18570746590926346,0.4284343016266303,0.7532284940189844
934714.0,-0.33555075774688903,-0.8353582028357844,0.3110440160166894,0.734669440256966,-0.28193030042738276,-0.43256755810380043,-0.9874524845816111
934715.0,-0.5843110604877018,-0.20251551387804967,0.896398318310994,0.6422396740260856,-0.4864872843517689,-0.4804652119728494,-0.7899365670792007
934716.0,0.030992220871216336,-0.045336044451603996,0.9094711585052107,-0.8469343330008932,-0.4032733486075346,0.1281444854281495,-0.32089821584473865
934717.0,0.8426122686464219,0.4431289445654092,-0.25641075974832983,0.27098140758867717,-0.7255912635491515,0.7635496136292372,-0.7367188671822094
934718.0,0.34632991660007195,0.9710310103539417,-0.8538360381434282,0.5715815984864172,0.09224869191077767,0.21425546192566136,0.10948168173068162
934719.0,-0.692565066093284,0.017537888063918983,0.34089771791018975,0.8123540010964574,-0.42918792989409815,-0.32761544605626947,-0.3618024577533592
934720.0,-0.0986926730633424,0.5928719347546476,0.4342521627400666,-0.2948898668704849,-0.9184854771154674,0.5687863966609679,-0.5393539396099383
934721.0,-0.8891261839001994,-0.8610471265621329,-0.7874190078065046,-0.7062022187226504,-0.5742041076773661,-0.14579873014213018,0.8526510717760374
934722.0,-0.5421384339935127,-0.4767315704746773,0.3148959960670388,-0.1825009623549687,0.8742621310109417,-0.4467257648583458,0.04641384627009937
934723.0,0.14793784476780436,-0.5401380094405863,0.6090088559226026,0.7672515326439451,0.5877808449578901,-0.002329114588009329,0.7898504548665801
934724.0,0.7882759168085172,0.062448217596585254,-0.333957175192676,-0.7892357827624923,0.08441134119872173,-0.0618221914857604,-0.6943809751577739
934725.0,0.7364636593867877,0.7606937663519753,-0.9473425419981856,-0.04126681919567399,0.8614201875276215,0.4861251685845571,0.4617465639870757
934726.0,0.692865808931743,0.520450256181521,0.667062054928915,-0.7941346111953795,-0.8968628526705942,-0.3373046187432762,-0.28291773430813194
934727.0,-0.3139654977835278,0.8554846937888898,-0.23680919015987478,-0.42754116040389745,0.44772354639783285,-0.9154935361022483,0.52124151840045
934728.0,-0.7249141569068185,-0.2525230466427353,0.7542323892919176,0.10140160333230908,0.5993421863137474,0.45609101550955855,-0.7479277782383911
934729.0,0.08419112864456624,-0.6146136063881085,0.7392910354888638,-0.563765127575234,-0.23848293221017225,-0.5664507453945131,0.9917648093221223
934730.0,0.5826208735177025,0.8629640894114101,-0.12153282512088115,0.2307814541317641,-0.1252695579473957,0.7230409367502093,-0.5998120104769622
934731.0,0.18112978429971482,-0.40533654304048583,-0.5029911889862795,0.6841789649365131,-0.6652632475191027,-0.23693471635050312,-0.6328582863409535
934732.0,0.6963493307798614,0.7507659520977081,-0.1906029914688434,0.5270363538884402,0.48280949979988264,-0.857417761604796,0.7064025896932213
934733.0,0.5444732989568359,0.7655512520538403,-0.048511827504482685,-0.21719897020923318,0.19115068219353937,0.8805997139400139,-0.7905003759647717
934734.0,0.966969937739661,-0.8497922064755445,-0.48425565845804197,-0.25760179459858223,-0.21609601833801761,-0.4830109392247457,0.9019562067780289
934735.0,0.22891214376782165,-0.940185116375271,-0.9148428565743048,0.49689277603944015,-0.6022242574638395,-0.13523961246460714,0.7965087314906631
934736.0,-0.7405321770477709,0.322692723341355,0.6864030413503166,-0.15985641865426525,-0.5855948584487123,-0.6243915385859085,0.26977019421415993
934737.0,-0.1229397784535502,-0.9290155911944746,-0.7757570779319707,-0.7378907613697083,-0.13852560466068486,0.7206043399077862,0.6598278344477868
934738.0,0.18285450817667193,0.5293744916222896,0.3213771858035033,-0.6956251483323832,-0.9941141439803889,-0.3375406686268432,-0.26112762154195845
934739.0,0.5173424428280566,0.2600665811814986,0.4952339378642088,0.8608339216371543,-0.3705581455397724,0.8832542395931526,0.23223708480579885
934740.0,0.3133687399172993,0.19988372683029376,-0.30865097333101366,-0.46629051438083047,0.475127348853263,-0.8974882649206328,0.3130279778264675
934741.0,0.095947000135858,-0.42353317764809995,0.03736140250158426,-0.07347582847719458,-0.14807499599272922,-0.38749436701915974,0.4726765325695721
934742.0,0.5775720833372517,-0.9788871667490049,-0.17923808688775544,-0.26557181965095533,0.706379801853144,-0.6706737380053533,-0.051524070930273336
934743.0,-0.05563037117053593,-0.9987703653196285,0.1577433665026351,-0.49239818905640464,-0.9953901898823789,-0.25574048873626376,-0.07839008739430442
934744.0,0.22227437869228983,0.7017414863393696,-0.12659399418546724,0.669805391621479,0.9517562622835076,-0.9230574772235498,0.0037686971220587395
934745.0,0.6033921913371201,0.7052676112141005,-0.9941925552026614,0.5604661252150227,-0.9551737675537919,0.9734944177942404,0.39279104472082005
934746.0,0.9756090683423018,0.14862910427419007,0.3811843124268486,-0.5570041336319667,0.08051146815804322,-0.69837625681145,0.4479291586069649
934747.0,-0.809915820110952,-0.31545020184413786,-0.2886711975475438,-0.5982745794706097,0.26076773231180317,-0.6591681860906302,0.8575923180311809
934748.0,0.8332309031923002,-0.8166728269843819,-0.053637740850199345,0.7157286581810502,-0.9236853498830426,-0.37349266071768183,0.797034854948621
934749.0,0.3872952509792942,-0.8119754486288919,-0.7488813085491663,0.062489960981275905,0.4088923100533528,0.43492919711412115,0.15709697034983372
934750.0,-0.9966429371327166,-0.7689913496815046,0.22233129845245636,0.6103076680385626,-0.6134717788408319,-0.8772031409526326,0.49081663418068566
934751.0,0.7253805319955675,0.8892604184436623,0.10186683472234637,0.6404137746018799,0.23295271273385154,-0.6698950333879921,-0.3083543882851778
934752.0,0.6348465725816694,0.6471444486223177,0.9952909591388654,0.9973553314241703,-0.9315953985684513,-0.2361318209770369,-0.7730920484758841
934753.0,0.9852783318478522,-0.3248901085852134,0.1809285477562952,-0.0054598737637541195,-0.4320967016218995,0.328388085365533,0.6032036363910975
934754.0,0.6784177974083816,-0.5993585492238274,0.4669821425668066,0.180831016057043,0.7072956098555074,-0.8751569214672699,-0.1832161220108144
934755.0,-0.8870803113053964,0.9065381230722727,-0.937145105601404,0.23765421842960466,0.9248275470421334,0.9960122333773922,0.9135388768306363
934756.0,0.9832155888529985,0.8543559462502959,0.7885238256258387,-0.26721517006289486,0.5891185642821601,-0.42366639057301314,-0.7479009745990322
934757.0,-0.1235374392385884,-0.6511385052369274,-0.31236952719475997,-0.4341498063569651,0.6106835760186686,-0.297406293225593,-0.4630363390299206
934758.0,0.867891373162418,0.11243083374634888,-0.9440801006389405,-0.6579291617689755,0.25391197518183883,-0.5542459257182784,0.8318648778243398
934759.0,0.11705368817112949,-0.010675175356077427,0.49242838480763385,0.5829855689413337,-0.552359112275925,-0.2833527375083491,0.3642602386372371
934760.0,0.24610656401881892,0.9769523167012162,0.8698345532885168,-0.20772437563171997,-0.8348248403380054,-0.11966294646213993,0.9897672286888781
934761.0,0.1826365675959487,0.522516576232366,-0.19133773169487145,0.2891216878210232,-0.6117600191269357,0.6614842921734869,-0.9287740019650779
934762.0,-0.21768645233426298,-0.5023908298292352,-0.7961669751953053,-0.4217908211462811,0.6893019361334649,0.42571722088037545,0.6433679198385136
934763.0,-0.9458357085454647,0.26552800449317204,-0.6613595883337771,0.16379054298313545,0.5860145267733408,-0.8148964375600793,0.7377126492046555
934764.0,0.897729642507638,0.39589086098914295,0.9567600311552484,-0.4240259633618373,0.3404594773459175,-0.5469716188317177,-0.48955900330682
934765.0,0.9860023750106628,-0.004824148983269438,-0.9221553469057515,-0.5513095996488282,-0.003487441977245709,-0.7468514164555369,0.59266793660253
934766.0,-0.50741738809817,0.42472657002257264,-0.4989749124184837,0.4114669930139878,0.13292269080894914,-0.16349823988345258,-0.9323762573353866
934767.0,-0.2451474065170629,0.1915887552927631,-0.4074296457163684,0.8366345217660014,-0.9301941753138248,0.6012772715544081,0.10887399150977894
934768.0,-0.7265956390679702,0.6252123065331496,0.3060771759250167,0.7262137798642503,-0.8645336661694474,0.4029272389183023,0.5084969876957943
934769.0,-0.5114670280681313,0.24319892293189183,0.8971357722734861,-0.8800529400031964,0.6566255130905221,0.16697740162771013,0.44620661524649874
934770.0,-0.3814687594726909,0.7914263894900226,0.8605099486869043,0.5107315148059819,0.655468079441295,0.6125264515100928,-0.829400581423269
934771.0,0.4964942692837724,-0.9072880393834089,0.39893912907240603,-0.35894084313844354,0.04723053816883027,0.17073774601577751,0.2751743204542958
934772.0,0.6250803867755859,0.5448052242407186,-0.8380924123281366,0.5268821865643112,-0.8422495463663755,0.7097259310630359,0.5584545985953815
934773.0,-0.5582329039652711,-0.381817858208803,0.2897281599551007,-0.23431166328987452,-0.5013045114572847,-0.7914800561122455,-0.06029956404430448
934774.0,0.009159024069421262,0.42683880084043113,-0.3869886374921645,0.6232736309810274,-0.6734441794010586,-0.38021512816107994,-0.7585950236922654
934775.0,-0.9219117592237327,-0.5831609976493555,-0.18576841933474397,-0.41247853335272167,0.13204742584463203,0.37442828686202634,-0.971589484264618
934776.0,-0.0869606751191574,-0.18905759850303538,-0.7716239864111651,-0.43384979800585377,-0.8521739089084381,0.8260423534377224,0.36835760828568587
934777.0,0.3998681579166865,-0.38103072382398406,-0.90294511690802,-0.1366174617947553,-0.8816669422468075,0.966193215343861,-0.8502674966734209
934778.0,-0.2621622110684221,0.8776416252222006,-0.37986268226431874,0.420635831703438,0.452761037912095,0.9070542107925788,-0.4313477943645643
934779.0,0.8081765237006249,-0.5807335761133843,0.389654333697103,0.4894325537760469,0.3297067375492664,0.9592002915394282,-0.8549058532528739
934780.0,-0.8805438274988857,0.5019861596656998,-0.08689234238014465,-0.3873995812892814,0.054856651117797695,-0.2863956034233619,-0.5134592935215239
934781.0,-0.6600530066752475,-0.7336381114818114,-0.5835974873973728,-0.7181837758261775,0.1290042627157375,0.3969056675031122,-0.49072574645283584
934782.0,0.6484127031262255,-0.8998149000878071,-0.959481130795032,0.8734362705852541,-0.34374114936283573,-0.7547820804915479,0.03404233803728429
934783.0,-0.10024025979861073,-0.45156129331128736,-0.0785789634648848,-0.49260660247211163,-0.8024890807732303,-0.7729968904885329,0.8609323183882303
934784.0,0.3351430592004938,0.8362463645922296,0.6197085700725598,0.25398843834518825,-0.7947190961530246,-0.7989213230458672,-0.008469720652894752
934785.0,0.10336370948564255,0.9813815661893506,0.03807321278638587,0.14729522421420427,-0.31955317077119316,0.9467741775831611,-0.667403389299337
934786.0,0.17260943903695058,-0.3947667706592213,-0.5223192743477572,0.4560155793784735,-0.6841372164715385,-0.8466281685160466,-0.6885712794041583
934787.0,0.5919576445855999,-0.24728350806898014,-0.6590431966062202,-0.31015350591910806,-0.8938218487755423,0.10996140279118749,0.6249238072948229
934788.0,0.857205459705501,-0.8173201620560748,0.6480058864297569,-0.5462200739435947,-0.9222946991506915,0.13809456003391496,0.6707485879006039
934789.0,0.8266325496875304,-0.9718142315963498,0.20818649157010904,-0.3154059884770297,0.0993106664654082,-0.07917722544272077,-0.9063451805031613
934790.0,-0.8354142276445289,-0.5547995504058065,0.8182926890181126,0.9077209851800396,0.6495271114079033,0.4887824448041205,-0.7942277266711226
934791.0,0.8759285544622799,-0.9987728897865871,-0.4259948424862685,-0.26161833154868375,0.9304641232401283,-0.35154833627201354,0.5330435809472052
934792.0,0.4040865765085826,-0.23321710406718976,-0.1672747487375732,0.2775928148383653,0.22259630219259186,0.7436206562383358,-0.49040804671014837
934793.0,0.1033800833414944,-0.9586979105707814,0.6409345110722322,0.9399251782892557,0.7468307591209462,-0.5327573737388385,0.3670798589869686
934794.0,-0.49778920226478207,0.20895068049416565,-0.9715624881486955,0.4341906569033973,0.18684920269848604,0.5519929585466756,-0.29554653040326384
934795.0,0.3563916670489202,-0.2561865579900833,0.20067031622750608,0.4886301022586721,-0.005734404109605018,-0.3956028418334341,0.6485375538576663
934796.0,-0.07637582857124459,0.9033617433013985,-0.8643904587592024,-0.7260823454276435,0.6996663100330793,-0.1679208858789678,0.6430034131921112
934797.0,0.9194550193781512,0.9750165313310655,-0.6844051057336686,-0.1530053761420065,0.771020398900893,0.34416768625219163,0.19846825613231478
934798.0,0.5733859633431706,-0.8855131080148801,-0.3795184340494018,-0.18680954018619111,-0.9063109227822663,-0.632633089261539,0.5301810066706314
934799.0,0.7939633610018335,0.17161883074367146,-0.9046423195947142,0.15303093909169152,-0.2493350813533073,-0.31872743450147745,-0.5071930941575353
934800.0,0.4614387407019791,-0.9319829323700963,-0.5224376924814886,0.9674760249898029,0.6894922667748467,-0.7453138244623954,-0.2949089702123069
934801.0,-0.5346558281108498,-0.09268336791785314,-0.5170095660782892,-0.5934688075895902,-0.1524627140988073,-0.4343883155649846,-0.061089825498754635
934802.0,-0.4645386793654003,0.3513087073859147,0.34624241374333464,0.2912759655849304,0.2888210544082912,0.2098402336706675,-0.6429938214548685
934803.0,0.9394465469697717,0.23254296572832867,0.04592916473972286,-0.027150716051378643,-0.6417763255495419,-0.7140076746463073,-0.5034103533878382
934804.0,-0.453261600386496,0.11084311123690771,0.5051870301406953,0.5701559612107006,-0.7526869690358053,-0.7395336023612942,0.6077257167455048
934805.0,-0.08601136712304891,-0.8126411436698142,-0.7242079318025487,-0.1598753767961556,-0.682588570244411,-0.08998355751178266,0.32962195255600246
934806.0,0.5534292187843155,-0.42925201505423005,0.13263146299829343,-0.1755266507112334,-0.1619136993002237,0.6173694458858043,-0.3619271683401317
934807.0,0.9106153516150901,-0.9126134624186817,-0.4091118920170045,-0.8521682338269452,-0.89618641842161,0.8327706918851949,-0.9529590611610614
934808.0,-0.7481966100604767,-0.8874023523497505,-0.135686825106188,0.5099184853542955,-0.013893790334986056,-0.7766169131581346,-0.7353351784354645
934809.0,0.41579441860516075,-0.3436084288505945,0.0972120703223005,0.8466247889274132,0.1970237463528992,-0.14351756684353112,-0.5537780182992882
934810.0,-0.4980687125810823,-0.4276259286325448,0.30003165971660617,0.11433477034190465,0.776774653110667,0.5672415075425628,0.5760965679572061
934811.0,0.8072395079119457,0.4147267672022792,-0.36969370180309813,-0.3337378132068689,-0.7821065599265324,-0.9910818779099722,0.4504186494057725
934812.0,0.5578973205169253,-0.12542350273070535,-0.7741793268113977,0.29688821144414956,0.8221141248545794,0.6484342130039902,-0.6467728628386993
934813.0,0.1579010844831874,0.7893159190273673,0.47779079558108584,0.9658816044758376,0.693625191712351,0.32936359483224975,-0.8078939245478729
934814.0,0.7156121538095686,0.2740803430553058,0.9736027563910661,-0.6218960634275237,-0.980719309093919,-0.7054454551862017,-0.3229105713060343
934815.0,-0.9666391710413402,-0.49549743445878147,-0.9012678580251421,0.7726706251971651,0.15495104030725382,0.5626284635229086,0.5523137807861958
934816.0,0.15971567437240708,-0.8434047135482661,-0.43415845770072026,0.275305175951122,-0.01800819267520226,0.47361867514286415,-0.05294419684450613
934817.0,-0.6855570698434652,-0.6819846352485888,-0.24953935658736093,-0.6177504608877866,-0.748753035631702,0.8069097852787883,-0.17583151539627284
934818.0,-0.11643102408010764,-0.1246481307547338,0.05026098821749092,0.05591204808069139,-0.9565181527868303,-0.04207368459011995,-0.4805119635416082
934819.0,-0.9914634789967889,0.5346870946945934,0.8543070788373044,0.22960903123087917,-0.9086073245761042,-0.7636391652609549,-0.9655240078220715
934820.0,0.5480375595840739,0.6554193333263925,-0.20940862081959755,0.7979483946354715,-0.3334127956810766,-0.049182169117796715,-0.8785251987844813
934821.0,0.3163513654696095,-0.5034428571068854,0.7981053801726148,-0.45439702514886093,0.14876877151588142,0.1490415057934973,-0.5404092087139276
934822.0,-0.1660896669732579,0.9023921915609532,0.2975259436616322,-0.020927083005809477,-0.9550408166543618,-0.21785847187459995,-0.8882101232321418
934823.0,-0.8313559776742276,-0.3659422500873726,0.7323607085494648,-0.07360996226445726,-0.04938446124160811,-0.3542947226088389,-0.37095395845945034
934824.0,-0.8043855720489517,-0.9752233842482143,0.5869711273385643,0.7891542455556482,0.17853868572073206,0.2662905971762213,0.2307307092622226
934825.0,-0.3774973869658942,0.7409157934669517,0.1793274974447805,0.3292064086462798,-0.47855523891388296,0.07255821830367837,-0.3030096903582318
934826.0,0.29490795046663054,0.5329642071661551,-0.3011189553414375,0.13180404234033105,-0.41876375105626784,0.30668185493757427,0.8196748386479318
934827.0,0.7590064620137777,0.016671597440146124,0.3300337651775527,0.9416370340315818,-0.649559582049672,-0.6993729342992625,-0.0842100782102082
934828.0,0.9276781357111963,-0.6313987819172528,0.6775643092952834,0.493882578821478,0.39959630945297886,0.41825961472203854,-0.3642237993300974
934829.0,-0.6799236233023975,-0.8333699584124121,-0.8271068487130984,-0.10658512362795047,0.05807226026586476,-0.34181371620176426,-0.5641620406119019
934830.0,-0.15990323007742924,-0.644105090359375,0.15885664066797367,-0.7440776055253753,0.6882114626213895,0.5464765583813125,0.8222821649235641
934831.0,0.8929478081737174,0.6193505880871812,0.5809512739888145,-0.5051478881061393,0.05539653739379258,-0.47586304852538697,-0.27774503567321474
934832.0,0.11228788241054755,-0.2172097783429523,0.8522662862526318,0.18943759175646746,-0.05194844769399931,0.4943120307499629,0.8225035877034172
934833.0,-0.8478200588284392,0.7810688018450112,-0.7676074029922555,0.49074819606596276,-0.6127168944992512,0.6080414987145786,-0.04601537392975019
934834.0,-0.13871037614082415,0.47395407966203895,-0.9189182432269944,0.5701925326315331,0.2795214555838357,0.4883320515955374,0.7257680770818693
934835.0,-0.7222421462834734,0.5297430969319181,-0.40695006585469007,-0.352815495131932,0.0872943531495376,0.6896361858581757,0.1817783246303757
934836.0,-0.675148975676725,0.7219397643780259,-0.08660043057702294,0.8560439038194723,0.2472118777071557,-0.5726003641064497,-0.847149578820839
934837.0,0.06822470007715209,0.6195076083385807,0.6799217855198898,0.691859004677984,0.7567651045965635,0.5838726325964858,0.4409194092908706
934838.0,-0.975339649364189,0.33141668339005603,0.6084341971037301,-0.0647880289422822,0.9538583554137223,-0.8172294112559195,0.2307288284562785
934839.0,-0.3264193233429151,-0.4214712876183846,-0.8202020288804523,0.6582544090703959,-0.5117546114064115,0.9961516686730354,0.003471763811732087
934840.0,0.19553772283417392,0.02118418694047519,0.6475795168575542,-0.3795997977373018,0.3691827257453495,-0.9851937689206438,0.5838608727046262
934841.0,-0.8001842280535201,-0.5422395373256486,-0.27435384434370613,0.5848243228081982,0.20663623377031026,-0.26154926651278587,0.05081636599819639
934842.0,-0.38254241503732933,-0.09997628138908499,-0.810626034284855,-0.2618914113284756,-0.34499818948484595,0.7751546994815042,-0.9010679695758479
934843.0,0.9715368005590699,0.7061112752071967,-0.650080529348527,-0.43239035957363825,0.9020742163753108,-0.04718721697443473,0.8074085239546658
934844.0,-0.24621043187609248,0.4847349607872482,0.0034218490301143323,-0.837613555347313,0.9071069656165118,-0.41231030310335104,-0.9641739803580909
934845.0,0.5594181347736287,0.926132657120047,0.10742865971449667,0.186139029227383,0.2944130863491097,-0.9535575729447048,-0.1787261961427522
934846.0,-0.055970188948797794,0.24302128056014216,-0.09043346266585495,-0.24995550020015744,0.40392108782613834,0.8483414535222427,0.959528921630258
934847.0,-0.8680550891961265,0.9324341244792593,0.639988933383252,0.37045276976132135,-0.4472426864377841,-0.4694121548164951,-0.0862727743176328
934848.0,-0.5005662612864241,0.20601383736105516,0.6836869685350273,0.6414729552264773,0.1579729646672403,0.179447012959006,0.21452015700467042
934849.0,-0.3056898747890082,0.0201763277612248,0.5803105839068645,0.12117802525942856,-0.2118006758819817,-0.29979957138343116,0.24069440226205763
934850.0,-0.8503420473201895,0.9890800953030716,-0.9176398567877377,-0.6713336526208602,0.41988621377900515,-0.7251454016991059,-0.012016421321272563
934851.0,-0.7066447574244272,-0.8402194473112246,0.46235340329952757,0.36256368076548684,-0.4028457325082637,-0.8805267353526458,0.6375121927221647
934852.0,-0.38520070063343836,0.9528987471756589,-0.4915236205752649,0.2951828598605186,0.22224368913521153,0.75965693933379,-0.5129987514058931
934853.0,0.9036554717027709,0.398145174099525,-0.7523134029031315,0.6977712542706158,-0.4889224941563306,0.713872279887521,-0.3874248399589444
934854.0,0.024043918835276124,-0.10819972269099676,0.10835361485722794,-0.7558230587536505,-0.0367951732706262,0.2659308256926216,-0.2629648876842674
934855.0,0.8071790858571684,-0.5781108884042225,0.960278196298735,-0.02669278170872902,0.23715284780428858,0.016293350425211628,0.9543301224149783
934856.0,0.5423805482418931,0.7983387960370567,-0.613270109188307,-0.4053325448406413,0.4970477560235782,0.4022901467866571,0.37598286698441297
934857.0,-0.19215279259194107,-0.6097463355447987,0.40080180770094986,-0.08795623784515705,0.7686827474059765,-0.5984411597885122,-0.9669329292854845
934858.0,-0.44291179598414865,-0.6550231647971567,-0.5656164730623261,0.9388463893222596,-0.7916931999997796,0.4111997188257126,-0.4784672397058991
934859.0,-0.03395985987690442,0.25363531785977433,0.7021056180573582,-0.13489494936764523,-0.08082816576134744,-0.6808036101583064,-0.1362843485173031
934860.0,-0.6513068932877173,0.4797969567203666,-0.38210988279847835,0.14621384357395595,-0.9521674605728099,-0.5744356740136911,0.13440422517926565
934861.0,-0.9044450818782321,0.5985053873578572,0.7688341174649562,0.11711501933862656,-0.36341197701856087,0.28555233895189414,0.5542938563352307
934862.0,-0.753640541386861,-0.9226207134600788,0.04541099209075483,0.8790551249681751,-0.849566808546089,-0.4788751160874658,-0.999296551401623
934863.0,0.6750421558759125,0.7572787463300474,-0.6431753001825455,0.7502846961714564,-0.48494286554980315,-0.8889173824118446,0.46056965122719995
934864.0,-0.9323686462775747,0.35051604505603584,0.9315439823541525,-0.821848820828722,0.8177854055858924,0.7239089286682732,0.43837854062731485
934865.0,0.5261446442959234,-0.36884108259754433,0.3390133145858898,0.9876903108588082,0.844795155988008,-0.877922354290444,0.38854433258756926
934866.0,0.1339995220295649,-0.40366647027100444,0.4144910362413434,0.7385039373261499,-0.5910548909447266,-0.6426409799467059,0.33582678918807707
934867.0,0.46469210222061785,-0.25391650684731504,0.439532081386405,-0.8875727503909687,0.7041498818258547,0.9605626387315074,-0.3565055209659167
934868.0,0.9557767240145587,0.47143928532036083,-0.8584700787048205,0.8045722841059006,0.4948183938686288,0.6267138767315068,0.6318898385227627
934869.0,-0.20132868844390095,-0.011320747219478733,-0.6091010653574327,0.18083874168596914,0.08928386036589564,-0.7649152939760915,0.05199893935805733
934870.0,0.6761392873798298,-0.4408977238476455,-0.8458600565011507,-0.08821298015176882,0.2547252312311259,-0.5148811074737456,-0.4353747754618269
934871.0,-0.5010910142362397,-0.5711247993615807,-0.0782229826849763,0.2999936748441865,0.8675572745071305,-0.41248173160807045,0.14696346142444083
934872.0,-0.43521669120854956,0.0435689282095002,-0.3338705094811787,0.4323623369984937,-0.390249683396384,0.7549028602596977,0.1781157694861062
934873.0,-0.9840560259438489,0.01422288477995104,-0.9966310176089819,0.9972613275274667,0.7689494609975469,0.30331217987893555,0.8013844369949272
934874.0,0.574967197002487,0.23400943327026802,0.5651201143595996,-0.5792109371588916,-0.6195955534984294,0.5602080704175318,-0.40408642383929516
934875.0,0.9961073093052226,0.3654785493771293,0.23028708523123265,0.48252828120937274,-0.8483455495981289,0.03284355705137898,-0.7982610727036719
934876.0,-0.1944695923984059,0.5658332125272147,0.48126917641013467,-0.649091725929958,0.608827269574371,-0.6855148622566689,-0.5236223022068729
934877.0,-0.15950550140045183,0.9430562103605304,0.5575068669920589,-0.7873702770068927,-0.24666146907185071,0.0646647289073301,-0.4902924183434476
934878.0,-0.05446231456112405,0.9535383527446939,0.6293648601579191,0.2225091708411031,0.9879940277903212,-0.024051870176080126,0.45172808601308034
934879.0,-0.22858828338259718,0.19460969813593043,0.08022885518436795,-0.2811417304844892,-0.2555062120294378,-0.8777970896368668,-0.34500218369930824
934880.0,0.1871783962458693,0.7628828483640522,0.6028580164674695,-0.49530882911263485,0.11429405277230731,-0.720263305024283,0.4456080155495723
934881.0,0.7476484477307455,0.9792158217276923,0.5733506165748858,-0.730790602836378,-0.3606862679450762,0.8813623349112569,0.42541648846010083
934882.0,-0.15279037399009265,-0.37564941976461586,-0.18798227529702327,0.5280255090467121,-0.021598331553028594,0.8319423446230398,-0.5755171330399185
934883.0,0.8596512147883006,0.7078011076414095,-0.5198643873602864,-0.4690091716304434,-0.4312020823883207,0.48757525938545787,0.7161037718017593
934884.0,-0.7010950647268877,0.5648440332295102,-0.7074847425805246,-0.32556934145289973,0.3139436312327655,0.4186814453017096,-0.17813928110098654
934885.0,-0.6215651497658377,-0.025487288663043728,-0.914454480638718,-0.9603911111692034,0.7585786670330981,0.15775801108572707,-0.46170473402824563
934886.0,0.4244197280196289,0.48331306142442765,0.6645347005759703,0.20097565540816587,-0.691833945937864,-0.9623023525361971,0.8341694857600237
934887.0,0.4148970949769728,-0.5372067514961449,-0.7477857136782153,0.6827022624364487,-0.40767830995031895,0.5660639469690667,0.811531481583551
934888.0,0.1918910590977836,-0.6445193380408911,-0.03607371545921567,-0.029710644759190385,0.4130572123187042,-0.3405474641882935,0.7169171067563087
934889.0,0.43422905495118136,-0.9854825633981825,0.9236314139936319,0.4913752267314322,0.6715848554636683,-0.730836495850705,-0.04846825786246889
934890.0,-0.8392990830535925,-0.9306440732580958,-0.7380550786603688,-0.6802917643306263,-0.6438538442927613,-0.5782975417986012,-0.4355863074602433
934891.0,-0.12410312128652135,-0.1268487904225295,-0.2142424798745728,0.30099309263457474,-0.6328296449209863,-0.22047707305680375,0.9107266472289162
934892.0,-0.11353965148913026,0.8404361610653535,0.49454514011321216,-0.9419487987480173,-0.7611977262971541,-0.7198769216649143,0.613140391815161
934893.0,-0.5753929591169744,-0.9893060640093012,0.474786983703094,-0.03044845391229245,0.5640479011530182,0.05735032167431253,0.10330082540077834
934894.0,0.5747952821925004,-0.8118739729744557,-0.1816734115587868,0.017679026408528253,0.4712853572314588,0.10896479117519098,-0.5338948602935167
934895.0,0.05028363608308939,-0.2179902620061922,-0.360831900482776,0.2877615726119638,-0.6162266373553107,-0.8244303225226022,0.6869158966346867
934896.0,0.18340433953792057,0.3383881140965632,0.5247317603015031,0.8632965742660925,-0.09649820890623562,-0.48508579389812057,0.5709774172202866
934897.0,0.2135602092269704,0.7022523171717203,0.7818721299659657,0.23771438458119865,0.034167179067032594,-0.879834262039831,0.6358832348304737
934898.0,-0.9745102194381874,0.9748879984579892,0.6093764344042261,0.7133477291339392,0.9938362197840966,0.467898440328413,0.8482174972912313
934899.0,0.3765396196394819,0.7532180926035603,0.9136533731941814,-0.5209335199648486,-0.9406538680430443,0.13861440055528473,-0.7626058329754064
934900.0,-0.05776711639520604,0.6164501042504535,0.806573557151055,0.1749950835677463,-0.5691417143067212,0.9564679225126886,-0.434706191672638
934901.0,0.021664158279798507,0.9410163029081895,-0.014060839655929636,0.2630673855157404,-0.15175357771918696,0.21831229008236175,0.7798345936149784
934902.0,0.812080026440797,-0.831533930774164,-0.5438200467841965,-0.12413737192115581,0.23441029024036242,0.5380862351580695,0.017109506125637886
934903.0,-0.6308140099361073,0.8694940523172836,0.14196271988741804,-0.9374605337861688,-0.25612562456650756,-0.05394344893547953,0.14283149687484098
934904.0,-0.24839097906527452,0.7333707409520454,-0.03327685010067771,0.9752078776898156,-0.33641488277950793,-0.25436491766215785,-0.6375021099831208
934905.0,0.48657361068485283,0.16321974804757988,0.45592163580899236,-0.37594870144615467,-0.5630483444059995,0.8911590072960267,0.9976427636504208
934906.0,0.5466385995849694,-0.584688036046598,-0.5082333163956656,0.8675044924690358,-0.264493005565541,0.8931265882079569,0.20673742105689707
934907.0,-0.7734484606354548,-0.8454838058559606,-0.835204295176232,-0.3003207561998553,0.9837256690346843,0.5249362459050926,0.12974073663872598
934908.0,0.23225086401539774,0.4669758258587131,-0.4776999083279878,-0.06254857663597835,0.08929613698362271,0.8810263919737342,0.7258459335252163
934909.0,0.23634428329902124,-0.037065043182905155,-0.6986717478110969,0.6372888528389864,0.589429762036223,0.8358064708398489,0.3763055020406889
934910.0,0.4709802836375836,-0.45595240918265056,-0.37174147999521545,-0.937122219687309,-0.1569581685300001,0.2660820239829018,-0.05817473230870096
934911.0,0.2306103445072869,0.5946198768647302,-0.5278689452376562,-0.42030789258472345,-0.5229913791391727,-0.6496637765903817,0.23479256723553266
934912.0,-0.6126781114445228,0.14737837399466924,-0.7968197857302919,-0.5198215604573428,-0.8815402111808188,0.04162546608987272,-0.2314495629733906
934913.0,0.8607287624015589,0.3599377077544883,-0.9876491499314028,-0.6707656141828306,0.3896841113106624,0.6167821464138381,0.9632332985737704
934914.0,0.8636599711637398,-0.24261128556384315,-0.13840665350258408,-0.39918323981151405,-0.6874062203740681,0.8110479220501856,-0.4738448857234281
934915.0,-0.6823677214297119,0.3339033126155324,0.9126041170450596,0.46018902527015193,-0.6537857261743134,0.0504201775798947,-0.40347851381143407
934916.0,-0.8998482138597081,0.2277375519059066,0.6556924901058059,0.7167999744319493,-0.7675954524171065,-0.731040470786082,0.7512798598333761
934917.0,0.03560064753305614,0.15255048783494374,0.7241608734268312,-0.21460870669835663,0.9672344521406944,0.8389267993995768,0.3564786655935659
934918.0,0.48488722456509836,-0.3684762101052148,0.6151342698125153,0.9401910033947625,-0.9220287672802259,-0.23525196409458649,-0.27212477923367095
934919.0,-0.9637533293356912,-0.673892175422049,0.12133956385014155,-0.14462553420849167,-0.6710947821962161,-0.15084140532139267,0.6875225956356914
934920.0,-0.7211340518618419,-0.8780646319188843,-0.13483314090120335,0.03460430827517058,-0.1185991144369809,-0.9652609424837966,0.19036487150004477
934921.0,0.8853248977606456,0.0018561007944470909,-0.6342667284624706,-0.6704718969947714,0.8475793577822681,-0.21152137926798442,0.05002942445469727
934922.0,-0.9573232166598984,-0.1252446342165432,-0.9416273458247486,0.3966017298877309,-0.3267836253331038,0.5111100543511291,0.6484707564175618
934923.0,0.32065496786656467,-0.5234407194700568,-0.11014405359506219,0.49149564674121526,0.8880544996508548,-0.5738338401999798,-0.8416616252942746
934924.0,0.3556177462626249,0.5227948505493811,0.7207470233849662,-0.8994073862087326,0.24218550935417316,-0.9313929132599232,0.423293619268732
934925.0,0.6676790331749562,-0.9926396579096546,-0.6542125051608765,0.8534857679472971,0.23174230682704233,-0.2488191344878139,0.14193331992873182
934926.0,0.18572387562164216,-0.2828306534717191,-0.9936843545620009,0.777399790639842,-0.9042455514746892,0.9043202966550505,-0.4465876952164536
934927.0,0.16922011247201207,0.545752057578921,0.6877350152816584,0.27048971025320245,0.6033556602371495,-0.9373373753338061,-0.08227268582694447
934928.0,-0.3420460430164949,-0.7132627463260015,-0.6070219983206113,-0.3876691364178073,0.3138874141105845,0.9710093425958151,-0.4982362844023962
934929.0,-0.24190521478164717,0.7716528227944262,-0.8753127760058996,0.3002593854440523,-0.14883182925039273,-0.7151994558637091,-0.7031252486034563
934930.0,0.5366433141613909,-0.002215345778197486,-0.342420374938758,0.9154199237365785,-0.6974171984234074,-0.5476514636683558,0.26222735749725
934931.0,0.018577435832932254,0.7793391060627008,0.11969613361641773,-0.42855498586106044,0.3473567485571831,-0.6399565106880623,0.3753987948571791
934932.0,-0.39486776830418147,-0.25655976995873253,0.17208319108806513,0.15360741590701776,-0.053810588758527844,0.753392748456466,0.010612223033747092
934933.0,0.36646184538278415,0.005285991339319507,0.9103000654745015,-0.8365073793429056,-0.5095214631098992,-0.7011403929087734,0.5711289048431725
934934.0,0.7280726146442942,0.2682667025623007,-0.04561012622523464,0.15698725635367183,-0.45501668637822834,-0.41584815293394706,-0.7226113200108666
934935.0,-0.12543594253942492,0.5216465162511947,-0.9511353910040918,0.7010296376342495,0.16057409436177505,0.06272405333600717,-0.3530756832630293
934936.0,-0.6020818533716714,0.32534940964033776,-0.20754335365001486,0.28736722051460295,-0.023671713265740246,0.6311462625745292,-0.32653290752185415
934937.0,0.4722414692423327,-0.032628707296876724,-0.6106241994921258,0.48647706681817304,0.8474654065690288,0.1358565332353623,0.6425738546261526
934938.0,0.584632042089674,-0.9437383092010752,-0.5510786200111615,-0.10851138006217753,-0.9610491195994699,0.11497822984087458,-0.7887308881637203
934939.0,-0.5439393936014854,-0.10403080252649466,-0.7677435766781955,0.02985007543705076,-0.25644540168155405,0.7953332290287056,0.4704713699118275
934940.0,-0.20400359009456603,0.3981390281988566,-0.7009507736629894,-0.8904394509051061,0.38262086968036546,0.993292926522001,-0.5514887557521473
934941.0,0.2714222219929674,0.01461274843161231,-0.8883555940443038,-0.5461773336838041,0.15204682779217626,-0.018641177912489537,-0.7456499674125261
934942.0,0.3045815890925323,0.10273728769603863,0.7962577865748794,0.4011594471175899,-0.24769767742613413,0.665472922060619,-0.607723317241678
934943.0,-0.23565115378223966,-0.4176363626891142,0.5005642212262811,-0.5201404689971276,0.8383035062401041,-0.8456005449226589,0.6883235603075295
934944.0,-0.8791294926795037,0.9698631741831485,-0.533260468524722,-0.7530720683234038,0.18968485500061671,-0.14697641745816337,-0.7473557336727248
934945.0,-0.8283000754997307,0.24087564879419832,0.3296398956901372,-0.8362983629274856,-0.23067150884016008,0.32968186693339585,0.41812007313732913
934946.0,0.17058627357500122,-0.5513869749389195,-0.7999111362633984,0.7332102309097905,-0.726562388488146,0.26121599006543206,-0.4838433516618852
934947.0,0.8598102832710233,-0.6866884516052887,0.9949739491558189,0.1820241957873101,0.49391822858464907,0.9006038215648766,-0.0960482790198558
934948.0,-0.3623585312306905,-0.1261346202189928,-0.9462284431227734,-0.048647355536782566,-0.48913746338917763,-0.3993135715602756,0.6820608815541083
934949.0,0.2876341209474411,-0.42553105622774745,0.08266369557562658,0.35405949036559226,0.18113146037600036,-0.17342186544380844,0.5510053706849534
934950.0,-0.7720517772333102,0.9652808766199263,0.9096639567748028,-0.825101005236555,-0.4098003258464964,-0.007424327647604034,0.17208854169658983
934951.0,-0.2814544100649663,-0.27070946816877695,-0.7710709543896166,-0.37152078671773126,0.31001378110308275,0.7142340301290604,-0.731425985117764
934952.0,0.989184439838471,0.6676216913193362,0.9546880166675116,-0.7814886714391029,-0.9439902462233656,-0.1129990558409244,0.6861655219249316
934953.0,-0.38059589456563403,0.8571635053145845,0.23767866996686382,0.7614516970794383,0.2833497164794794,-0.7011457306795994,-0.08162648576714648
934954.0,0.25438271512043586,-0.364930084295108,0.5037742379959851,-0.5953285397419525,0.6256120082498868,-0.6166228779975327,0.5478343546812425
934955.0,-0.09842413469023503,0.5489109317757148,0.7731650191501014,-0.09788278515061499,-0.40892127793937605,0.49425776427897783,-0.10535014827755429
934956.0,-0.03291686648533876,0.48683293965224883,-0.8007177424120908,-0.5142969107733801,0.7273032659485994,-0.6290977135069842,-0.6058593964140218
934957.0,0.34422599361817263,-0.6063973903794551,0.9499240865097316,-0.7428224695095387,0.9615968425346892,-0.882649438713762,-0.3436569956852378
934958.0,-0.9404079574079571,0.23632908737565872,-0.9620721030748642,0.12903293351662803,0.5214535213147915,-0.42331214064083333,0.3445503331702926
934959.0,0.16489152905813365,0.2086836442529587,-0.8775446600481893,-0.6726640603486964,-0.11026156113279684,0.5709137933818182,-0.15873032001528653
934960.0,0.6916212173319647,0.5185684145497667,0.09526173587173226,-0.7331436776911964,0.496924632500215,-0.45700076704226955,-0.02728281941367805
934961.0,-0.00776848137719921,-0.472914983725504,-0.9284006318684903,0.5908789967465691,0.17889698022538836,-0.8964784371471097,0.18069890542456069
934962.0,-0.27561615345052903,-0.20941777908700798,-0.05742929935271324,0.10323753629458676,-0.9089555184187426,-0.473930675811034,0.9130031756649113
934963.0,0.6425324044839471,0.7060759435638702,-0.7685348925365487,-0.9983590090718142,-0.21498795237138024,0.01801409645277796,0.021272949662353602
934964.0,0.5554933408279048,0.5448243932858001,0.642031349943688,0.9378152979753782,-0.19572882749827292,-0.9772038102946499,-0.14775393278675697
934965.0,0.44640007770498813,0.6191376937425315,-0.5779722849377247,-0.2647873644864862,-0.8700158490992917,0.295804503368696,-0.6885703458510095
934966.0,0.32810131381082663,0.30366460518910965,0.31060267461065516,0.7922794227569228,-0.6259785864265788,-0.6183831147525023,0.14156945362000894
934967.0,0.31758711325632905,-0.8119271760703755,0.8520978691144838,-0.3560262749288092,0.8519129788525663,-0.7614656911993991,-0.12986232797811703
934968.0,0.972069622125868,0.9378873564254917,0.0014557523620268853,0.996761725297963,-0.4316223791238851,0.831019139880582,0.8738589106192771
934969.0,-0.21172915012252846,-0.9353381560061225,-0.6765627028587577,-0.3338099228119735,0.3630437233953021,0.7695821653742974,0.8938758599934695
934970.0,-0.3078725783315568,0.5623949005993549,-0.5065728506023639,0.9863861483704797,-0.6806379934019879,-0.41082620314699847,0.348546091808279
934971.0,0.4092160341810491,-0.10056749982558455,0.28820433217013997,0.5338915745754425,0.7594033469213839,-0.455213335123283,0.2322964085732706
934972.0,-0.646864911197782,0.6022018965938567,0.4779349443715457,0.6150934359188311,0.4082014871242423,0.6659209737135288,-0.5614997139658013
934973.0,-0.9449803117955962,0.03308900415864979,0.8553963915232767,-0.5872455826199581,-0.16898564951830997,0.4269706607972714,-0.6955048903109053
934974.0,-0.5235266153617892,-0.4983417099793366,-0.8238827165051199,-0.3432157381614065,0.22428574408084345,-0.6828409060449663,-0.22196421137951594
934975.0,0.6835126301739707,-0.9361411109445446,0.5485432956897256,0.4777590248386705,0.04010618934642851,0.8083769283305566,-0.7533326572967802
934976.0,0.4682799650703646,0.6756782134141228,-0.7643393019567315,-0.6942490013332714,-0.22284682308136716,-0.4880691295959858,0.8584557518594231
934977.0,0.6483131165829452,0.23690111080309562,0.43265996272925444,0.15256391694204674,0.39515191380527437,0.5020626040411686,0.11953356968744866
934978.0,0.2134493637078443,0.6228172133488117,-0.4583460241768835,-0.7134190513401124,-0.5565956915196519,-0.06279009308542238,0.268317818475325
934979.0,-0.060565787852872255,0.3475183145787901,0.37175967075717464,-0.43209119392266326,-0.48566403944445713,-0.914599064086459,0.474140876840472
934980.0,0.9759362218949301,0.7798140315006659,0.7523925568625744,0.1229146387993072,-0.023230559804864104,-0.6255137940107913,0.2816673678022321
934981.0,-0.4434646497248327,0.34138982370062587,0.5271850370972531,0.18784085872893974,0.9263254166746719,0.6885207510859352,0.8494662731060145
934982.0,-0.9416120832574477,-0.8174798093888618,0.8235155043515194,0.8926478899108965,0.3148331598171612,0.07777649664572373,0.18383826513514667
934983.0,0.7054713406989295,-0.7567289549982903,0.6943593227741016,-0.7068753138489121,-0.5696365281694191,-0.6755398057597779,0.40354776715583873
934984.0,0.5118526194979516,-0.3842597523369029,-0.9859241904522889,-0.8490091416624144,-0.036336036583363596,-0.27257223271759323,-0.5001872020826059
934985.0,-0.11779254934899175,0.8925571965954875,0.49455453425180607,-0.9996302100419976,0.018467828770298178,-0.5753522406653062,-0.9749167070947338
934986.0,0.940077755117736,-0.19784422283563785,-0.6792435461718456,0.5050078192567125,0.13120005850177163,-0.8184618162118709,-0.5867238685227703
934987.0,0.4237088153531723,-0.3510859741822805,0.31967091432763106,-0.0926008991253211,0.731450370035365,0.09335460820681196,-0.8841319182282317
934988.0,-0.09276706695812553,0.04501718528722698,-0.6852641046517427,0.7282294340169413,-0.34247270575208955,-0.17462023221696432,0.16176032251099448
934989.0,-0.3834174101310541,0.8514072554529935,-0.42109593723704686,-0.5755940434314031,-0.17940142769413936,-0.3467707982229369,0.8956966381648108
934990.0,-0.0002342254791913856,-0.8462505034851941,0.546592701856323,0.4137051862948786,-0.09334010285820704,0.5075178149603883,0.7761862276146712
934991.0,0.8446795537319061,0.9306821222859114,-0.9128933456726289,-0.6670512304645593,0.21051620939192128,0.6442612781484418,0.2829648030409946
934992.0,0.802300912143024,0.4682188863289083,0.3714575869155181,-0.5932093453458973,-0.9468443891917606,0.8156917608397436,-0.5632364757318489
934993.0,0.9593600556027582,0.7155692918568572,-0.6338417616825256,0.5993919434337838,-0.14894041550378367,-0.7691774485686673,-0.7689574955532101
934994.0,-0.19747223342572484,-0.7463013359169126,-0.17629459146191429,-0.8106770473378198,0.6840493827697851,0.07580039794723437,0.5724133853066702
934995.0,-0.5546624198977295,-0.4615384274099088,-0.21187208332525564,0.4988785637729489,-0.5696148468509505,0.457763430537516,-0.33537129265319177
934996.0,0.4524918920896399,0.12471801784184966,0.44945101848235214,-0.9322873570704153,-0.31499281851198857,-0.8534018898771889,-0.36947853667821673
934997.0,-0.6510975329990412,-0.9492325726781239,-0.35143710298312336,0.6585514509215302,-0.07713062464099196,-0.20220593198492987,-0.24670938106180595
934998.0,-0.8830339104840241,-0.3105764768208832,-0.731437541742417,-0.004037554307414926,0.5582874274106346,0.354559977303893,-0.655121455993011
934999.0,0.8604618543577958,0.5602855757168987,0.29373511435841637,0.4671382667658259,-0.09593386857437003,-0.7583973446734331,0.01346276194472984
935000.0,-0.7256177237764017,0.9854207784701463,-0.5964809634328323,-0.8014317005236509,-0.34764397075709774,-0.5055037205469224,0.030725544841489816
935001.0,-0.3230612969323514,0.9348410632178459,0.7563144490662974,-0.516247229910042,-0.8595368955974618,-0.7374640353399469,0.03222614760372755
935002.0,0.42740333162186106,-0.5654353585250707,-0.3612670462774079,-0.46210767094079963,-0.19688726025144065,0.5202866347828847,0.6738473205969839
935003.0,-0.3515308729551734,-0.21937345869498937,0.2364756141720874,0.7862256397322913,-0.6327095296528347,-0.3408317584092637,0.23290351882454097
935004.0,0.07512355857638808,0.06608272485229061,0.6275022787588567,-0.0515885740840778,-0.5802695198869461,0.5379306737335743,-0.7923156863227097
935005.0,-0.35375356210324815,0.019465715850294885,-0.778024076672601,0.26594821382351275,-0.6542834216616942,0.9582434155907178,0.5469704986635566
935006.0,-0.7196782233903583,-0.7498186858757214,-0.11071145638858981,0.18146531376025354,-0.22851514138965,0.9525463055662282,-0.6970270589020262
935007.0,-0.918900629859889,0.1220604426412566,-0.5851425850189571,-0.7590901746331984,-0.5005043266454356,-0.9055220291770674,-0.47074636127362557
935008.0,0.49097059324256787,0.017581527944820374,-0.3375602835235485,-0.544788716734979,0.15737594410334355,-0.3357334153285467,-0.6999525454151434
935009.0,-0.41046169814557953,-0.7340464862556715,0.41546636260195147,0.06237245969308303,0.21599218526972552,-0.6495947480072732,-0.12396515090443838
935010.0,0.5287255425569817,0.6002574620062695,-0.09561728413284709,-0.15205131411452544,0.7801429938246358,0.26486120694433524,-0.2183644713717423
935011.0,-0.8852714626604861,-0.18840007009082993,-0.3340022802683922,0.5832410486136013,-0.8877901247364381,-0.379306275181271,0.9706878958930849
935012.0,0.46936699576523355,-0.9268868425197125,0.5058392413605741,-0.651450167656807,0.11775394311459353,0.2683264817456237,0.9576393636263434
935013.0,-0.2842056455444337,0.37946138527806705,-0.11795717728791888,0.40215794801357263,-0.11195437324022417,0.70615712478451,-0.8524079386393522
935014.0,0.09320583894188594,0.3575271695416986,-0.6087855239159836,-0.15564722862263936,0.640140299351821,0.021646905661732996,0.4390308289140983
935015.0,-0.3595285589355004,-0.3009140940440713,0.11965858373681781,-0.9094868475506603,-0.43972261711462,-0.7940102983272268,0.7562010273324462
935016.0,-0.9414605290330149,0.3274877456285743,0.00630977788397491,-0.572385084427566,0.014855418965047607,-0.23291182260177945,-0.7972058774146287
935017.0,0.8880470413616,0.22210879660628202,0.35589334933798544,-0.21374366930193456,-0.22904397271871235,0.6357884893597048,0.599200161639456
935018.0,0.9471969483597806,-0.0051884278296432385,-0.8526352079976522,-0.9091667240136396,-0.6873305454947405,-0.03166771332155571,-0.8421621438701017
935019.0,-0.35446543330866764,-0.4481977388395135,-0.30286863274990017,0.8472251848851,-0.47576621580381406,-0.5225701341461648,0.1734436189066748
935020.0,-0.4599854810882702,-0.9788440483244341,-0.4461957197143118,0.7252742858656678,0.3952721611710943,-0.8661212457492713,0.9600771117153835
935021.0,-0.7252300177818019,0.6626794891785261,-0.9690290133545383,0.1815580061623956,0.7653580305780854,0.7876555073124929,-0.4128617354071553
935022.0,0.3384066525211442,0.46886951720709424,-0.04365012904416399,0.3414823440993331,-0.973721484871356,0.44518682372264107,-0.7710029429514345
935023.0,-0.35309666525804184,-0.7863660839609925,0.47260643130934654,-0.5730510388357157,-0.0014129982718971146,0.0029273042107362812,-0.3441457501409453
935024.0,-0.5483934028112782,0.8992288001897935,-0.1391646932428503,-0.3882864418153824,0.4905897537671886,-0.055408554117581055,-0.8901926430889473
935025.0,0.29685475157231656,0.2407258190410837,-0.563833442158048,-0.34431717870531675,0.7606074157738805,-0.1699875893137177,-0.06538386182956413
935026.0,0.12466831127115374,0.855128382464327,0.774945900365152,0.3049913330656735,0.9985562833123154,-0.26529583285583413,-0.5748875864993479
935027.0,-0.6890478092198351,-0.6810899071115184,0.6989136188675835,0.44499701302260397,0.14288855109732235,0.17897485070022978,0.94021563905454
935028.0,-0.24591472922383195,0.7585599249656749,0.5356841222177586,0.7811450269819773,0.6110889371499981,0.21365484493207343,0.8250653118280098
935029.0,-0.9864091388581544,0.6474384853696435,-0.2569829359690139,-0.599088164176971,0.2854720757612941,-0.06229302358311983,-0.34603156730136675
935030.0,-0.7286258153774876,-0.4672346027549832,0.6989516268934288,-0.2596198350209009,-0.8750588909503678,-0.014182963171011531,0.49747406684863327
935031.0,0.2960165165264117,0.07742791211100575,0.17315342385466526,-0.38910208181255523,-0.7979106541000267,0.6295396586942339,-0.35334398765071984
935032.0,0.5198144700149694,0.2819222047775771,-0.7710184142834835,0.1486071047131543,0.71865711409107,-0.8737931688310001,-0.08806546020705208
935033.0,-0.2332809333639707,0.8218489573168366,-0.7857919376309401,-0.48224173595575137,0.12520413141836784,0.7614702548266701,0.14399793496724245
935034.0,0.08526984506367885,-0.11433883737537243,-0.8188718917059723,-0.16761519088417165,0.7251044820792296,0.891394202493035,0.5681668278657339
935035.0,0.6797758210959974,0.599435917745001,-0.060694898621890925,0.8651893502025376,-0.384551801634766,-0.3059764426712903,0.9432304006641945
935036.0,0.7019041010112193,0.16837527587499435,0.36869323364719286,-0.409616829942653,-0.8264187026003824,-0.7787021962405645,0.4813010684956256
935037.0,-0.4062202684758447,0.856401514014395,0.9461265138701169,0.5323157452208696,0.6832033960918955,-0.085184414052629,-0.5588957472241178
935038.0,-0.0701942431495719,0.13957699823795355,0.0011247260195950126,0.19749582669366372,0.658319909906123,0.8326144829831938,0.08725057190803631
935039.0,0.920979017335404,-0.8443926720047021,0.6854262753878433,-0.08052443767697226,0.9242651662524373,0.5263780891829148,-0.9705482833423666
935040.0,-0.15815022681612012,0.2165125813888602,-0.43746403568195436,0.2688456501816343,-0.9351729092832948,-0.5964196646583386,-0.5198143976326746
935041.0,0.7006080654425002,0.4428907204611796,-0.32817880792272125,0.9833020321028281,-0.27760702319959374,-0.8952484738219961,0.17248893335144855
935042.0,0.14903566740007212,-0.3566844796319395,-0.42522588477858014,0.9224020560297272,0.16684183852089318,-0.0844446927176774,0.5390751263667646
935043.0,0.9801368699176394,-0.4567343202915952,0.20081867823778232,-0.8571404112365668,-0.31795231949273584,0.6654737882590742,-0.2701016551364641
935044.0,0.08218276580096728,0.8552670163116147,0.8950673071327493,0.8332979420271225,-0.49901579871043644,-0.05985153207801397,0.8285176335125832
935045.0,-0.11731940339607982,-0.8020917675245625,-0.24580872569574042,0.4127729043275048,-0.15382856950814627,-0.006640713325501091,0.4017777341219664
935046.0,-0.8577557140042611,0.5451264941862821,-0.8213010151976181,0.8357361415600342,0.7504371349208361,0.16970587462200504,-0.1417532697035504
935047.0,-0.8506835782275541,-0.3403874501036026,0.04914965693417073,0.8508839377356621,-0.1798995951662632,0.4358540296508273,0.36938499066518093
935048.0,-0.9206105964624434,0.3218913436505124,0.0589627404141746,0.47158431910414467,-0.09335116177816571,-0.2637556548111142,-0.9772065352997035
935049.0,-0.4248998836398694,-0.9735679043154883,0.3593278022906574,0.5419731075439573,0.4958905848982753,-0.16000599402416293,0.04276574027203761
935050.0,-0.13528515849682465,-0.13815067943092707,-0.29010096525917817,-0.8037113151602684,0.8511078839390558,-0.33605580508715094,-0.8915412173689392
935051.0,-0.07559414922767882,-0.4942564377379315,-0.007918357382880492,0.30279429632476784,-0.7804053904591106,-0.20886125006369216,-0.9476476458636731
935052.0,-0.5948654563468727,0.009274642758873686,0.008478500392663957,0.08250280312523839,0.4909681888796751,-0.10332187629131107,0.7980139621277351
935053.0,-0.49531017028584223,0.34625783963530976,0.4333131863806621,-0.9207020964897286,-0.3217844304861439,0.7187964751770499,0.9619079269571398
935054.0,-0.8667655336304796,0.56936934807944,-0.6210382890084636,-0.3746993401408063,-0.31548086751639803,0.0770637250376276,-0.5427329855651732
935055.0,0.2009791403658554,-0.9524506508555317,-0.7873707979833418,0.6244212488747443,-0.10493559978609945,0.23558722306762103,0.2156013459233903
935056.0,0.07720760013169348,-0.006654110563951043,0.7521473847662266,-0.8526676894401097,0.9491545429782049,-0.9060810963118311,-0.06345189474791235
935057.0,0.45005356475593916,0.5275517038056636,-0.053532091599621134,0.12391341715386717,0.3374704943082758,-0.9735573907679285,0.01725574807502528
935058.0,0.25406174872261356,-0.4763745919444118,-0.7288941187322509,0.7990668244312285,-0.045625773949079074,0.2803268793546272,-0.8597190339740959
935059.0,0.5747562645698128,-0.05169778755565324,0.19546842330309455,0.08791388634138642,0.7781552058246108,-0.8900021533432427,0.4444258953814564
935060.0,0.3873432822887872,-0.4682467699688386,-0.029923827229209943,-0.38598684198659994,0.075178688291071,-0.2851090581885187,0.33630259201864443
935061.0,-0.2963888999778903,0.9347376048779825,-0.877862549509306,0.2841105839203355,0.804190487240356,-0.09831149856578314,-0.8118067671485383
935062.0,0.00226443809914878,0.9805981054070754,0.6438106275575217,0.8820989895921034,-0.3754033421083107,0.616234103857219,0.038112368809148034
935063.0,0.10974006239650436,0.25565809296119535,-0.48873770236511094,-0.3838041638664236,-0.8122095649369323,-0.6337848500707892,-0.5716521950244386
935064.0,0.48001760454132736,-0.3138625418745842,0.28816314310678326,0.3265765269189067,0.5113605109118857,0.4297898201527186,-0.6751522225235285
935065.0,0.5583608155155302,0.7350016220730791,-0.01156369645015598,0.35480632777124455,0.4041738892913911,-0.7829729011670392,0.6411278562919009
935066.0,-0.1664465550086296,0.9234898514096463,0.8003019069441617,-0.9844839157827665,-0.8405522165554562,-0.7833243668681118,0.601694707981407
935067.0,0.8152456171188935,0.4906061638442556,0.2532456696996448,-0.2887051503866471,0.673745500439582,0.13752094786790514,-0.6874719791385118
935068.0,0.19512632880422842,-0.5006938358250166,0.10584690962868581,0.4401834703023748,0.1961499450235873,-0.6158921298647531,-0.8654461258268129
935069.0,0.7401204962812933,0.9798318196358102,0.8500828975091439,0.019355751331409765,-0.4107182321725278,0.11725548643437933,0.04966876837802481
935070.0,0.03505301905523606,-0.4869354447477805,-0.8928300665646898,0.009891388336116247,-0.00042982914964584396,0.763034470391063,0.7690130829720532
935071.0,0.6771089033086275,0.814229462744201,-0.5391981140835398,-0.47199174436065605,0.9247141547512807,0.31287876905103396,-0.35884997393986073
935072.0,0.30795261511594973,-0.9510155973329044,-0.9517068299381848,0.026581746226611358,-0.8265748951572263,-0.3907009050176389,-0.09680350387168213
935073.0,-0.9573415693060252,-0.16814676150005714,-0.2824207645820789,0.03503948930112588,0.5879332526665773,0.6194799183811461,0.7003078657230595
935074.0,-0.47969803185414683,0.9607546805049612,0.200948229496952,-0.5752805276036208,0.7092244872131852,-0.7375552268003989,-0.4188044460652447
935075.0,-0.23414768299963606,0.9889250955756552,-0.20715547397008138,-0.08575537766153296,0.23526023850705569,0.24290547983291355,0.2691682224598717
935076.0,0.3340438804775909,-0.31614853334474047,0.4517457847157682,0.024775845157887666,-0.4548644449748036,-0.07038181932367071,0.2985526446257727
935077.0,-0.48279989527793643,-0.8465555817061814,-0.1003649000650777,-0.5879568188505162,0.7136492307177551,0.7645536326448095,0.7092157555337466
935078.0,-0.22798734008466326,0.9692580124600336,-0.4209382343295547,0.3553116239897989,-0.029929414928591802,0.9924978627904946,0.6822574796873688
935079.0,-0.6473174535758328,0.6745433368840903,-0.03918824506979668,-0.3090479322681492,-0.9697672455106949,0.6827413047007631,-0.6573644531520282
935080.0,-0.7993846911901208,0.6424935516014347,-0.8061861200304767,-0.8591176019261619,-0.042083403833509836,-0.7115209448365614,-0.3725150693358654
935081.0,0.11460212015815285,0.030909109315785388,-0.11727679201045227,-0.39210494659217376,-0.40855368868648356,0.3418892925743855,-0.7823397881298588
935082.0,-0.5018646193868306,0.6814392224954717,0.5887010532150745,0.6276221497391592,0.48183819276582773,0.6616102370313452,-0.4529242307795345
935083.0,0.10084583996728558,0.9902232113448468,0.3115345620368022,-0.021269118145052612,-0.9305091477679057,0.689302615871425,0.3751700690932782
935084.0,-0.2711682083265048,-0.9004053880217597,0.8159580277770151,-0.17614246101180653,-0.6963895602484258,-0.20068915939753196,0.9554403977487482
935085.0,0.9826616616820802,-0.8300116437480107,0.07252488343783936,0.3779199971312961,-0.5567928634146504,-0.849661588785686,-0.1764359807064828
935086.0,-0.565460216393602,0.20412990914124252,-0.2156829975939385,0.5384274450345936,-0.8230253842408473,0.8647457854153582,0.09794985302181503
935087.0,0.909701410490293,-0.7407360368298181,0.29981384368544983,-0.6804302775723894,0.6213091705450771,0.7508417589712146,-0.3491891464765091
935088.0,-0.34237356730050195,-0.750914872490611,-0.7208053824491698,-0.8602720814848457,0.5199841658272186,0.9133293953073394,0.9769564291529602
935089.0,0.4877339634879789,-0.55091688580713,-0.05358183534981409,0.9585230864895324,0.7611095309670404,-0.05085839772461398,0.6980363190588299
935090.0,-0.1504325715194792,-0.5707830722212077,0.30302550306710363,-0.5665788136710852,-0.34361231494332234,-0.7272797451121735,0.40141272329226707
935091.0,-0.8505512510729936,-0.8684049871107438,-0.5562067650037941,0.5097852014799789,-0.5257148521361352,0.6153461647762679,0.5844409948468436
935092.0,0.6385061242616219,-0.8915551714952981,0.6597675398323823,0.2646784991260194,0.36791353549548766,0.7402646002974351,0.8842294921384521
935093.0,-0.6799194780895663,-0.9345138919407394,-0.8187790758186213,0.5334071242607672,0.8135006053473666,0.2692302258072452,-0.02217759788498963
935094.0,-0.14108958508950642,-0.4588711992102692,-0.2677803337315341,0.996194476899495,-0.48320613418768166,-0.2122355572358623,0.0963296331758956
935095.0,-0.4312523219739972,0.9557400192551297,0.6334559387525898,-0.4854854675456426,-0.6042546557050483,-0.7391258012520308,0.9787387833618357
935096.0,0.18425385420556584,-0.6986970632454801,0.6467341210976629,-0.04809331613099088,0.6063578148734645,-0.8248507799398992,-0.45232834801165245
935097.0,-0.5836962485699402,0.5324028738032662,-0.3878182906464209,0.9733207299592923,-0.8691219686619105,0.9254840511288018,0.26379925782370583
935098.0,-0.6195998093107675,0.15138573923057175,0.08779614440673278,0.30861615484533367,0.7867230046782301,-0.7765430187990885,-0.5033559080742234
935099.0,-0.9242694923830452,0.9184237641924149,0.9145108170405416,-0.39313678114439266,0.19893710081563998,0.6068247796572483,-0.2727254254622342
935100.0,0.4148570080554337,-0.7056043963281968,0.10594389431291895,0.3650302003475996,0.07719723706718074,0.9719931693607451,-0.9680351743815663
935101.0,0.9797959453602549,0.3773947022467734,0.22012266467866293,-0.5862356065804211,0.6461970304831497,0.8849534477387346,-0.9390134284655101
935102.0,0.9502679268597993,0.47948934575815794,-0.02386293054069677,-0.36383659471745244,-0.76355439020748,-0.6604484982454106,-0.6752730582894801
935103.0,-0.8119532902625068,0.6735773045727333,0.5675813073878553,0.37583553619182464,0.06082077491917959,-0.504065487202739,-0.6748255985183964
935104.0,0.3694210624072156,0.05616020610190908,-0.7082572418136357,0.9888480674891804,-0.8475492726043743,0.20881468537599268,-0.5371041850141862
935105.0,0.8244775040364629,-0.04672702331610945,-0.2868849032757539,-0.7823534767656932,-0.8031992990387127,0.2575132691611124,-0.0611543607004057
935106.0,-0.2630333428355538,0.10259621145307762,-0.7626979890136518,-0.7466103821802228,0.8498733937275367,-0.17096181161504198,0.23059776936317866
935107.0,-0.3770521953336572,-0.4431689639276981,0.45162365292968554,-0.9064057681026416,-0.3343113539918672,-0.6151060632663623,-0.042001048236776084
935108.0,0.46962653158040846,-0.09343221439159466,-0.7093640797926668,-0.4438952805114367,0.11478628875903074,-0.060481283163780875,0.6254508566752484
935109.0,0.5206356862471813,0.49133527090035467,0.7295137645929812,-0.6813670021398424,0.3692981354605911,-0.5205729985473095,-0.027345786945742967
935110.0,0.18603906596437314,0.9126304945738295,-0.8944524615404403,-0.413954466544314,0.9565090922414159,-0.6983021062440411,0.49672125921558985
935111.0,0.40181946710609484,-0.22550364241386478,-0.47906004173032546,-0.09231259854971818,0.5840877429522611,0.9375504292110857,-0.2523443003708534
935112.0,0.06840380858001094,0.2765659890204064,-0.04288737028282119,0.4262139809201846,-0.8996371986746894,-0.22076279613231842,-0.1605538181606021
935113.0,0.49056844738727623,0.51034201606566,-0.20562688722338307,-0.07725271039350501,0.5954405163885763,0.2766787283198924,0.7908314773688145
935114.0,-0.8439859010808033,0.20262266326122869,-0.6656489634696068,0.032908503541471346,0.7523836925540295,-0.2762587768520812,0.5925522027295818
935115.0,-0.2470796522005443,0.6851979926658602,0.961302923234846,-0.9930396932424455,-0.7006542829354334,0.34853946102294175,-0.9174115633096129
935116.0,0.2408887426792159,0.8742766023525401,0.1505815523716143,-0.21741657504182244,-0.315998262327964,-0.5111899647104237,-0.3577802330368596
935117.0,0.5589416281034114,-0.0029276342868114202,0.39731182306678337,0.31908280124951083,0.24473952710488311,-0.741446601201823,0.02057153481707319
935118.0,-0.3337782393101476,-0.4051407500295987,-0.8529101928929459,0.5207085601166102,-0.5559217693398693,0.8302364514243084,0.23026976022743484
935119.0,0.062391681767299145,-0.7799171597203183,-0.7566234093738196,0.2455815350935986,-0.797214673288706,-0.07145302492492034,0.22422217894877328
935120.0,-0.17310083076315363,-0.21818125702694924,-0.5072501347973384,0.021767220978885282,0.7197492872518512,0.7896406720413316,0.19332896567461866
935121.0,-0.35740763567693823,0.6946855980234243,-0.9128076742330034,0.41860759347838905,-0.7177234751214379,-0.8666349918341325,0.07850637069612043
935122.0,0.050414002542812586,-0.4234937871552924,0.36420698895880776,-0.2697959323582495,0.5544983850556191,-0.3713579562299476,-0.231681911279493
935123.0,-0.8492394114900319,0.3313065509123958,0.47934683285613944,-0.9379260914257399,-0.9465385099300605,0.2290596577434023,-0.018029767133261876
935124.0,0.3447249357180149,-0.06969089553757368,0.3502631620368504,0.8718719359064369,-0.5506741953649599,-0.12237176446934961,0.7997547849748532
935125.0,-0.14891742754285353,-0.7547586924764971,-0.12949839265752794,-0.9403508607894175,-0.5976957707331634,0.4444083145689146,0.38469522127778144
935126.0,-0.3787000005302177,-0.44721462843216786,-0.12706020692533682,-0.8059181023298718,0.06514866443634126,-0.066574758848984,0.4008746139182138
935127.0,0.6736627055840798,0.7671639264714745,-0.12901897049489008,-0.7237763482455459,-0.7456453001426417,0.7973182801575325,0.2666004383415932
935128.0,0.9156363532652103,-0.314979743280809,0.7759558090323495,-0.5644424408387252,0.3887456345099256,-0.6779902620648575,-0.45790024512250804
935129.0,-0.8694941470048905,-0.8878566610232697,-0.5683737997535112,-0.25473509843095465,-0.4929816316517528,0.29346354888629467,0.5794659856098874
935130.0,-0.8108370029311278,0.8456243598429865,0.4327995477390998,-0.4538409052776349,0.969437365160625,-0.7501819129647223,-0.7322814525581907
935131.0,-0.5593687318126126,0.3152869847908084,0.6830897012500368,0.2546740371485232,0.018795041759098963,0.19061303628601944,-0.42151130333525466
935132.0,-0.5466477905772187,0.7828625963963489,-0.19780638431166087,-0.9975383555401038,0.07015942170448519,-0.2072551188876388,-0.3739399684623468
935133.0,0.17759428650044962,-0.25296234600822376,-0.7649840314875047,0.14951630831773755,-0.5430065197687075,0.3414332422624573,-0.37071813922031494
935134.0,-0.47155545178036196,0.3749207714035283,-0.8042477110278994,-0.6302276319941524,-0.9874419373094769,-0.05926430269710248,0.034673333042407606
935135.0,-0.5990591713647455,0.7321443467465174,-0.9731957970594214,0.2286185527315161,0.27930771729101656,0.4856087908743718,-0.5857383453958851
935136.0,-0.8658228068858771,-0.22434873262796873,0.29702152534220394,-0.36322941047312085,0.9123256414612779,-0.7429194072420131,-0.20251749419358545
935137.0,-0.8601956535470974,0.1985353712268545,0.5282292315271926,0.08069741859939095,-0.34338015529868127,0.2798513702448986,0.8780855249564621
935138.0,0.6913925920097219,0.546741924497194,0.023818564901884276,-0.4023912573466959,0.655703699342356,-0.07243794330604314,-0.3365746090178918
935139.0,0.643663828737433,0.4443536426537471,0.46289397942403765,0.8955701341394562,0.90223242773578,0.21509124157884618,0.08839945580753317
935140.0,0.9154915109150186,0.3182998240225974,-0.14407339419627108,0.5754263843017959,0.248610153225457,0.32124086161051446,0.05470469727609295
935141.0,0.23258408022904153,0.7780120285297845,-0.3829083230544832,-0.26198407566985216,-0.9170544329675341,-0.4596553462597115,0.10033507687355359
935142.0,-0.4325031336874956,0.9769037501495148,0.6560178043500067,-0.15312871064674605,-0.23161159311636292,-0.18877492348220826,0.4499673824359236
935143.0,-0.3530153164771852,0.43607161446887166,-0.19831596924946915,-0.06893032678751587,-0.3868868834961954,0.8639760922572888,-0.16587213677907364
935144.0,-0.9622040464150967,0.11074829028359234,-0.26706779493880695,0.8666068836437277,0.7490255616848558,-0.9456294988617038,0.11212509853749686
935145.0,0.8077131063027867,0.506935332476296,-0.05838940679144855,0.09192221091898656,-0.6121309808359403,0.8603320619563533,-0.10251673945622652
935146.0,-0.7985811573839758,-0.46169339817720045,0.3327359121979334,0.05325138513460326,-0.23613913790128227,-0.027861838610013123,0.6528937023680217
935147.0,0.549424412347084,0.7642429798262378,-0.23953836640128756,0.798896513519024,-0.5342021862895507,-0.4329612509107472,-0.6239017947344394
935148.0,0.7576488812527189,0.8983694223401324,-0.1160419774050041,0.694053656010386,-0.12899617688581877,0.476341820977213,-0.8644164127614893
935149.0,0.5036676091187631,0.5728669199144387,0.6130726813068066,0.8909704074976679,0.6885521451168581,0.11740049079024151,0.6805657809087096
935150.0,0.8965201596732684,-0.2560415828210445,0.2737511050755912,-0.43732555574513476,-0.8908477505939465,0.37825924523384713,0.47434778871561134
935151.0,0.7157589917394946,0.49881473934642284,-0.4626079975320281,0.7059649963809345,-0.38251469972315255,-0.7782274001407179,0.23476511239063957
935152.0,-0.8149667676991419,-0.5818719281789124,-0.6053167104871171,0.4803121908626271,-0.3203945320861481,0.5397342690322287,0.5803485126697108
935153.0,-0.8289010423187877,-0.9244522295889568,0.3312808623923378,0.7654298972652342,-0.41962934483950165,0.7589853010146257,0.9191697302309862
935154.0,0.7659008936004159,-0.4228323631399431,0.1148885110458151,0.7174363771609571,-0.33944490714365094,-0.7766796737745962,-0.6960414764245497
935155.0,0.18844420076807,-0.01990822890145938,0.9909909990535382,0.06636431494648942,0.33247955666873064,0.9336742822524757,-0.8281985964876277
935156.0,0.7069034408544836,0.7405017900783812,-0.12328534736369501,0.4989505295849592,-0.8666578520502877,0.6377153274641001,0.036724027522095914
935157.0,-0.6184937396263563,0.30788817029387316,0.49921683376320547,-0.09189119299050597,0.17556729435195995,0.5519617160005785,-0.47150962967237264
935158.0,0.29864655467821355,0.13599756735199064,-0.32090764281791584,0.6402019767219971,-0.7341223626145572,-0.6229500577201472,0.05297031194836088
935159.0,-0.9390909085452801,0.02134018678035443,-0.1122413388545156,0.32444889865016235,-0.36117831968315084,-0.9051265185471729,0.9106262986586877
935160.0,0.05678194731352848,-0.6745826713694147,0.836876858700836,-0.5879361855129914,-0.5898690353146325,0.30783278778978995,-0.5640376596003389
935161.0,-0.5457552782202277,0.6654251381793268,0.9520250647258721,0.10398473283401155,-0.8772038383080625,-0.16473523905944099,-0.7660707159992728
935162.0,0.7776792295586283,-0.13107995023725438,-0.8167523748886778,0.08680268450286799,0.22022914809461414,0.3829242797983119,0.6830156742837812
935163.0,0.19681123418689905,0.06744936904963117,-0.2501145430245255,0.6457049279565246,0.9957323012378341,-0.02699339101978837,-0.9943630480497705
935164.0,-0.002895576543880729,-0.4665451214248817,0.04407180883584649,0.035222350305898154,0.04544146200581145,0.3089226598130903,-0.021829053216707583
935165.0,0.8252214649157585,-0.751747616285255,0.6284406026495173,-0.7278067518640092,0.05906006322707702,0.8073534819873189,0.7358374290766763
935166.0,-0.5511863113365065,-0.7254044087623717,-0.2644937415411093,0.8305467849713168,0.8984464443148932,-0.480169050151394,-0.6369527573996283
935167.0,-0.1475520231914189,0.9497328960740599,0.15114780650849413,-0.4202732606770134,0.3683155991579852,0.051291476606833086,-0.6463779208506557
935168.0,-0.38081828543343677,-0.5379764334763448,0.937517274348151,-0.075745293699919,0.6798402615708494,0.8454160739403003,0.557526422754258
935169.0,-0.9741286876412749,-0.18406387193700668,0.9963827628488118,-0.3511269314615355,0.5925680976200374,-0.3306948876389604,-0.2551281119087856
935170.0,0.0072450506308474605,-0.20432292424272713,0.20530265890126898,0.7787444855156349,0.898059545993243,0.6724295647598368,-0.7757511610124785
935171.0,0.35658259278654736,0.16779975012802573,-0.36583090643585625,0.6933135858437183,-0.7419934635475252,-0.17356845609375426,0.11421102325547094
935172.0,-0.822475437705039,-0.7931257450108573,0.3236597201120648,0.5805540104091769,-0.6251847734475933,-0.3222722601648125,0.44892036944146074
935173.0,-0.6209995966077524,-0.5283900614949144,-0.17277095752740346,0.4092966595912313,-0.40768528677701577,0.2682141113824812,-0.7771102381898563
935174.0,0.9717916981117751,-0.11326512247517195,0.5839415651664366,0.43665986129565293,-0.3250645474923408,-0.7490833148713811,0.07216142900753786
935175.0,0.6829998072754164,-0.2472817987105338,-0.7064824948093475,-0.19379699747962187,0.07626237604474873,-0.08869232898460644,-0.9298817210946444
935176.0,-0.5409041249548074,-0.38841102003484296,-0.7816858827840452,-0.18603206838594089,-0.2889546132052552,0.9766443836204453,-0.5115087329740575
935177.0,0.9632952021139451,0.1676370313456852,0.8479070286157249,0.770854070233292,-0.3505159991587845,-0.021705183014353535,-0.30278479427539384
935178.0,0.4572988443752466,-0.7928817668544699,0.23461984559636728,0.39181853947441114,-0.5989000976640146,0.17640975689210103,-0.5918181934900524
935179.0,0.4302746459668916,-0.6377737531476944,0.07886910602670638,-0.5305563003786375,-0.48288170224191385,-0.10108915527018758,0.42743350591607454
935180.0,0.9958949035413904,0.24566754369333088,0.06289883536284324,-0.3244096370788554,0.7105577893636599,0.3889332358379578,0.877295324014786
935181.0,-0.26386274367847795,-0.5662652946739142,0.8798795750964981,0.7087880556892436,-0.1724167193748214,0.9181697450723272,-0.028909417276248517
935182.0,0.6429891377037003,0.5123556698627263,-0.19157651330036374,0.7362244462263994,-0.6845401082006581,0.9855916451652487,-0.33787692876745146
935183.0,0.9905993293598803,-0.02456408718907821,0.3782119354017355,-0.7365611979570283,0.35037094171319993,-0.9835038305643691,0.620864171433273
935184.0,-0.2034842367953682,-0.3405034332253032,-0.3340099793547393,-0.7085766582772293,-0.8112685961477664,-0.4496553492943449,-0.689552433774141
935185.0,0.5172993826897503,0.6939103118039815,0.9542863617076065,-0.1365022623928176,-0.523223063682055,-0.04088337557997357,0.8061527978226881
935186.0,0.9356428185220491,-0.21737155482935977,0.48992631978415146,0.619320710556041,0.18160964688534897,0.15219111008232034,0.7790522251293368
935187.0,0.5330771202306506,0.5886868295612238,-0.8679679996906344,0.9204357526623999,-0.8291259830686637,-0.3799227443022848,0.2946980734139628
935188.0,-0.06263266675697388,-0.5742570895033396,0.5149339525057535,-0.04330908756689711,0.14248394836367773,-0.1473862556265051,-0.16030182331322673
935189.0,-0.2008258966321066,0.802569099400597,-0.9080722333395661,0.7349022121097151,-0.5492953561508642,-0.04397712632376405,0.1905172958396879
935190.0,-0.7834403756782944,-0.9809556629425675,-0.8171693892719776,-0.5809786979425495,0.4260754852068618,-0.5328178330456808,0.13078027657006386
935191.0,0.9767348024220002,-0.6401810594543818,-0.5526623272456426,-0.4849867534796173,0.69543922799491,-0.020109901603421187,-0.6339008370663899
935192.0,0.51379183975593,0.8768345574702472,-0.6033103051792506,0.4563421409048858,-0.5317389504503045,0.447492125995931,0.49576220454783404
935193.0,-0.8687615965221414,-0.5041434923810777,0.14338854166595416,0.3540252278315219,-0.0985370932624603,0.5673358458128746,0.03636198265961865
935194.0,-0.5969920623091551,0.6881229657232946,-0.29043610909306916,-0.6073410639609109,0.01562663641791695,0.6911277742226478,-0.8672900100086984
935195.0,-0.9055425849971983,0.27060167803899793,0.08936225558860733,-0.5582139809271391,-0.4773567230409299,0.7938300915266081,-0.41354083047658174
935196.0,-0.9919164027286833,0.677561289503448,-0.046141542990149054,0.5920507930373924,-0.9220754108565996,0.5357857553709793,-0.06270085461788888
935197.0,-0.4624620926088743,-0.35477741784677974,0.5086886763729275,0.04001928159341084,0.5532703619241479,0.22141805334693898,-0.7722387874357286
935198.0,0.8038822355201205,-0.28341054500070584,-0.4194601047643567,0.1115707567423958,0.3441487224746991,-0.6196460531787693,-0.4047850273558642
935199.0,0.4742050557052164,0.7071583073163075,-0.8812049787264318,0.9500824737180351,0.3399014417676207,0.21842525085762166,-0.4700519750292276
935200.0,0.6390461385196429,0.4477933706531829,0.13550154942145642,0.49463634377493104,0.10383396484573426,-0.7261426020068462,-0.7252845348962511
935201.0,0.717285481368517,-0.9031426854399001,0.297924588828989,0.023960531660187412,-0.8676784504842234,0.6079541687380754,-0.6558392179273194
935202.0,0.3815057204677852,-0.5847575080099212,-0.13153375019737146,0.802631303079421,0.08402596099219117,-0.26865736115273964,0.39625696147131095
935203.0,-0.6194233167708809,0.9415223151896326,0.011233911773823602,-0.6746044850965227,-0.017081550337342932,-0.47333290508806325,0.931728231945868
935204.0,-0.4867585578144682,-0.43235893829188665,-0.7693517746409106,-0.7474639119716806,0.8489107671287675,-0.016884858190268526,0.35485917452977
935205.0,0.20601117894432952,0.1206492816382907,-0.261121778993894,0.5795238030769214,0.2551728716806019,-0.5897678645319904,-0.32611155893155486
935206.0,0.8132943314465937,-0.7600882292193047,0.685669269967027,-0.5858948762637315,0.3553348087044037,0.6098288831539576,-0.9481273411777034
935207.0,0.21828648333478262,-0.07726137537697131,0.19915582150644617,0.34730254844292974,0.7117930992046198,-0.2551423676714466,-0.6421695294606284
935208.0,-0.04353720357755053,-0.7408733352445833,-0.8828957306103811,-0.969730180370012,0.40778553310714427,-0.44970370513671476,0.6584385646774984
935209.0,-0.5238516348667486,-0.16351338809131666,0.04636705579196465,-0.5261413399008539,0.9168335762583439,-0.8237419059548268,-0.7476981671338727
935210.0,-0.07472206898246325,-0.22156379060616982,0.31717539748258594,0.8769832078757391,-0.23337003942545187,0.09200482191712078,0.8485447110690583
935211.0,-0.9553365962781604,-0.9630654502370966,-0.43086055078738883,0.4522085922391208,0.8751800549846671,-0.09756901373108762,0.6844048424490958
935212.0,0.9322974956477139,-0.13924194048102723,-0.1625491717092682,-0.7048705376994713,0.5254179965944172,-0.8024576808149537,-0.24685879728480797
935213.0,-0.35678860208438357,-0.5979878882674337,0.613568100940632,0.15206500398599543,-0.27005015078839145,-0.3572592420150038,-0.0038016104490767866
935214.0,-0.19511726453865363,-0.3522144896801196,0.9075974828789881,-0.45788165629416877,0.2923627410699796,0.7370784348591262,0.12665351167372774
935215.0,-0.05924864997647439,0.7217994570117603,0.688874517504972,0.5086220899293676,-0.6789329099622419,-0.9953045646613363,0.7951136695501599
935216.0,0.5661110093720054,-0.7910751319984928,0.22992578633435468,0.3259139312188766,-0.45926547005564244,0.40156386288512635,0.5436818753896917
935217.0,-0.47546709302618817,-0.3902354628800575,-0.47929305840709624,0.3564080183339864,-0.28591399979214005,0.14486421225355062,0.8547002691235983
935218.0,-0.3844953455397,0.3449740320445105,-0.5680585247964782,-0.9076160625845495,0.03058612723575571,0.5231448908416492,-0.8684802545867967
935219.0,-0.6481932261047145,-0.15953556348862086,0.18006345214103714,0.5007976218424517,-0.3197396242070034,0.36095691914201966,-0.6613987812118762
935220.0,-0.9192711166239991,0.7985619687786647,-0.5260839937541897,-0.2077366471690485,0.9768271203911272,0.6180888813038001,0.22434321874723984
935221.0,-0.4230314196641627,0.7988494461211575,0.7720049658564845,0.5441160084841619,-0.4276572828661329,-0.7309806156637013,0.24121065295367372
935222.0,0.7047656570409437,-0.43588146338820777,-0.6872432261804851,-0.6615768287048776,0.3325369439485877,0.2375279609105767,0.2660476500016946
935223.0,-0.5381359963003152,0.9692409874501426,-0.719868030030713,-0.04302523919219059,-0.7508183758266345,0.6982410231796992,0.34726722453887326
935224.0,-0.7676695907743929,0.7593995599355599,0.8503568387269704,-0.40952955503551913,-0.00827217504126998,-0.3016154797913706,0.9576524002259892
935225.0,-0.9322483639626551,-0.3385190847941486,-0.33725968484470115,-0.42695337626761987,0.12435983624173774,-0.43905985749347676,-0.25839475575279236
935226.0,0.0634705717105204,0.2990727399484143,-0.8199338597386892,-0.44561677146909995,-0.18994693631172233,-0.5840838427500832,0.06558407354442486
935227.0,-0.5411656442420847,-0.4131233308226585,0.9156046263958795,-0.0937449309607501,-0.42811720853917645,-0.4737675608760674,-0.7239341009319866
935228.0,0.29529276384292635,-0.3729186034807983,0.23634990589450866,-0.3439045699790648,-0.8483912218083145,-0.2647700856590345,-0.7395897599838326
935229.0,0.4534593820630235,-0.8096305365122072,-0.5051831596922052,0.6484990354068523,0.2974878613284231,0.34151962423471516,0.8576421315766427
935230.0,0.5319165746158381,0.858797082653125,-0.5594182003470689,0.8087790163563537,-0.6300405339300768,-0.9682044070882208,0.33894669534241184
935231.0,-0.3184778548067835,-0.14843183162719198,0.6100450392705834,-0.12657995676534184,-0.21633972564839143,0.4563681146595757,-0.6492603302379374
935232.0,-0.006801768774911343,-0.39627997107097723,-0.6293447359268507,0.7682894409424579,-0.5130114433503195,-0.7784117757782465,-0.43887349252571384
935233.0,-0.40384528703415334,-0.08457253039874946,-0.19708988989134757,0.046521019842049594,0.9717685220641012,-0.8020042144584438,0.4433659015962763
935234.0,0.11927851076380569,0.5303872234194307,0.674124906934251,0.6493293357524734,0.14532419457184553,0.15658729977482833,0.4125269349571372
935235.0,0.6462329849768655,0.11377056759001625,0.8471938373566414,0.9117868790028143,0.35605820481492256,0.013033489752396488,-0.358878365751913
935236.0,-0.8799679341394022,0.46877450567743395,-0.7288722238495116,0.6702913848831173,-0.4251815748899843,0.08716228837146822,-0.9518666293280016
935237.0,-0.12282290478325719,-0.3701222443370953,0.8848854369252024,-0.9810933196685063,0.03289466376320882,0.723704587704763,0.9033123714919453
935238.0,0.5111019051938137,-0.44787335867955336,0.6486625533010362,-0.4360832116287843,0.314241682279945,-0.6329536729071183,0.18186027237415914
935239.0,0.7375511965122454,-0.5349609759737908,0.8796894337202779,-0.8474186070522134,0.4532099271231711,-0.959123711548675,-0.2664788822169999
935240.0,-0.48687632547923143,0.5624316807486702,0.187706330852355,0.6483529809429143,0.45581368789062915,-0.25907842842679685,0.35658107065828615
935241.0,0.07441878125635215,-0.3317710065080566,-0.49135820589646007,0.5785517004465015,-0.9920366616061884,-0.3491829725135709,-0.21824566712707605
935242.0,0.1433683660770153,0.30402781131450496,-0.4912353954626467,-0.34083919132199436,0.2017301987106106,0.9099557847145596,-0.536930703683663
935243.0,0.6029443719214902,-0.24146948737769436,-0.516943470748654,-0.9515161421428275,0.6765670073552055,0.3677839657528581,0.23115326503784472
935244.0,-0.9026959945363799,-0.2099916378697042,0.11206453770897684,-0.8343863967739027,-0.7488942007562376,0.608767410568217,-0.39369247272920527
935245.0,0.9889858628265076,-0.6616675270172141,-0.5613716769705133,0.6332474833554775,0.2434323682165458,0.01619919031769146,0.5400100198871474
935246.0,-0.3877354026675268,0.8805162249190366,-0.12915894396324168,0.12311318439283103,0.9654219621122164,0.01671727171440729,-0.15743196906630552
935247.0,0.4560911943736239,0.07095468338001676,-0.6925872917017124,0.05042841377501417,0.14365008824747472,-0.020815710473684135,-0.2452152154959284
935248.0,0.1942667373512461,0.9545863569052111,0.5545363814623234,0.3794224253845475,-0.9062981221881103,-0.7848926527332365,-0.964182844813763
935249.0,-0.8902983205378994,0.42967090835128396,-0.9712517816819988,0.29663523318567186,-0.48885227817931054,-0.09713403313826108,-0.0006683997278280618
935250.0,-0.7158097030386665,0.12074418764659911,-0.39855742961178975,-0.5065596812425814,0.7189242957421589,0.7958627426513867,0.9008437649134655
935251.0,0.0665849501258775,-0.8851872914541117,0.14250689025038366,0.9457991276864879,-0.9753720424965033,0.6533089638718885,-0.10263551878021282
935252.0,-0.32047170788155954,0.021836682917429018,0.1625710165593015,-0.784644505160867,0.5767144120053622,-0.4288693179475491,-0.5209258298463297
935253.0,0.9074702896215538,0.01082215895834926,-0.8589035692700311,-0.3278794957839173,-0.9941072092052772,0.45092668036896666,0.6668999371103708
935254.0,-0.05874666617521496,-0.8582506483132029,-0.07515899505100809,0.004722715243647091,-0.019916948677169533,0.03734087182499901,0.17779237971918715
935255.0,-0.2042814915734119,0.9822379607088889,-0.3838295527456197,0.6707687170138681,-0.5474710435510064,-0.25575411330343356,0.4373553727082875
935256.0,0.16044977714821762,-0.6725327341517204,0.2729072817513798,0.955846473745255,0.3256896134645735,0.39764654653659104,0.5628486304401874
935257.0,-0.3347177745087324,0.530492864941494,-0.22180924709670014,0.6690705165800652,-0.8483665708129848,0.8152753718586616,0.9704355371224749
935258.0,-0.532058705251264,-0.5190877258966602,0.6782168408665585,0.6429753254847335,-0.3191183449891757,0.3530625582778346,0.5695203778509488
935259.0,-0.9470793958922228,0.7215035117181423,0.10557158634577224,0.6677188330408335,-0.45414873773867837,0.5386829193055009,0.5738162904425854
935260.0,0.28887443317891726,-0.44848481767356096,-0.6677205663540076,-0.4761550729652855,0.01134759439289268,-0.6477690114684753,0.727839277685888
935261.0,0.45790241400715304,0.25324607650677566,0.7560730835699814,-0.7304786701397268,-0.5104475674607418,-0.5858297739638756,0.4767865840237191
935262.0,-0.6968789599547631,0.7759720067468743,0.5090263309431664,-0.41019079947495585,0.29056493646799497,0.3140234113877798,0.5255276886051896
935263.0,0.9583685395211348,0.4347501233360993,-0.23843213072535407,-0.21777118000149254,0.9543390583993905,-0.778312624172955,-0.4463570003306765
935264.0,0.3502852866300812,-0.3760160749796133,0.23301181809922755,-0.7497255867600503,0.09694576605026839,-0.8293664928756181,0.4766587336563326
935265.0,0.04556219549542906,0.8774359831062919,0.2955901783275343,-0.35523130925077595,0.5857525108844577,0.4120961292768863,0.37906709229017066
935266.0,0.5315385451141863,-0.6836943331921115,0.2573210968627422,-0.9809602341638068,-0.352377603899388,-0.5724510747546077,-0.9228275672066897
935267.0,0.06187666564477046,0.22165462597108676,-0.06905185027101268,0.927826784669967,-0.5242175458865275,0.07685501674860173,-0.24896751501302705
935268.0,-0.37553606145224117,-0.7615356474125807,-0.013195512350573368,0.10082871612257938,0.709271852529288,-0.6171219667311325,0.4001116332958845
935269.0,0.29753127345116614,-0.5771856577576151,-0.8028503674166314,0.3667011807085667,0.34910920267152434,0.6255056303300692,0.7356077406231396
935270.0,-0.3370931216949531,0.6768850095366015,-0.2641545862462824,0.8938105164657764,-0.7740695472482626,-0.9904463160869101,0.7884256847852102
935271.0,-0.7468297886980553,0.8783124695498215,0.012547686653955115,-0.5555860356199134,-0.7030770773967401,0.9575663831686607,0.2330214138733384
935272.0,-0.2089752950805981,0.10414366481291215,-0.2187016892545357,-0.8175953688593582,-0.1818072044183905,0.7817749553466402,0.5747064069744281
935273.0,-0.7869435955629662,-0.9220475071838587,-0.2821011892890979,0.688112018797054,-0.8599903932216073,0.37419857062102024,0.0844822835349055
935274.0,0.641654728915233,-0.45207492019476314,0.17912099859877206,-0.487975012154521,0.6224573004258067,0.7480199854452423,0.33940220887877226
935275.0,0.8951677824789224,-0.43492698884404724,-0.09860608844142638,-0.0674048828703333,-0.4207693926234628,0.826859063185595,-0.9290151577920922
935276.0,0.8470250286843719,0.9171754303800956,-0.3906631257076798,0.7220818623359095,-0.7461796963503717,-0.08063570436574619,-0.9793863608827824
935277.0,0.28205073124479263,-0.952887388205595,0.8397705701109877,0.554432907817682,0.8970624063691401,0.6839095951934162,0.032947369709733776
935278.0,0.6012451461494706,-0.47127154774416113,-0.15992103122178736,0.8842640811749087,-0.16052166061575956,-0.8981762879418391,0.522326376755673
935279.0,-0.7552026924423021,-0.6197208059490047,-0.13382295094939578,0.01688335989896439,-0.7811559522093394,-0.6771015597342933,-0.8313716391272827
935280.0,0.055598244855428636,-0.21505403820325264,-0.2216102948049672,-0.0009864311061609232,-0.697521542119449,0.5168922351438847,0.9517571848169342
935281.0,0.642966204505447,-0.6380338062797695,-0.5945549972360367,0.1378966793296441,-0.2708462752726679,-0.4591412119931586,0.36200434485444677
935282.0,0.009212738960111544,0.4318659589664131,0.14446623768840183,-0.8195297485636464,0.4668284701599741,-0.6554992456411644,0.9118609142035186
935283.0,0.6951084790272366,-0.9294089539985386,-0.571059075218501,-0.9369267529394343,0.5324586173478649,-0.5163968357995048,-0.6484257489009719
935284.0,-0.18302543857304676,-0.09826588089665789,0.21687042970183024,-0.1622448303954116,0.07987060773222843,-0.2841773913780272,-0.7728411745575188
935285.0,-0.4734247187655225,0.43385821917207146,-0.24842770057683694,0.6553257242267696,-0.9074502071108494,0.05805185219382336,0.695677286180133
935286.0,0.13975180483809524,0.31832991964169177,-0.3352214235505415,0.09141900162634742,0.663149564200908,-0.7885215901019096,0.8353817007572684
935287.0,0.470795234490061,0.931750270835257,0.3097506363077618,0.17376165739407057,0.36733170817618044,0.34890061521853477,-0.5075427594505832
935288.0,0.7588108602237102,0.35886579672675434,0.06280358114255447,-0.43161135666137396,-0.43484321040777885,0.13816799826956672,0.44908796072201906
935289.0,-0.3108958131571913,0.723648504595241,0.568601427917732,0.8557471637900518,0.773795674181647,0.1458145225628511,0.544646815024783
935290.0,-0.7410521104806482,0.05318037879278337,0.9555510254255508,-0.8960851814963429,0.9372736322240582,0.7439734018851201,0.6305198564947689
935291.0,-0.1957049546636349,0.04679468405829357,0.3134121749544716,0.3427903289406615,0.05295409014855945,-0.4592939609251474,-0.4036227963353778
935292.0,-0.019752119241870814,0.2678503569421402,-0.1576403918177134,0.4849216095366755,-0.16039080918790383,0.344863554807483,0.9022310190479506
935293.0,0.2977790923856487,0.843629611223637,0.3980699789648321,-0.6993411647719279,-0.5172197960424441,0.2761906214756509,0.7291670207087337
935294.0,-0.25149329252885777,0.2254227440552894,0.9312722579005792,-0.5981748514984662,-0.7477767749694362,-0.2158457597574308,-0.29817297698446144
935295.0,-0.8461965180349771,0.057889872893964966,0.9538039525395603,-0.508273948959479,-0.15294145195291486,-0.1668787566866099,0.4367145045665648
935296.0,0.9523359204129456,-0.679875551680936,-0.7170641112360314,0.8862423182737125,-0.2284723647338165,0.3650759243858701,-0.7491243200424669
935297.0,-0.4389799389694755,0.5500321429823474,0.9651776618677481,0.21116988635440936,-0.44439006369083645,-0.7516621136881789,-0.9871702274965846
935298.0,0.10468935296791004,-0.3376826106197004,0.6798123187535161,0.6945341117339261,0.37961967778037486,-0.26684726805529446,0.40393295407817686
935299.0,0.42769797567616896,-0.7735587940397763,0.6635126672650358,-0.7807985106640427,-0.7026238914420506,-0.3770694691614329,-0.4692340219905249
935300.0,-0.6067342241295905,-0.7570937995482578,0.7875159267887557,0.9870367602981702,0.9339495624412262,0.6538044791524042,-0.5037554696641171
935301.0,-0.7070165159028452,0.15994394619889563,0.7500223008326345,0.5509475395220493,-0.3344119627122881,0.9733048554666746,0.41190326246814846
935302.0,-0.12879139227290293,0.9927686539070371,-0.9916067741922898,0.28504845861909045,0.9419786083452113,-0.3746747652715321,0.8074788226880896
935303.0,0.292052658294911,-0.19854974481641996,0.08335607635607434,-0.1741361766959162,-0.2925579852834621,0.08709205626873495,0.17570954693951646
935304.0,0.49843670343005786,0.14090570023577942,0.6563328026846975,0.8182856777870307,-0.9039226481069704,0.22545731111370926,0.6653723263080535
935305.0,0.20866057385902637,-0.32948223551201683,-0.6936837426007838,0.1021412467330598,0.9673634312475832,-0.91350259416464,-0.07862374320984467
935306.0,0.3719504447629156,-0.8587365277081058,-0.8162602420557479,-0.5367435746527165,0.5965916795813879,0.8751917562111566,0.9169855248826351
935307.0,0.5232796111043738,0.9504120233090054,-0.9895476847295652,-0.11547905721013207,0.6869850520594738,-0.541299538356153,0.7545108937675833
935308.0,-0.5042208218017172,0.4594666862416412,0.6866966666655798,0.18550223942035493,0.4300917882210462,-0.32740161770549303,-0.8117889109001688
935309.0,0.6450905612220204,0.5583899612161378,-0.1375987597047561,0.7215278269671825,0.7583949525146285,-0.22344823144839676,-0.17532848632692621
935310.0,-0.16681510721252724,-0.060261114689556416,0.2077509015704062,-0.8819870697820951,-0.7511100658767971,0.020744421091034804,-0.7299996185805913
935311.0,0.12079173088343453,-0.10009434690333907,0.8668537973517703,0.4418379408125481,-0.61453040270141,0.8404705880691705,-0.3120730275468504
935312.0,-0.9529700663458771,0.17629498042032332,-0.45664014792094565,-0.2551747608238717,-0.620557447073738,0.841790900084592,-0.4522942768636167
935313.0,0.8411930152322928,0.8496249402228744,0.9263662160957373,-0.5312976571517645,-0.28214146786677197,0.7930228063584936,-0.9796004603367761
935314.0,-0.06418911790571458,0.42047835348821505,-0.43474610478585785,-0.6988253555566846,0.07504727888096219,0.5377493379967719,-0.5951576820736499
935315.0,0.14242199612607798,0.07452323634004099,-0.10870464286994408,-0.9317264859561676,0.135938456384592,0.48446773547915,0.07406379790890161
935316.0,0.6833980290038033,-0.12669082059638548,-0.6081914901580141,-0.6727291571221179,-0.3823146150653267,-0.03279432974879559,0.1842564391415089
935317.0,-0.7645933126148905,0.5624385362152968,-0.3200408823645704,-0.046251350259765456,-0.9123460974925919,0.32932731096170276,-0.25077769723889376
935318.0,-0.427678525721773,-0.44708005636225967,-0.40469053731136606,0.06412260576013673,-0.36523653531071965,-0.07873358168637679,-0.7866754995498753
935319.0,0.04207477634609891,0.5988854547501783,0.30273958215276164,-0.43490787875716697,0.3962613859850064,0.6506580555665606,0.7485699255523868
935320.0,0.48479313761177156,-0.21644689968200903,-0.413066780307185,0.25755245139760574,0.15728737422834316,-0.32783424456322297,0.5700486557641984
935321.0,-0.47004552180923165,0.05808379619859383,-0.6473422548683005,-0.4108177043118406,-0.6584699184406455,0.5240469231911424,0.8854662474723272
935322.0,0.5609375122419886,0.8807127577067406,-0.10636399959308407,-0.44618256709059545,-0.2366322337727611,0.9284293769309768,0.4220170548943283
935323.0,0.6996141018407267,0.7302916502832446,0.7276580661461125,-0.8980978049042014,-0.10462671613956531,0.14554406961255761,-0.09528811769482837
935324.0,-0.3530283843299995,-0.4581590621862559,0.42475973408501533,0.8607000006783141,0.9379630450264496,-0.3563259683755835,-0.46350543079398876
935325.0,0.5599724188819659,-0.4655711667986495,-0.40436012860015236,-0.030157653131023476,0.5110241043075407,-0.4434473228624549,-0.04947926773318301
935326.0,0.7076293457612681,0.8184908289622352,-0.647970175008145,0.5612580257714814,0.5030612894513229,-0.7595290593977639,0.9101422878387928
935327.0,-0.6310601472029431,-0.9972104656068168,0.029542789603492547,-0.14095816227733637,-0.13346076859225753,-0.8339961710303232,-0.47752465049598825
935328.0,0.8127151425166133,0.5587408168702639,-0.6657459087470381,0.5366595218294858,0.9544405552759365,-0.5192424241225091,-0.2613509626213195
935329.0,-0.8453995259372067,0.5001577851704764,-0.9954197668573943,-0.3307410364935155,0.6638691133754011,-0.6047698702292545,0.8080782392532575
935330.0,-0.9462941623295016,-0.3686003777943354,-0.4644336889950298,-0.8216406453759979,0.625139875336955,-0.2514619872565296,0.8772817762423502
935331.0,0.8510221641977795,0.8804115786852662,0.6775833914936296,0.2899425480034541,-0.5217181866930869,-0.09793761759423991,-0.16707681960396403
935332.0,-0.27428684640641565,-0.8636091581839227,-0.8748527610797368,-0.2731584282939026,-0.23528550456082087,-0.30330406584574865,0.5003571226367489
935333.0,-0.7943402382606539,0.34907181818223476,-0.9934183493883184,0.7039700615490241,-0.016802939979217113,0.11401978361705223,0.43586499152324
935334.0,0.6426625013569638,-0.6743346343698269,0.9579564770749289,-0.14214197063404233,0.4487651446752996,-0.6737855578036716,0.4384968183267042
935335.0,-0.1694149093845556,-0.9671001805716017,-0.7359552013104755,0.44017640093635957,-0.8950095682251278,0.49729208185336793,0.3500857283520442
935336.0,-0.833779027247963,-0.5455492506768174,-0.24586276875533986,-0.1523286736846785,0.6856605010533057,-0.3373735226732619,-0.3757845980971368
935337.0,-0.523293974419508,0.07745888039706061,0.9422373640235313,-0.4361449225858527,-0.21141595768121846,0.3046722893846139,-0.21093260778206502
935338.0,0.6121289411041666,-0.569646950351878,0.6652452168519272,0.24852889581079185,-0.07160502158715731,-0.19183047035131362,-0.4213736122096594
935339.0,-0.6220878228390674,-0.3984958566959689,0.6637422859168818,-0.4968137260654164,-0.8743344117746161,-0.632295295029933,0.6759869667749856
935340.0,0.9940214854402631,-0.037417254853494786,-0.7890140308749589,0.6275477219897831,0.32566439249914625,-0.0012837953185955708,-0.7549803919651501
935341.0,0.07896639484095092,0.5575371252204506,-0.5296545747441963,0.6533119406235715,-0.8647138091476381,-0.20625171904044137,0.4767168654148828
935342.0,-0.33163314954719114,0.6504390409078278,0.6451468203388175,0.3252390922195161,0.7178265253148097,-0.2319101874578049,-0.8717202989689647
935343.0,0.13333032410284362,-0.8088112811629267,-0.5542365672024911,0.7660588005478215,0.758182540650383,-0.3599617396534738,-0.001726996498244926
935344.0,0.8345001050614369,0.4057910554253632,0.5224574347328774,-0.37098222180851526,0.20891184454604605,-0.9114732718256138,0.9807517836928734
935345.0,0.5330050067663521,0.9089230434109739,0.6357545980817603,-0.811568987910325,0.4173681548604964,0.46631393218207196,0.03127424684068214
935346.0,0.15125279302104055,0.8593024669955793,0.04306015829415455,-0.5541026993140956,-0.42059386107048247,0.16770110599765697,0.7536854659746994
935347.0,-0.9379731530423348,0.9034897870658125,0.021989377863113058,0.21532322458398134,0.4187434909550718,-0.5041914894099451,-0.643557650274649
935348.0,-0.8602816348409159,0.357452723848519,-0.2660969582941599,-0.5834634007213133,-0.417873830955956,0.2815506161234165,-0.27404843824406155
935349.0,0.7662288617362669,0.07173980972084815,0.530567695269383,0.25463846259308576,-0.8302025143543326,-0.26917059520205666,-0.1438652117488426
935350.0,0.6550818216225662,0.9170982277432855,0.650449974514681,0.7451019426166261,0.2382926705405921,-0.7788566347107857,-0.17085003563155055
935351.0,-0.08177012711990339,0.02233852973942696,-0.7934713044234118,-0.2911941422316726,-0.47608551427300916,0.5850860089942247,-0.21554075574090437
935352.0,-0.4530901932003908,-0.19089414366955748,-0.9028756705630945,-0.001362587968817941,0.8083240477150757,-0.16964944916268299,0.23057048211796083
935353.0,0.8138343576463603,0.20504846678569355,-0.4250748075482762,0.8027882222830298,-0.43376839423203895,0.29454848541788237,0.9858991696830157
935354.0,0.25687556828600155,-0.8857753236298351,0.19130813912200506,0.7727873852792135,0.9990260865122456,0.46588081894007605,0.1392751610996552
935355.0,0.26527925376426476,0.5218702050768509,0.4117203959344844,-0.2229101363389301,-0.19509029555775603,-0.3598648699173814,-0.5628350695765869
935356.0,-0.395157616648635,0.32373629240902924,-0.29868199324386,-0.4887026863421251,0.8745237085418056,0.5241566064178818,-0.09442162905778129
935357.0,0.03610657717440868,0.6616044934334586,-0.20422380711177057,-0.6289925185926002,-0.46061972070454393,0.0484876634571878,-0.3514024902207673
935358.0,-0.4244619054799883,0.44518512086777196,0.3692052240421204,-0.31549195040879763,0.6416300281917156,-0.6852045463138312,0.29257248573827543
935359.0,0.780435917457877,-0.8555442151844659,0.08030085131587072,0.5937969687521014,-0.11744113252390465,0.9569707401984695,0.47784389455230736
935360.0,0.9491282743505791,-0.7350038222454474,0.8909459077516155,-0.44399197469540574,-0.47759735211993926,0.8800001743045116,-0.43444790135029265
935361.0,0.03756025278476138,0.3380642042844808,-0.8948231171467649,0.31591876670087693,-0.36924997625487155,0.9300673412356888,0.3822815679090428
935362.0,-0.2535149925590814,-0.2740097189081634,-0.016734154089442344,0.12347058789036036,-0.9876775616206708,-0.12975773190426176,0.5900740027991758
935363.0,0.7069312500324514,0.5021939222774026,0.8259975681469787,0.2958332538972428,0.7392802807327032,0.5912047146800155,-0.05306902002735159
935364.0,-0.6803211724995617,0.6804878674178234,-0.45224593398130164,-0.0374617575724967,0.8027253871440614,0.8147157977926729,0.7289132648071439
935365.0,0.8796721939352816,0.10919716807642388,-0.6496049022001851,-0.35227049726775905,0.012021971099343443,-0.9655989403888319,0.292385774858412
935366.0,0.8508160703531202,-0.4027662727834398,0.9551863689699656,0.8346677102876554,-0.5060338470600483,-0.2940223751272435,-0.051340227042164566
935367.0,0.606340355272871,0.5220340150082257,-0.48632309369613225,-0.16754348395099683,0.4135175418982022,-0.3202507702421311,-0.9949988404234043
935368.0,0.20794237263694626,0.5608215087117205,-0.9696012253901976,0.7569535794755626,0.744300991018034,-0.6211031903826649,0.6215496673257712
935369.0,0.006998116747528371,-0.1624374914954001,-0.8416941933142903,-0.259901742803464,-0.1633402963300532,0.32964594260800495,0.6329583562232792
935370.0,0.6650348769424594,0.26894025893454376,-0.44063463354452526,-0.7458576939876156,0.7761800368702327,0.5569978642247897,0.6272075043299177
935371.0,-0.9789266581866496,-0.7389740450246336,0.41422157214419975,-0.7956517268776775,-0.9709674694001698,0.750440918267171,-0.15130453180933956
935372.0,0.1627262578254849,-0.03338691161126883,-0.28864289003397303,-0.2235167990064335,-0.05194703549083357,0.5530400204254213,-0.052123258742010625
935373.0,0.45461798248285556,-0.719955664815449,-0.6930916393859057,-0.5940014367475117,-0.706145193483791,0.19387466473176507,0.8468353567727853
935374.0,-0.09890238133239526,0.7755466769332506,-0.9705267866455827,0.14194741875122663,-0.12735622554221604,0.05338714701329139,0.16774325161333592
935375.0,0.593818432379569,0.4348186752807488,0.2500156726037295,-0.8074530027682747,-0.7676679284364709,0.9088393479385068,-0.24729320173427682
935376.0,0.7112243728537058,-0.07951658482764068,-0.9421152366387167,-0.4597347229576718,0.31413513291719397,-0.7323848602018612,0.28704020205842196
935377.0,-0.29671230810281846,0.09904935471758725,0.6936479353337781,-0.7314649018231449,-0.03403799050979206,-0.6249308338393849,-0.7404351596531551
935378.0,0.7660953999583595,-0.7419085018820692,-0.25143318891000943,-0.41996160831686646,-0.46784700199509244,-0.8395754716796757,-0.6840263474792669
935379.0,-0.451058526546396,0.8361927393292783,0.932093264162456,-0.6688111842709352,-0.5676192238786479,-0.35980694635631894,0.16779607792801543
935380.0,0.5993574465046345,0.9151250891782381,-0.6550045017979367,0.051677277848695136,-0.018313328806773832,-0.9880224447446919,-0.8401991043021813
935381.0,0.9092266561738338,0.7084773511859503,0.2193853465852289,0.8160073486507784,0.6329376095282018,0.39546588051117304,0.7884901777797972
935382.0,-0.8239489871740144,0.11685941598918959,0.4051907319196917,-0.5690409197912503,0.9884737837886639,-0.3807444489175118,0.35509596717982483
935383.0,-0.9486027789879701,0.9175481127520586,0.957933473115999,0.23633975101504023,0.6623937234936366,0.12357870633645285,0.5808214181260802
935384.0,-0.25822257340509847,-0.9886689039288334,0.4541342618442077,0.6356564963621836,0.7843087121240064,0.30118753575863466,0.03379544389816802
935385.0,0.6417748715979004,0.29918400002587076,-0.6962681256093841,0.3386531429308277,-0.45454740830122464,0.1123394021439057,-0.9572498519683952
935386.0,-0.4419417027371255,0.01038364961074456,0.2780946085566174,-0.8800179185252761,-0.48429426467956227,-0.0049349758599990246,0.859945333027883
935387.0,0.7014028855328112,-0.7473182017845579,0.5733644683375569,0.12041220958441556,-0.4089095076100919,0.166547900964787,0.7449496220575105
935388.0,-0.47286311039463946,0.3860409215127294,0.20238630952777714,-0.7377816246605053,0.5563870422225281,-0.03583453068176379,-0.7631853508038036
935389.0,-0.9176499378823639,-0.9475905803102642,-0.9444511999860479,0.07608717777444074,0.5556413244019276,-0.3193581289699423,-0.3625765094274702
935390.0,0.885506139508814,0.4235630097414578,0.6242895988929564,-0.2004332495817378,0.03725243907191489,-0.21055614666075462,0.6487435540149615
935391.0,-0.015419313884973862,-0.6889814341939355,0.9370297834570438,-0.6792396165446664,0.9918674454301699,0.6204960327778604,-0.6552830876120974
935392.0,0.5090618676160159,-0.8104168583984044,0.8135743433373375,0.939749258214079,0.155549235725279,0.02159002654928699,-0.14454123788682005
935393.0,0.05126322692694818,0.8899621484507856,0.6126876014837461,-0.9934514710216875,-0.48660274471391296,0.2582288884441992,-0.4989308052041119
935394.0,0.3734764410710829,-0.8696310094995789,0.3952193513473832,-0.06738380823939893,0.8455316510300892,-0.7212169065981333,-0.11605360142272603
935395.0,-0.7408040122999804,0.4019118736440592,0.5123497501927758,0.6785529753772161,0.8287255071833979,-0.5591159197266862,-0.9258568410285053
935396.0,-0.11933349831404128,-0.7222901544919793,-0.6929275224952873,-0.8210284679135522,0.5180779822971928,-0.2232843294160849,-0.2612674424504182
935397.0,0.7378481592504955,-0.7154534019051642,-0.17574137001361634,0.42465883092670675,-0.8164899890234405,-0.1808069915126338,0.021513438903324467
935398.0,0.06708185162099989,0.20073447318847748,-0.9011594076862188,0.48482848924548105,-0.12015731860320789,-0.7193483621145333,-0.8865771786809804
935399.0,0.476573485003811,0.28016665806093966,-0.7790677557152428,0.8789065178555882,-0.35088838403517353,-0.7853535352148653,-0.5933799107178213
935400.0,-0.7591754058892515,-0.7297946347944819,0.624163300770044,0.6668101592318927,-0.64028672083642,0.92455388230543,-0.7369453721742805
935401.0,0.21710387468620773,-0.042622042096972956,0.5202335795658608,0.07083275918756948,0.09972322518065435,0.559527866831983,-0.06071330146276832
935402.0,-0.07233521193208081,0.23953659958750384,-0.8536096655047574,-0.6808576871795371,-0.6468899915298816,-0.4861182900795704,-0.7765738110660054
935403.0,-0.5483226493863373,0.7954172399507626,-0.2696076068362594,-0.9054489949332223,0.9072716406038883,0.0316119438475011,-0.10318194873134301
935404.0,-0.6985815920335634,-0.2756224610709459,0.7350542689557937,0.804464983625619,0.6043789302460341,0.9169958701992009,0.005967231178475085
935405.0,0.1399404950248635,0.8273906856208417,-0.35850775879391716,0.2895560013761942,-0.6878684769867429,-0.27107650882187406,0.06039763933302478
935406.0,-0.6373632505199125,0.5070667874069352,0.8816414095311089,0.5391645349285101,0.6180143533734546,0.4737589094382524,-0.08091636242651079
935407.0,0.4890395669601382,0.00935158964617644,-0.8125475742162434,-0.9378356861694264,-0.0776553200182426,0.021438794173773923,0.7217580810623443
935408.0,0.1892951090334798,-0.07368488446664867,-0.6633400103319576,0.32470217222330366,0.27865370989216753,-0.32085527955861304,0.8534781415784243
935409.0,-0.8274269286155584,0.2492450998324558,-0.7191479299668144,-0.7825613862868297,0.8155301697510795,0.3634036809744703,0.22887327902088983
935410.0,0.6763809199711743,-0.2534159060165533,0.8151463957219034,0.4540520789080398,0.15514655983593473,-0.15670347407022267,0.059139825432380055
935411.0,-0.43128484416107815,0.7896846516124638,0.7160592156485888,0.016094188396396758,0.5728540842904082,-0.8103083244064564,0.06696709716641402
935412.0,0.00476925145795537,-0.6918703595169344,0.7769389472239463,-0.5527792203474005,0.15101382205832325,-0.3817361088722464,-0.6682102490550133
935413.0,-0.26929934874045647,-0.04200046114873901,0.34758964897336453,-0.2490551668618204,-0.4566646198052535,0.9279747109976948,0.5023068366776722
935414.0,-0.7738584305457594,0.9750265964489226,-0.29003984964666474,0.547587546934819,0.04298880902812274,-0.22673975819875092,-0.08049503747232101
935415.0,0.4323021495020869,0.5442269502140828,-0.4374033283615535,0.09813901501316802,-0.8412987050980103,-0.18008350326004274,0.2496491218002992
935416.0,-0.5182435464929578,0.5424619901001289,0.573192469364119,-0.011329607456235014,-0.8201374947321134,-0.4238269838694009,-0.5222834129593845
935417.0,0.6479533499081964,0.17305446513588119,0.6901784191096789,-0.49007155578273354,0.5698206990994292,-0.5330235007072346,-0.9654064087302712
935418.0,0.3137587290447217,-0.7661487485531402,-0.4158064971342692,0.7009823174031959,0.5657263436909643,-0.4347532775657841,-0.29391309006791566
935419.0,-0.5313182449774669,-0.48406560806637744,-0.7313834217616266,0.5765415744904325,0.5872464555425791,0.9847366105001343,-0.272928491567618
935420.0,0.359043612764659,0.694212795618053,0.8764075528717581,0.9307830115651596,-0.23639852287970786,-0.12367912534467962,0.75144918007313
935421.0,0.1530911574028735,0.7357302064661375,-0.03475866974712338,-0.45032080118650897,-0.26968969428496714,-0.7464146853177445,-0.9085181256578738
935422.0,-0.9275696542855782,0.3699111808475519,-0.6451360017659769,-0.3398732875707502,0.08391138354409233,-0.651312712886104,0.28054199864422724
935423.0,-0.7342250522122431,-0.578379984072183,0.9710388473579017,0.7085741458970682,0.3656785850506712,0.6128784100990683,0.8290605311621566
935424.0,0.7624106198841378,0.715926197713044,0.20262304823216537,0.993165612024141,-0.19358004863522438,0.0799232239618266,-0.8446662159228331
935425.0,0.43166880626639936,0.1396234534964811,0.4342858431506149,0.3084896414064522,0.5059490229677346,0.44845404005742084,0.8568559421385222
935426.0,-0.40084166597419046,-0.45885992594204295,0.5890318193981516,0.10674366140381486,0.7809524923750484,-0.6070316114422591,0.13094604619601857
935427.0,0.6359458372705475,0.6610076752344576,0.8316850969089926,0.6919285617370987,-0.7095239558842443,0.4626589363360174,-0.40194998929589687
935428.0,0.524182451988044,0.23442897707260357,0.9664029438387316,0.1864860367098471,-0.2883292911676618,-0.8400877325796587,-0.20095943839572694
935429.0,0.8761886454347567,0.10265258129962684,0.42474680333080594,0.049012030423096986,0.34689885738113646,0.10522577251058118,0.5311220071701612
935430.0,-0.33224659053597216,-0.6283848715275744,0.3759758520949601,-0.8881082201098074,0.7944024609313702,0.8977308133718833,-0.6790330797436035
935431.0,-0.31239678486704014,0.6977661585185129,-0.21979040965671226,0.4291091641347615,0.749409775816696,-0.895709289248279,-0.5469382423527094
935432.0,0.019058250277616207,-0.43104589369464774,0.7221342551691339,-0.5172563565203769,-0.707030383522641,0.4342040931824369,-0.9803093880276044
935433.0,0.8985995348974443,-0.551846551719531,-0.7076826141995791,0.65425700494502,0.663758850029037,-0.14355274810236107,-0.17531913475861272
935434.0,-0.531863705657295,-0.9910350007129491,-0.4539012204586985,-0.7091975216830035,-0.09935402364891366,0.6178091591561232,-0.30515734207559353
935435.0,-0.8871870498137415,-0.29781856968863285,0.4667483669847321,-0.18539255534875987,-0.5172429374362806,-0.6100400849842034,-0.9003280111396266
935436.0,-0.9664431262551021,-0.5666108235415726,-0.8782780356441124,-0.9276794011789913,0.7612561260853195,0.720764142547345,-0.40824447754714277
935437.0,-0.020509759336933664,0.9876651382581105,-0.7651023991274957,0.29766118830611665,0.4785207593433114,0.23016946649298964,-0.739344647639099
935438.0,-0.7194207991162307,-0.7132056252986938,0.823416567327264,-0.7950576142102186,0.20682222835760067,-0.05246274864593681,0.04862887527020643
935439.0,-0.41932520530216477,0.20671747036811872,-0.3281023061657773,-0.08872117145888692,-0.3440590396616958,-0.22285078677274517,-0.715509407266592
935440.0,0.5331845564992852,0.12584522708228585,0.38045176841862327,0.41242471432554906,-0.8323129033995629,-0.30410814670374253,0.4479987566021262
935441.0,-0.5986213868787882,-0.9326157380230633,-0.014965514146585646,0.571279164832021,0.8958683681632271,-0.22447818843881762,-0.6417975008530172
935442.0,-0.42326202340546737,0.8244874231758865,0.2701241499023175,-0.9401258953789633,-0.8798960135820704,0.08696129102475592,0.10595168933351373
935443.0,0.05278132159783855,0.6015211452059757,-0.07033625087989592,0.5818632802934551,-0.9859152138093423,-0.5323395594258222,0.260175365468172
935444.0,0.42728967800366413,0.7045843585890372,-0.06884423265130124,-0.6170261821270246,0.039348925902235266,-0.6025872983329155,0.9780239548337872
935445.0,-0.5358565941802695,0.9800714547037452,-0.39063321817328656,0.3805434381395958,-0.3775795914586366,0.1959575765165975,-0.0071481582635015695
935446.0,-0.740758343180407,0.38304677272443177,0.8645294224425188,-0.7515123780170427,0.04451588007457441,0.1563548375840944,-0.4619752390537386
935447.0,0.3523221657198794,-0.34456327164574074,0.31434538331211126,-0.4941805131923873,-0.5363695573559955,-0.06630976893756069,0.4731703655001098
935448.0,0.5933895191692198,-0.32081771244294255,-0.7717167779342995,0.867254495839044,-0.17854490928279132,-0.41962720235585826,-0.7542960671749557
935449.0,-0.8913808164734318,0.6428368967902343,-0.2540995105264292,0.5823729896679029,0.2523864160162572,-0.5675944450074588,0.06809009004879685
935450.0,-0.37053223952085856,-0.9665126215630746,-0.2065873587558058,-0.7568788957346517,0.325223121055628,-0.36896495001482865,0.47686725337689473
935451.0,0.7721587002337436,0.628322922411084,0.972293797871542,0.8481911705971528,-0.7511957497495669,0.017172912221996572,0.6316370832141218
935452.0,-0.7043256296600529,0.8817667242239022,0.0637244645810977,-0.11434548958141932,-0.5992833253583052,0.8000231525561765,-0.027043585117005664
935453.0,0.6557331527767578,-0.5518315227853909,-0.2370712093576599,0.05998931024502241,0.1710434005664465,-0.3230607066787019,0.11232127947298265
935454.0,-0.9777961519108238,0.4296659184533622,0.909079058587388,-0.8616764580722662,0.14363876511047224,0.0047861033878677794,-0.4047471027866354
935455.0,-0.06357993324106004,-0.04836925145931281,0.1055730517436897,-0.41485161682689564,-0.5344734174699652,-0.8428686898553102,0.6317710900028786
935456.0,0.09709912977100266,-0.7911767130458303,-0.9735163351794145,-0.7705797997976063,0.4023890082500037,-0.6737518891113001,-0.8187848447644788
935457.0,0.2042806419705061,-0.07122851407328312,0.3957700337610097,0.13932134849403877,0.6905581805319139,-0.8443374727865178,0.2103191991942608
935458.0,0.3087658446446666,0.3396198375077848,-0.2544249713918656,0.5003125885188573,0.26033379936913326,0.17217426484765852,-0.8733816434805994
935459.0,-0.702460313871093,0.08400028021994776,-0.6959705441660922,-0.47886050975539285,-0.4969732078833249,0.15140800253489473,0.22355053866694496
935460.0,0.6369584788069107,0.9619351075980016,-0.08965516671489215,0.13843458224306615,-0.18051276140165862,0.8705675531861417,0.12546860255552206
935461.0,-0.4528940396126877,0.7922219107065975,0.9189724061029891,0.6855118118616572,-0.7469486640238041,-0.23777977651130677,-0.34812376579364424
935462.0,0.3100369782946295,0.684212070451826,-0.8493553808511431,0.5720653925430728,-0.3944446192123632,-0.4214029126881358,0.4186638380963257
935463.0,-0.07440849600657473,-0.7412979603021619,0.9831596248679997,-0.5409715898442609,-0.32853192340670345,0.04968522797583175,-0.8086676996361901
935464.0,0.05532584172657162,0.30044863311239967,0.910902829474235,0.2346661903169751,0.24863515610985276,-0.5098829595688379,-0.20768796085047447
935465.0,-0.5029357636018501,-0.8998165231522797,-0.8346834130133947,0.917160848854063,-0.7850804187197373,-0.046732793069167444,0.9211843719947506
935466.0,0.06238773953014465,-0.488458079140238,-0.33826577895200893,0.929117580776011,-0.5328479013892509,-0.17673390245554144,0.8501176676790851
935467.0,-0.5536483215324932,0.9767862423685956,-0.3386653469211509,-0.6390373088358983,-0.6963974144015652,-0.1702824212857228,0.09638235497323588
935468.0,-0.29181582308189813,0.09475110975118861,0.7581878131567175,-0.955509827303795,-0.0021127360740926804,0.7010281686303284,0.4177762387108743
935469.0,0.17462894682644103,-0.05610861270639855,-0.20050574637037122,0.32088605378784574,0.8011897853884951,0.7459767534174622,0.17830085468861712
935470.0,0.06319567318999542,-0.5352767811063415,0.5535801338425084,0.5046424352241814,0.28487754895094963,-0.3403792125611964,-0.24710489647471978
935471.0,0.38422559009446866,0.7535971515798412,-0.20296982486505155,-0.22076518915872945,0.309171786581923,-0.21177330597468647,-0.9748620336026588
935472.0,-0.9262741439055944,0.5845265882982489,-0.4147085719136936,-0.6646179936336929,-0.23181895699779997,0.48540148187870047,0.08171331678030791
935473.0,0.35984884497864167,-0.8260001009764646,-0.53999612092637,-0.1970132256772783,-0.8919203794518831,-0.9854869559671113,0.5089172324287901
935474.0,-0.5234813440819561,0.2518703725566622,0.3156085635186041,0.3604830562758903,0.13159506979591407,-0.5006676065601263,-0.3454815432729772
935475.0,0.09041438643046185,0.7168899441933638,-0.7972316819283403,0.6207015577446302,0.6142537000683563,0.0019615020457706134,-0.23578993299097584
935476.0,0.7205522134041822,-0.0367457015953101,0.5248481362473059,0.05726791925047592,-0.20512867166565352,-0.47379841668947575,0.7496883522380025
935477.0,0.24684807984878798,-0.03159765077104826,-0.06225779073542426,0.6103489411090752,-0.6703205541130588,-0.27424528850937246,0.7276095055514273
935478.0,-0.5852286273049792,-0.3481821783534855,0.8318599505242217,0.39688514329012015,-0.16035406054404389,0.8066327084341434,0.29152010696617325
935479.0,0.3628766192034907,0.019132538578724878,0.41295520128290386,0.19944541319991327,-0.8619237569507983,0.08332042249684823,0.17959650536215888
935480.0,0.6927403979112177,-0.8469631883774622,-0.6589862252517908,0.24930588763106876,0.41599110535412587,-0.4809834753850273,0.39760749303364396
935481.0,-0.6871400876453468,-0.6549617604520954,-0.9619293640120727,-0.40849100783633796,-0.5433107730214992,0.11030029655942308,-0.00048306067458225854
935482.0,0.8564028098108956,-0.3375547136334869,-0.510003381062238,0.8398799849124967,-0.05787299580912553,-0.38069359288953697,-0.4626292640794545
935483.0,0.642966468437147,-0.08574087039748779,0.45664486211044664,-0.7522725884603145,-0.29367056342023323,-0.3548601680369454,-0.10074693737371665
935484.0,0.6718436660076204,-0.32479406393645416,0.15618414577883843,-0.09226125785669059,-0.2904623191643916,0.9819935826798136,-0.3846099634965212
935485.0,-0.35370381159733055,0.6489976695366038,-0.6789147141339253,0.8039397984206618,-0.7468775795645761,0.9282933683598009,0.6322632404415445
935486.0,-0.6012620469738226,-0.4593466530457524,-0.314158586844425,-0.7708261065588597,0.772372430280243,-0.7352648456358191,0.31651563540343775
935487.0,0.42325688747952883,-0.5714933515606451,0.9260931280909479,0.9096528225075173,-0.43112188069912927,-0.45068973038059523,0.845799428195172
935488.0,-0.7395819741911547,0.006904069968375781,-0.8052246579040723,-0.2392404489706763,0.1013370334993342,-0.7718772747594531,0.3994077832881726
935489.0,-0.7231502031621262,0.06927096124985788,0.9572535064836274,-0.7395965801171551,0.05949655823404254,0.9275642111027447,0.43925227846720327
935490.0,-0.46526171089798396,0.3834951025606892,-0.8167002933280245,-0.4430607637364721,-0.03742433570552839,0.43547436307155074,-0.582438928081493
935491.0,-0.06187275357829791,0.864846145506162,0.6105435648904796,0.9604905531446977,0.8471982369571673,0.735853810539276,-0.6134436206071914
935492.0,0.2917082645450253,-0.5831302065307025,-0.708001061495728,0.0874955640549715,-0.14395016548903894,-0.33656295134439174,0.9810569592768712
935493.0,0.3150159093528868,-0.8420201921817638,0.5561455647286726,0.025370407041784615,-0.843330851122317,0.7328076031507742,-0.3215551007233317
935494.0,0.6679896646488417,0.17398486389555923,0.03410703232821111,0.0006898668010599796,0.7184352779688217,-0.153418760543941,-0.19998023859097636
935495.0,0.7953130570060043,0.005613106553952862,0.47533295415922305,0.13918273365637157,-0.8575688209832903,0.4175923446977181,-0.594701808655161
935496.0,-0.33765140993215015,-0.64347953597873,-0.6498856059312537,-0.21291133423879094,0.956788508291563,-0.26739078334834376,-0.7230298707773792
935497.0,-0.9172405496885645,0.35193199387204044,-0.5271292942399826,-0.49041213992453336,-0.4619993973399341,0.847227057397778,0.4146712632934364
935498.0,-0.07033950593066107,-0.6038231347729583,0.6918835694633274,0.805390602839321,0.5452228722560819,0.9461443357840735,-0.22639118595763086
935499.0,0.8712382991796714,0.20413890694090675,-0.16776555612026844,-0.08289182470557854,-0.23264160484255303,-0.25266656624442607,0.5264206015613355
935500.0,-0.918804859263332,-0.6528869717644579,0.09826435561355673,0.13333582452022097,0.6153667675451997,0.3630888149451894,0.7749785448039188
935501.0,0.30610653151828293,-0.04372270729816874,-0.29593835742913077,-0.1430141901945421,0.7205734715504435,-0.7326583700920806,0.9924941693413454
935502.0,-0.8697005572684193,-0.3003101680301441,0.4734788478991643,0.2821720087494084,-0.8474043278928007,0.6271681607170376,0.5591013282678297
935503.0,0.7820540878937605,0.8893037939660635,0.49540027966767464,0.11505148914215835,0.6192850161363217,-0.049376981599866365,-0.8435859065524676
935504.0,0.04789888103992479,0.5588191366125308,-0.9435965745472805,0.20054896566792046,-0.9489158307669965,0.12099852965103741,0.5939354853320291
935505.0,0.8172511445661526,-0.7075112815551989,0.21772210269107495,0.8520775775108922,-0.7097074090677031,-0.15111596623865542,-0.9476093393594025
935506.0,0.9468347195028386,-0.31949104682991947,0.09942700557777862,-0.8011461203294583,0.7936365691026719,0.6391590164472423,-0.7975440281888884
935507.0,-0.3544102979994268,-0.7586221979024548,-0.23922009591515603,-0.4831394711163315,0.04973504957394326,-0.9113279616489083,0.5186135516072026
935508.0,0.5435450694716828,0.5700789272754463,-0.516969835344854,-0.9840112228396447,-0.9146865861217555,-0.25938560049877735,0.41599697180598394
935509.0,0.04305054410352405,0.8666242211518986,-0.10392928284873615,0.6047138074470313,0.9158795677097011,0.9676080599609618,-0.9876319848144981
935510.0,-0.42981321136369366,0.8983957107657341,0.6361550107596459,-0.4061026459666732,-0.7746366508907927,-0.08641513046287108,0.0256840853465663
935511.0,0.47248585491121764,-0.5295864486693753,0.284655876026934,0.9989969734185407,-0.345070920538912,-0.971209246251296,-0.5571061299424298
935512.0,0.5173940992067372,0.4017276124400848,0.9104242620163081,0.10679889341352578,-0.8968047147830283,-0.651339961743806,0.22621636538548806
935513.0,0.3502080951981197,-0.892060076663834,-0.6828459342750379,0.7001330940192372,0.654762034711067,-0.5862702387962064,-0.15647416893331356
935514.0,0.6415333263699763,-0.37066961974451584,-0.5920103886346015,0.6608799053382552,-0.9270557956787819,0.9424030804417962,0.7320541758319978
935515.0,-0.6868331376407593,0.7055296140312923,-0.19415776311984256,-0.6052410174081522,0.7092398791427454,0.7384260794734552,0.9793320890575756
935516.0,-0.8496867888160877,0.6568296639612821,-0.9937182167474947,-0.46603910346438515,0.17437268278124218,0.9326590476842316,0.9388229798804439
935517.0,-0.33356676197235924,0.5147962209459296,0.5430221470391356,0.7578051214445165,-0.30464448503770414,-0.5598979424301853,-0.21319078701240524
935518.0,-0.05641315960751081,0.08330241132254135,-0.5830115479581788,0.11421670498538217,-0.24672739450925518,-0.10428657586736967,0.8357019727336688
935519.0,0.0065300616243271215,-0.9834187418331906,-0.313473006463749,-0.27930035104326856,-0.06443228650716448,0.9272492127090697,0.00763728415108722
935520.0,0.5510942649060122,0.09556289743506374,-0.07181581798649228,0.5343342568060137,-0.13784834925097345,-0.5595113459770689,0.6635779129485284
935521.0,0.24686177036780932,0.22551740883862914,0.9426791379075081,-0.005685805200709826,0.9185442635973937,-0.6653786118288565,-0.5910741897599825
935522.0,0.48397965454734315,-0.6594078184805827,-0.9903355923656207,0.7781179619898748,-0.055620354643147296,0.6449778657325749,0.5135190641815148
935523.0,0.4335681391517352,0.2593917390089078,-0.8607683588019774,0.9554429366925672,-0.6087120658463372,-0.33528491526596427,-0.6387381134803451
935524.0,0.906350147631714,0.44334950102846626,-0.3408081081951375,-0.2814700887080168,0.46735299556966714,0.6955349141617915,-0.3423346905424782
935525.0,0.3631070113177963,-0.9021509052945662,-0.229337542909956,-0.2313870871721102,0.04832175219876267,0.24693159142881682,0.4208673856066374
935526.0,0.7975753720406573,0.2060193660658889,-0.641547449988759,-0.43859344215797846,-0.840827769579249,-0.8128677167641616,-0.7381076938780713
935527.0,0.6718029827117158,-0.9099588614025271,-0.8207932098365947,-0.4261549224674248,-0.0998194867650326,0.15503717578867215,0.22395763104755484
935528.0,-0.1909162765475294,-0.7723039241137286,0.836649115395592,0.0782398107580129,-0.9728976777833207,0.48280438250712554,0.8339443268227478
935529.0,0.5509757151698844,-0.5794427982545161,-0.21740222284492372,0.2925944526404822,0.5639418946923982,0.7654505753384251,-0.19502307925533025
935530.0,0.8300055547992358,0.7919962250471122,0.4617012379833443,-0.7583626447790393,0.16246632539740835,-0.23997148305138616,-0.4319129593151707
935531.0,-0.6370288382283524,-0.7937203366673689,-0.6064807630115294,0.3963956320672224,0.6234217387403724,0.8373323726357813,-0.8199248647885617
935532.0,-0.38641474240760365,-0.7004883375831921,-0.6716339040518751,0.8135648929201822,0.4769654926227753,-0.4126403081164487,-0.24992241960339845
935533.0,0.8690266003156235,-0.9458553752732279,-0.8493170583111234,-0.24450583772644863,-0.5485830411194079,0.16862787821383174,-0.6203763272205298
935534.0,0.22089719783845507,-0.1951072730703649,-0.6963174358442474,0.23087138367209326,0.6600573619958714,0.151433989080771,0.7340782962098356
935535.0,-0.4385333770180926,0.518256576771349,0.7389609303096569,-0.5941942423594639,0.5583199646795567,-0.9562017942330074,0.06726760412933697
935536.0,0.9154987419774265,0.5047528471282758,-0.2712130214725985,-0.7588636774286339,-0.627722232476801,-0.561540080593999,0.35898261020563305
935537.0,-0.5608913454074909,-0.9460494046002268,-0.4427292440163577,-0.6233275602004535,-0.14658355660422662,0.012867269502796486,-0.5400668143289058
935538.0,-0.0749411569461007,-0.8901369812929947,-0.21421743580129826,-0.9849306133230895,-0.9917548177228062,-0.48662096519413844,0.7773860846048972
935539.0,-0.7790357604293903,0.07505679353998196,-0.5974145390370533,0.18998620040948033,-0.04501969130293704,0.7950259724308699,-0.14617603005300794
935540.0,-0.7903340656153259,0.3878647559061239,0.7898752345873414,0.6920636824097106,-0.6407608321806959,-0.8839255223987963,0.0818727102958996
935541.0,-0.23018822323883392,0.015752040280267776,-0.3785606247097004,-0.9532445115462707,0.9529697281411145,-0.3143038654462629,-0.010932264691884575
935542.0,-0.9072141190165859,0.14608621212524575,0.871674301690385,-0.23022147059017728,-0.8863529174216218,-0.7991915751790928,-0.9857796232772282
935543.0,0.09034528912053386,0.1427377499984075,-0.10653422048152406,0.30009559832023336,0.7303878179700425,0.9212414579855135,0.33351855148291154
935544.0,-0.832912762197608,0.37669676785881445,0.9034736740772618,-0.4884853461613172,-0.3026434067306192,0.7391243228376059,-0.9038832412544431
935545.0,0.8749423309111373,0.15505829810497573,0.9507301273523363,0.03530103597634038,0.23640525494800446,0.05858390550747594,0.3386444590937354
935546.0,0.8573778530057854,0.985871020749369,0.9353083858529063,-0.8252108298875669,0.6808328377967738,0.35062505001753563,0.23075252555027004
935547.0,-0.21306272768936974,0.4382356167170791,-0.8181496786532858,-0.3099358472954816,-0.32406419426195243,-0.6701052120546271,0.07003042717260843
935548.0,0.4959299301203588,0.813492227309887,0.6068753486414098,-0.7859095865470263,-0.9682048814877888,0.7109041245670431,0.8112549344801332
935549.0,-0.9107934038732635,-0.27032959012813995,-0.5297089585492523,0.18388675228199047,-0.29948066136743035,0.062158007803710946,-0.15514680736698883
935550.0,0.8883172197784039,-0.18786066660924483,-0.22459303872016023,0.16872321315909034,0.2932519795942776,0.3208951576900174,0.8935960623852213
935551.0,-0.0694669680751201,-0.006287784498958393,0.5294663245790023,-0.5784599812468825,0.3235883642367199,0.5946850204999294,0.40777449853607894
935552.0,-0.8204556191919803,-0.2066976669052658,-0.05022032839383428,0.428285421050709,0.7283411570730471,-0.7303254378777213,0.9634692258664617
935553.0,-0.07403475717387487,0.29505367825101203,0.9480833882900495,0.05876358867014386,0.3609318294765198,0.7409249712742574,0.13099742465986042
935554.0,-0.620055821386228,-0.129005809915536,0.7896382079262263,0.2131464947597379,-0.33380524931314826,0.0829995029790982,-0.994646669581333
935555.0,-0.7121758730803522,-0.996718502330106,-0.628633502588152,0.9938625859855694,-0.10048764553549971,-0.036316786072867036,0.053766179221962584
935556.0,-0.9281171459178743,0.14291494461552467,0.7571043146359377,0.8185376605864427,-0.20034717427095972,0.27508835995384984,-0.7136274587866778
935557.0,-0.08853941824568601,-0.05519594247876136,0.1755859523463752,-0.17017339795046849,-0.772766740088237,-0.41036903038893047,0.6103567947407149
935558.0,0.3212734741445171,0.6461602374873809,-0.9289348473725925,-0.12715410092331325,-0.0349052650225814,0.5144723345104534,-0.5659080094004427
935559.0,-0.8013999106801617,0.9016812747674956,-0.3726310810739075,-0.5821831942776201,0.15469785426795069,0.502823484336149,-0.5714820647989991
935560.0,-0.7255009478437486,0.9565714659322024,-0.4920405699214385,-0.26081979010277556,0.9773909939666057,0.6916401082581412,-0.4525581963856151
935561.0,0.6442949845502814,0.6076555291899086,0.556720323103677,-0.6835836913395559,0.5519487698159851,-0.6315811550102124,0.8074136119968471
935562.0,-0.474405513119156,0.3245441317079858,0.308536401055437,0.06026583916029371,0.7183564538600422,0.6670342388433537,-0.9562252427908406
935563.0,-0.2558457609100151,-0.677581390145217,-0.10300060154806379,-0.18218654638007403,0.6706993306158877,0.4979369105535827,-0.7632998435598093
935564.0,-0.5783987818613523,0.9562731424114692,-0.0966453461954877,-0.6694974342546702,0.4019589180540879,0.31020431591030717,-0.3590854121432834
935565.0,0.7256386663479479,0.5692908621476278,0.8444046291964322,0.8230335881486239,0.7483529736229337,-0.5538712610211798,-0.30538239178160675
935566.0,-0.5299641400232769,0.8414282049908728,0.4384547541213788,-0.9652988019952278,0.6230606090858051,0.8371899388148973,-0.42380267463127663
935567.0,0.6572677965154987,0.6869379581526003,-0.3696087784902464,-0.02251778663463,0.4774338732781067,0.638325487926112,0.06628287827636403
935568.0,-0.06416833306178416,0.8111494146954832,-0.8711481527092435,-0.9280643015805574,-0.4630323790393889,0.4817370311823057,-0.5798468094134275
935569.0,0.005694878244535628,-0.38698226957603055,-0.14941244209894777,-0.84247735715971,0.19673866015758024,-0.06568948018775034,0.40353437140000725
935570.0,0.4496853308203934,-0.6735590263797038,-0.14270727220878143,-0.2135729539819642,-0.25199850686151537,0.03215448455873804,0.237538863377605
935571.0,0.8053345155718419,0.5318941963144734,-0.034749834773974975,0.302212424659543,-0.8635891677326093,-0.5277119893799078,-0.13309043277481325
935572.0,0.7028979479982953,0.6908156523824429,-0.141865076099968,0.23210169626819477,0.3307891096093365,0.9108299056524971,-0.16489240577236575
935573.0,0.10033459300852421,0.17391092023571675,-0.08560774664915383,0.5231087475175258,-0.1807848526205864,-0.609253048567314,-0.5793584046197242
935574.0,0.09941993698269003,-0.28065027299418577,0.20622773464875888,0.16453003156017987,-0.7154658906860492,-0.998095633441445,0.37204741193113655
935575.0,-0.5312948818723446,0.5731496866043322,-0.18544501786562995,-0.7871497023579375,-0.03995931078886428,-0.5266753314589669,0.3674606909406959
935576.0,-0.09612301663331047,0.2967137146116763,-0.9924391625910169,-0.07256320437198749,0.912633321534404,0.3680264774777853,0.4579991195101014
935577.0,0.6478043665352882,-0.7959109818193595,0.5922136139151915,-0.8129394468426878,-0.9786032330125745,0.6022444325993486,0.5484407106683329
935578.0,-0.020941810489172097,0.4513036454128758,-0.8558865999971887,-0.7955613319767294,-0.3612639089931913,-0.6437655156408757,0.5903578921154753
935579.0,0.29635804456818526,-0.2339096207114595,-0.009395152508486548,-0.271072665429569,-0.7436198948470287,-0.9397134502212956,-0.7867461572902126
935580.0,-0.2338521821476136,0.9129821111005978,-0.8289427192432248,-0.2577104333815756,0.26020733196361356,0.6264725357583241,-0.8417366525930998
935581.0,-0.557899983249972,-0.14251017829946222,-0.7135663827699843,-0.7577809025833131,0.2163825620806128,0.9979171397050286,0.657821918153634
935582.0,-0.5817935009633419,-0.5715530105158504,0.2407132587102383,0.23564878397815914,-0.8054643336442981,0.34033401144939224,-0.2759007660405359
935583.0,-0.6139822643034356,-0.843651770895331,-0.8600982235931416,0.912662508416966,-0.34534891112555255,-0.18038121345288305,-0.4811161556145491
935584.0,-0.9520326089994144,0.4204055154643702,0.5258716006519186,0.9057700871632524,0.9938311393080732,0.26164913686167757,0.22241894141180762
935585.0,0.79910683948421,-0.6835577717425432,-0.3723017136746949,0.5951376202329379,0.4584746726442879,0.9956442485632082,-0.28188783118286387
935586.0,0.12794289845463425,-0.9738598929733673,0.10084024049247486,0.8781939254981272,0.8784041008333527,-0.6533808913046262,0.23138704283298783
935587.0,0.51533365508931,-0.15591478382666613,-0.8940273841559998,0.775416252227423,-0.4920372731471325,0.36601475748186774,-0.3845837941151644
935588.0,-0.9757981560489262,-0.4918459883290285,-0.44951268787844634,0.8603950657220196,0.7328240419979057,-0.5081705854545813,0.5990795698664522
935589.0,0.6165017762942142,0.23997643833458482,0.2930546719249525,-0.6632250600947378,0.8006108066386219,0.5228559731613249,0.32554541540567183
935590.0,0.16304937091902238,0.9609817198227162,0.09600924647036391,0.993532849429972,0.7792684377350501,-0.08822113356533956,0.7849461989262834
935591.0,-0.17536149859783778,-0.244541783291073,0.9113722141396758,0.5529340938553688,0.5363312052714799,-0.8669125521637635,0.1897620438120431
935592.0,-0.10156841347563805,-0.9657437438893901,0.289087569897555,0.09815213400895506,0.730316849692837,0.5677484292252817,0.23008157919158312
935593.0,0.3097180959794412,-0.5676790450665719,0.518080209074671,-0.22077689919008026,0.4912494933312961,-0.6081989218098431,-0.39513282556928275
935594.0,-0.4118188711399646,-0.14777361103927267,0.9804872621332275,0.679450574186218,0.22340156660390487,0.8996673145861382,0.1307946618637288
935595.0,0.05078043913530639,0.7689755226522139,0.21123706722941038,0.2722726846251018,0.8011587297123914,-0.8846645402698701,-0.12441782103725685
935596.0,0.24636953041839305,-0.23784387965369924,-0.8698216627874116,-0.9311740471658525,0.013261088546493438,-0.36878662340923585,0.06873748768819987
935597.0,-0.2799247690214901,-0.6967317284698413,-0.08800176115917702,-0.03080925004222035,-0.05492318988555156,-0.8078965083354042,-0.12252589106655787
935598.0,-0.6601224699727981,-0.7867964229970721,0.47618269724146867,0.048814283474185816,0.8103508698356383,-0.4002676686022977,0.3156195138935294
935599.0,-0.222865346159131,0.9556932126550346,-0.3740543137272534,0.7204787293528101,-0.7728722650730024,-0.1429372860466187,-0.6368152989837617
935600.0,0.23744969415982475,-0.33078767000482934,-0.011355066227214383,-0.9147171931222196,-0.2613163536744525,0.903885328247996,-0.3644538014047638
935601.0,0.5803465179048877,-0.6196871151637131,0.4428429257678248,0.35774020417035457,-0.05101344628856985,0.3259071570051346,0.6467494113407257
935602.0,-0.5653930748447966,0.3206018227451062,0.6578884060037207,0.5644882454070601,0.35281124685772647,-0.26737647126863817,0.7525314797364355
935603.0,-0.06529595483408634,-0.9018662062750773,-0.14493325081798814,0.040963390857660764,0.5952014576601348,0.21150982344344804,0.007203502486383018
935604.0,-0.14555311217869282,0.38006581146669993,0.31384855634597786,0.6845587418688435,-0.8744276262241923,-0.13104577065260203,-0.7074650507417926
935605.0,-0.674058640778679,-0.36914459882313166,0.6549024003960864,-0.21350494525899255,0.4122242248331409,0.9333840913003857,-0.2942264930091405
935606.0,0.4605110750511494,-0.8543980051353695,0.09773547875182076,0.29553051781148465,-0.6990586489828667,0.18816254722001147,0.6278181298409469
935607.0,0.7237220987911843,0.04270653511659983,-0.2935574913461032,0.4297799665165043,-0.17081264939510077,0.580676366712217,0.32722666232843256
935608.0,0.13450079202322152,-0.3669968351241144,0.4815639667547602,0.5861954826651292,0.9918776062094528,-0.5740930520213274,-0.5761800252655518
935609.0,-0.6589253302901716,-0.9809713942691054,0.6983894789432921,-0.8492622088658492,-0.23385858753832078,0.3628561300654771,0.7563695220207705
935610.0,-0.4690805779037954,0.2882351232912499,-0.0009968283962693558,-0.9716814555907216,-0.0847305464738557,0.5570702774136027,0.1922942745833358
935611.0,-0.35489570979572616,-0.3487960822223306,0.3600384464311841,-0.6677112699691321,-0.14126646866720804,0.9406723809083357,-0.08027441497997256
935612.0,0.5826245884599499,-0.7077612458984597,0.1974204221696314,0.18696499695619262,0.17996771818432822,-0.6464861834981672,-0.2530081403481015
935613.0,-0.103908966922172,-0.6495706474601073,-0.9472599034574583,0.41734943884378506,-0.7572950270535292,-0.41153651046683426,-0.7345184415002581
935614.0,-0.8023067734781937,-0.002318782888318216,0.7186751570407692,-0.8033526619947817,-0.6718274908829642,-0.6045355611897252,0.37285710241907455
935615.0,-0.7069098887905678,0.2746409003075685,0.0766835115865867,0.4900879611972693,0.639082527676949,-0.9248742983198441,-0.212533469264927
935616.0,0.25035131318717463,-0.9099316716980403,0.05393136960158618,0.5070910030822051,-0.10301452871938488,-0.8727964149365359,-0.391287395890648
935617.0,0.5754797065080863,0.3006640191504204,0.5298533267117356,-0.07670749902584673,-0.22473510857694468,0.08099266504208935,0.5255219980990513
935618.0,0.653811144167715,-0.1204737798128861,-0.09132170477719925,0.15323108898268623,-0.4541744156587493,-0.025734836850160647,-0.8176998369326531
935619.0,-0.48657077332014165,-0.34119108250669217,-0.836166827370747,-0.19473338954111985,-0.8635176019792621,-0.8032407830262791,-0.43489217848674566
935620.0,0.537673243979303,-0.47614560900804137,-0.2764885123020928,0.17390238793301438,-0.45798092135870716,0.6645207061901153,-0.2444395400734547
935621.0,-0.6035559059661493,-0.7275516217394256,-0.9635269564083209,0.9023724537647766,0.9370504188998263,0.3740140777007459,-0.6675311230556107
935622.0,0.34538862648694146,0.23122112660791827,-0.022165273979655842,0.2922995580492407,-0.6217010406741634,-0.8815896717347143,-0.13781382112288942
935623.0,0.226747880711478,0.9449276283830061,0.18499076770058087,0.8584721302472607,-0.2406563997790303,-0.8789837802599356,0.6313359020746325
935624.0,0.8050313505685098,0.06706730705911257,-0.4759376448310173,-0.1961716729747407,-0.8955429842273874,-0.29130573635806334,-0.7568499441185326
935625.0,0.1296469049595701,0.8034081452084723,0.4518493115892237,-0.1506638935452156,0.006029983391657057,-0.8829613527356797,-0.2728941403589651
935626.0,-0.45170373948837983,-0.4809730356906077,-0.22969930061126043,-0.04630381343958634,0.9218314634921314,-0.058491636369506494,-0.4979616152379489
935627.0,-0.6665491175344707,0.037503976390755644,-0.6892342771651236,-0.9858096464942039,-0.9878407758769117,0.8227178708483054,-0.32693492544004554
935628.0,-0.42390929566450675,-0.5077412675393467,-0.8143010073956409,0.628479062999802,0.37445919669256367,0.5870543154332519,-0.5491998716202156
935629.0,-0.5075305889780255,0.9282405118563277,-0.6700296888800743,-0.25764313965765395,-0.7399193952568126,0.36132856259274493,-0.14506282437519968
935630.0,0.9254649537810471,0.10935172446245,-0.9682378724609764,-0.6105266655371151,-0.004182326781479562,-0.4381835371606744,0.7467330591143486
935631.0,-0.11853223701033189,0.23638987569145065,-0.7970120059823385,-0.7290059571168703,0.09928988382361847,-0.1295937400121352,0.5306557259198108
935632.0,0.37525924028318003,-0.7715414935155145,-0.8712916593398723,0.17590926810179064,0.9025454150983441,-0.5345082643998891,0.6340504750289144
935633.0,0.8940736938056868,-0.13694395351040578,0.6251447250041018,0.6532608899633472,-0.9063346394450387,-0.668606130741425,0.7062169463823176
935634.0,0.7100011558259733,0.5147373438478131,-0.12321790104083785,0.13587692350003255,-0.4925722102722323,-0.1924856715608383,-0.8482321092173235
935635.0,-0.565285733191264,0.04328082860674787,0.7270875925643205,-0.27965772372548603,0.1834253982302929,0.3412895550645543,-0.7753105088918475
935636.0,0.9347783475624731,0.5329081644358413,0.09366348421577597,-0.891025755721125,0.9988318445274167,-0.4842640968260552,0.554511261140805
935637.0,-0.03913977713305772,-0.6405014898452899,-0.8005570911531419,-0.8040390609904975,-0.4611594037839437,0.04868214589691311,0.22286756486957016
935638.0,-0.02762656878574088,-0.22950347411013095,0.353774650449058,0.5429986223022225,0.9967147329155157,-0.337055858556663,-0.9152358969666883
935639.0,0.032921028678962294,-0.4119322363908806,-0.14194381943778533,0.26612269835068214,0.12061774770438793,0.16328774103317523,0.2576699425484108
935640.0,-0.8841109889856127,0.7490383003571004,-0.3925467246513976,0.6362254853393094,-0.369371560458553,0.3636491324560731,0.24115018007789635
935641.0,0.6436261663449938,0.21298335296065973,0.6152147558367738,0.35906217160795406,-0.9831920070210176,0.3012300211949537,0.48055897454875107
935642.0,0.052743874888663944,-0.9293534420049134,-0.22924056083118383,-0.8206850064903375,0.6500770046311304,-0.127327998382867,-0.6345814430891035
935643.0,0.24250433235460567,-0.06251287970498765,-0.9370628342921603,0.8884701976460005,0.05369196386672681,-0.7716606733424896,0.9254029680633677
935644.0,0.42875916524908986,-0.40715293943219044,0.7637436630555658,-0.2289821306357931,-0.5194059111255112,-0.9830061625777435,0.5682450602364573
935645.0,-0.019843524733163864,-0.4461985659059038,0.7159244786107815,0.196117263174175,0.7759907687215661,0.2838606012622438,0.00565596451098016
935646.0,-0.1256327865962097,-0.5358192863107691,-0.29575675056096284,0.9802566512931752,0.0945753620505203,-0.5394837827359689,-0.0931038203434078
935647.0,0.09820266719892179,0.1145747588728685,0.4517349248332869,0.39045719756874453,-0.8685512276188359,0.6360094683986934,-0.7393107881756114
935648.0,0.6370494779483822,-0.9805554432823889,-0.09258911135672565,-0.23166152613116275,-0.022145748142397892,0.548883567777614,0.6812343524168951
935649.0,-0.6282634980701745,-0.09888944513397235,0.9603043651674485,0.9866344055247747,0.3552591126217257,-0.07429049946961452,-0.7382726743595909
935650.0,-0.6365013083569502,-0.25200065379819003,0.9637052555809018,-0.6514435932737339,-0.33419729838374024,-0.93632995010275,-0.6972140347101432
935651.0,0.5464491342146258,0.30908838693881346,0.45850924988715613,-0.4256750366459583,-0.9707555023737462,0.36155045233920524,0.5892141566693694
935652.0,0.5734597129570114,-0.11992924401056748,0.9306633362532979,-0.3799434022256576,-0.7813298074669635,-0.5387572638488232,-0.6867496618521329
935653.0,-0.10352516639924425,0.9755966942518688,0.5440847796096007,0.17979163761602712,-0.8810346634526673,-0.6473002639071317,-0.5021742077086728
935654.0,-0.1935027442411379,-0.8603441004510362,-0.39747425791156976,0.7809572952817245,0.6760675071307836,0.6290955576346782,-0.22826548358402876
935655.0,-0.4425259709955398,-0.6264593971917134,0.6862918453304714,-0.36624292452826634,-0.9597852600761139,0.9903037583975243,-0.2721592629993268
935656.0,-0.9445267667444426,-0.7891587024371256,0.668059894874091,0.5087610033213275,-0.43785099757393064,0.6591609924610651,-0.40864895801984313
935657.0,0.013609182133927256,0.6354443220607624,0.43492044406651753,0.16755055905533145,0.9503639737927936,-0.3527030397346791,-0.19365268020278537
935658.0,0.9413208321632727,-0.48612852468642487,0.3545420128268064,-0.21062046903606557,-0.7497245852447292,-0.4448725950609105,0.64741700583913
935659.0,0.68486336626872,-0.6236742835685052,-0.23648957126738246,0.5278264979424083,-0.520653177824028,-0.3897898602452432,-0.5174780072416689
935660.0,0.754550051625555,0.4355182321077351,-0.03578457989282113,-0.7567827686739668,-0.40481754139392745,0.21109442023424196,-0.11695681281609649
935661.0,-0.47078488200354807,-0.019201188798972035,-0.47183785745873585,0.36625491991062464,-0.4929136484427301,0.5038105762473062,-0.5004665974536393
935662.0,0.7521164768650075,0.811353322970018,-0.3799821315916876,-0.08601373378362598,0.9923459291660965,0.4684701823622668,-0.06787973014023296
935663.0,0.0287527584999967,-0.4627309953923542,0.6699621972174747,0.3102439790799616,0.11710023885925103,-0.6790204573341765,0.7412671781704643
935664.0,0.3015942210136393,0.45058948121210873,0.07930865784696373,0.11869201375986038,0.4372838280706741,-0.43907540287732383,0.09672101406420097
935665.0,0.8438746988285413,0.9378571559624529,-0.8573289086508533,-0.4518610608240703,-0.8242698755318469,0.6906712726270046,-0.44875092277018136
935666.0,0.05885685969737864,0.21595942932887047,0.4120624349495994,0.9080886588548225,0.3649941218436732,0.3672595254537585,0.9852512866409227
935667.0,-0.03154545421416155,0.21271663573475363,0.2991199521597656,-0.7588214719733655,-0.4908816381422707,-0.514220393598287,-0.10217852225692892
935668.0,-0.778705931948233,-0.7314212368011559,0.49961933728962915,-0.5148338478904981,-0.6523668895000285,-0.21571086648393578,0.31908703833201946
935669.0,0.6175211427422094,-0.8715708309606762,0.3766144267787632,-0.38993375831665333,-0.9949256732111993,0.279211310625767,0.7428281985100709
935670.0,0.3770353943644873,-0.8484622103321797,0.615748755199157,0.6003268147937277,-0.21495365620005424,-0.3355291177685775,-0.3524118346330931
935671.0,-0.9425568537272226,-0.05222886408317473,0.6062347530245997,-0.4925659152970778,-0.8788248493067554,0.6163551629477544,-0.3007355730450474
935672.0,0.0015163804222912969,-0.23996090516824875,-0.8452104141516801,-0.06141050970316697,-0.2593083231292357,0.19121302296265186,0.2501067208355163
935673.0,-0.012471165160302444,0.8305703491110712,0.14976496056135313,0.52395177303233,0.8278343863485504,0.8085856004592866,-0.9928947547639824
935674.0,-0.865476023085038,0.48681545182311226,-0.09000114252678015,0.2166165844212642,0.26212557779912204,0.465898374774228,0.5327422125538146
935675.0,-0.8993593399794615,-0.4316626171017095,0.8734409090587447,0.18208395173819336,0.12796219610669968,0.2590449715901335,0.9669490986108282
935676.0,-0.4372145433086083,-0.03193334524032587,-0.11468998264321129,0.3585203308506708,-0.8398640095067649,-0.04947454981189425,0.5880709793875574
935677.0,0.11136525234229588,-0.7501965721190997,-0.9143075230479885,0.1558809357159614,-0.4576053263925952,0.6505626340137141,-0.22733244744191938
935678.0,-0.5270022746969085,0.47096985027093363,0.3628529577559405,0.2970634822289344,0.6664860752570412,-0.8274880492643462,0.8315314761320989
935679.0,-0.5471103745607653,0.24346253715536426,0.6834054794907769,0.1874679396814678,0.9714494340469593,-0.6519985585113823,0.9153927311970909
935680.0,-0.4888184120043064,-0.31011884978741433,-0.10023592831859074,-0.9882328403622211,-0.9796792920336719,-0.34342148950111895,-0.5175503292690191
935681.0,0.9509833041361526,-0.11585134858483803,-0.002124548805498838,0.8513846852099269,0.5253283512015523,0.5591558955893703,0.5223875693665891
935682.0,-0.46400777342484933,0.7991291493507944,-0.11491981577261856,-0.40546392985101565,-0.2065279452425146,-0.8555019454524111,-0.5014289188247087
935683.0,0.044474821866653524,-0.2372471041200559,0.7208325416690264,-0.24750743529539787,-0.7003623484768637,-0.1245101201628187,0.24542225143209695
935684.0,0.5892337609378149,-0.7311602002354098,0.19851485999477836,0.08877848343062622,-0.9370969908371691,0.6434925736702399,-0.43035561668791966
935685.0,-0.238869961311847,-0.7649305778657551,-0.279369153511162,0.9165687403177922,-0.461996689759562,-0.21648098690935114,-0.9183939406450983
935686.0,0.9960695790768723,0.6101808471424512,-0.9418086646820591,-0.7223881181016958,-0.7287163985359111,0.21846093142260758,0.8792016289041138
935687.0,-0.9147101194459326,0.5498695756467413,-0.8882061418816196,0.8682280731327052,-0.586285466900863,0.807340480728975,-0.8151018111259336
935688.0,-0.7720454116827853,-0.504999651619132,-0.09509135613856468,-0.8731284172944351,-0.027650047208706896,0.5516888807842684,0.14773981467327557
935689.0,0.0035226645440329385,0.9009492221434303,-0.9963433190500202,0.6986859022972631,0.8148089050602065,-0.9504102422862668,-0.27613649746706725
935690.0,0.6611142797691729,-0.5780183474182934,0.04244394867552348,-0.5144250916865716,0.41173390826980216,0.23815880699679282,0.24803812302217598
935691.0,0.908973680550714,-0.7238479685347874,-0.2713676797799005,0.7137690906583785,0.4069574383208574,-0.15309603655749693,0.2305504106466505
935692.0,0.6204233760002904,-0.2446473523680337,0.5827899402340233,0.6268920932587394,0.050365500448724454,0.615475422842561,0.8943802844888313
935693.0,-0.7891439539819229,-0.9439630997847133,-0.42565692883724293,-0.9613511839435132,-0.2414805737436565,0.8582785278301139,-0.6981910107677654
935694.0,-0.7782395534255819,-0.9629655321786399,-0.62715845871508,-0.7123946583878746,0.27551332891019276,0.08532296605707423,-0.7624167892196236
935695.0,-0.8407794747856654,-0.1909408600654119,-0.14387930969624985,-0.07437256630937661,0.6698467856787731,0.27772512035120855,-0.4377398082201476
935696.0,-0.4654193808852811,-0.39067478197759775,-0.31277227441443123,-0.9164427465207656,0.050111288626716544,-0.13362838606441518,0.6528740162589657
935697.0,-0.9148607509731495,-0.4409728410316698,-0.5578677454845338,-0.6726387239434488,0.5905776624132855,0.10774955128083175,0.98065683378577
935698.0,0.8070819469768884,0.08211735380788876,-0.37903687395291863,0.727138161857277,-0.46181116269116695,-0.37833273558047575,-0.8141176449706014
935699.0,-0.042073296445630515,-0.8609829496143495,0.2374771264221709,0.2582811690436899,-0.33013000107149715,-0.444278692969978,-0.01097130359042442
935700.0,0.3630683842882443,0.20040154005837718,0.2792770129967843,0.4354235349860789,-0.9050073481877174,-0.7830485035806851,-0.7654245143799809
935701.0,0.11681462590192915,0.8382767170710024,-0.4114009104690888,0.36273110623589266,0.21701627091976827,-0.8375268196266907,-0.16710053694107052
935702.0,-0.8091939751645449,0.5650044914662595,-0.02466387033667905,-0.7024107281011378,-0.3484381373122165,-0.9290064042705839,0.07153469408223767
935703.0,-0.3083910221992252,0.5763247058356662,-0.7981765761929296,-0.21218954233136555,-0.027320928050483362,-0.8817959770688903,-0.1361544623993438
935704.0,0.4271917654242847,0.2775554741612656,0.43158536459881547,-0.9733425438172028,0.7894753399259988,-0.6509232776189031,-0.05477870278372565
935705.0,0.8563742938572747,-0.7873297348055499,-0.3437415190014894,-0.8768534485378889,0.021306432793970043,-0.1283476630724929,-0.35585068566566513
935706.0,-0.39384082025581457,-0.6177721161731147,0.20507710007044255,0.5217341972037404,-0.14752217261394507,0.22785515608749196,-0.8697054874190768
935707.0,-0.4958357844421042,0.2271601322621437,-0.6603801540265428,-0.8816950438607154,0.11181908263613538,0.16450611490196443,-0.22843055931951217
935708.0,-0.29300726993816273,-0.5228995129171679,0.16284100798536683,-0.024780994621397046,0.26256518027810327,-0.08710183475850575,-0.8275825277484803
935709.0,-0.6296298425361189,0.7890505027366703,0.7084789313894666,0.1480751720137825,0.04206882076762519,0.17804909258710722,0.8888468375837801
935710.0,-0.5299901814308683,0.8682411818625313,-0.4842138519885386,0.2611740569631813,-0.42001751275006494,-0.4747109532855587,-0.7948226730036234
935711.0,0.9570936845519646,-0.8264087230570174,-0.4122228109795183,-0.07040106870502627,-0.9458773030617378,0.6287938307418774,-0.5578358275007884
935712.0,-0.21766460238683383,0.19189979489154485,0.8118434722020282,0.6006784012159567,-0.010223042980425978,0.0070444069844473045,-0.4004615538513234
935713.0,0.5521672738170984,0.012934592229475017,0.26345837347754375,-0.3124453862857919,-0.35990378060285355,0.39585331648766586,-0.3170712294581093
935714.0,0.7925153152127475,-0.7066341253564283,-0.20989594070583228,-0.03639291589255489,-0.46344600231107025,-0.2611286523767016,0.9531175850885505
935715.0,0.2790746697381812,-0.48964195924716214,0.8334156439302791,-0.3668815358987987,-0.6127448913066909,0.9978635442707302,-0.8123745623113985
935716.0,0.8232360359646993,0.8205062087145814,0.8688250366648984,-0.3379487145249389,0.762166463037057,0.5284914876227107,0.9509733249104941
935717.0,-0.27511118419433367,-0.030463128691825325,0.6996872024529754,0.466340911502074,0.74159196052038,0.7390578379183672,-0.7148429719935305
935718.0,0.25029485907763394,0.596818753454607,0.8556559061719107,0.9025763739154542,0.38265636609967757,0.29035017987307477,0.8042010680387413
935719.0,-0.41249058584601195,0.20391103168008207,0.6816728734732613,0.3494259175125436,0.7464023701316045,-0.12439143466120228,0.17150513105698928
935720.0,-0.7513755324116529,-0.3701760088681918,0.14669487427558048,0.8358401680496588,0.07704830588253264,-0.3394437020780401,0.17473728543536393
935721.0,0.05722275641282315,-0.7606124819914073,-0.08874570590586628,0.3291377224293728,0.5343674787851493,0.39206686538482205,0.8371729773927432
935722.0,0.33258719431538997,0.6808816424190169,0.051310367359499676,0.21995416985128946,0.04428991690598072,0.5141626569058553,-0.6908948921321478
935723.0,0.8074185044292195,-0.49507421927319095,-0.0822970244264567,0.5572346329679521,-0.7414495328403994,-0.9047121705354011,0.4102570821992555
935724.0,-0.22433548721930752,-0.0893218112758336,-0.8855966921214686,0.9798209176547836,-0.08740314358104251,0.4838802687856534,-0.1345333382078533
935725.0,0.571284992334351,0.32829873982514,-0.27424807476929103,-0.4706215330010446,-0.4746210945688294,0.49537176823432993,-0.6191882774496582
935726.0,-0.6683819341044188,0.4857644068650788,0.8696982981862931,-0.7394257120617409,-0.27333122420354283,0.25716341017556044,0.9866723020823029
935727.0,0.6591689529502804,0.1043683760076406,-0.511088024874994,0.22427431159550415,0.023051996702038835,0.26392979647305315,-0.034146388779153325
935728.0,-0.6134685999358644,0.9840402202492542,-0.1309707731888794,-0.8797479772972523,-0.9250177629121277,-0.9482440750900509,0.5252374596514151
935729.0,-0.31343416595499485,-0.12551832052544376,0.6935777492539188,-0.02205704990746704,0.647502665674355,0.5123644338144906,0.15619776742586944
935730.0,-0.43805045551562993,0.40109930126320137,0.8797971870092978,-0.3686471493277841,-0.6257924062359848,0.4265586031447608,0.6315991591865464
935731.0,0.9696322180800034,0.8047344120196276,-0.24905707322700033,0.056947612615055654,-0.13697327880018761,-0.4191548250247512,0.008357683089869061
935732.0,0.9052484045986351,0.1705909739878022,0.642953624500546,0.511307910155341,0.17477636516563,0.7217288600188054,0.03130455089754425
935733.0,-0.4832673926671156,0.707455732524539,0.45959383792642616,-0.8392557823588254,-0.6248840368022126,-0.4852353793839215,0.5346807370257842
935734.0,0.6248026461302751,-0.008113902229338832,-0.3038420843939984,-0.16194611234843714,0.4399153041357018,-0.3672440633489882,0.15303338826841806
935735.0,0.8695095283831891,-0.20230535169298247,-0.6384025738554078,-0.5917453407854241,0.23568827375308454,0.7886708821418822,-0.19321577145428925
935736.0,-0.832357788313856,-0.5647040547691178,0.6137012007608473,0.37352028672843796,-0.9784895020468916,-0.26153786213674857,-0.48170206628179546
935737.0,-0.13427497725695825,-0.9415797059933577,-0.11143151123530104,0.47800556594296384,-0.6744885455866074,-0.9181747592201261,0.17566029893098256
935738.0,-0.25521791511616554,0.5922798354436998,-0.08102697629032796,-0.10255851015339434,0.8344103872023629,0.5065103476065247,0.05143514605500865
935739.0,-0.8635639083021034,0.36552746789372015,-0.261555599562066,0.3043013670475374,-0.7232059496695433,0.5605491334217967,-0.7167076837825308
935740.0,0.676040694069113,-0.6876944545677923,-0.9235441836462301,0.3737436642721266,-0.8377848641224486,0.7036182516540954,0.7303729956683258
935741.0,-0.07053194906746207,-0.8639049872584879,0.9458413749495878,-0.1088178497768999,0.8016756125008633,0.3887695960164901,-0.16337167074509162
935742.0,0.6656711762577034,-0.7034229670488652,-0.6781112429874556,0.3016485965932021,0.3725057006702266,-0.49624353838093116,0.9650141725316852
935743.0,0.3112229834616582,0.9059011381017474,-0.368251192636708,-0.6997760675531881,-0.7508952197283361,0.1709121837606682,-0.787267311617216
935744.0,-0.3700133815683173,-0.2361768216679374,-0.7486626420135094,0.2904919370587966,0.7458677988257614,-0.7730246042074729,0.8970926572971625
935745.0,-0.29397748283394987,0.897863776363343,0.03337759782162286,0.47626167698294264,0.09149419673037884,0.011690387033848726,0.08038978679718833
935746.0,0.10223810963525093,-0.5579849988964307,-0.27434657641005056,0.8054319151564986,-0.8498239398219443,-0.39378136422725185,0.24033469727580914
935747.0,0.246130849584147,0.8028267948987586,-0.19942135670102235,0.7852166792637798,0.921998079208755,0.6917219293194492,0.8592618696607881
935748.0,-0.22889028449155768,-0.2424762880165645,0.033371456305561376,0.9016694881833802,-0.5826272012373008,-0.23533353558887815,0.3751369723998488
935749.0,0.23254118909062282,-0.02330315027256291,-0.9040659095411454,-0.32762828364783547,0.08166690149649547,0.5668663933075138,0.7278870609099612
935750.0,-0.6256628221986142,0.26615261422905045,0.15846427483469383,0.4505745821807543,-0.42747057919644504,-0.8227493263680892,-0.07272128377543763
935751.0,-0.010207543185948964,-0.6048936190658782,0.4886839203322322,-0.7509538185571805,0.8973798311016197,-0.32629163847540354,0.934221745982661
935752.0,-0.7655968185376436,-0.018535586932320935,0.10171480267241662,-0.1473086843137934,0.6303768711274629,0.0746232419539683,-0.6200787826731233
935753.0,0.517434160105408,0.5977250699046479,-0.3123060244215774,0.8520437949280615,-0.3987075783705645,0.8929530789326072,-0.22562232340762733
935754.0,0.15890294297881558,0.9838815527236024,-0.6077254472073861,0.6132711788040792,-0.33688874436585836,0.29655972583550994,0.9621564509606138
935755.0,0.6050544505518352,-0.780867790813621,0.43303654782721157,-0.6622846876973973,-0.8933953300948689,-0.05387841193459497,0.009043008383167184
935756.0,0.11326886127317137,-0.2813800299123883,0.5301870154770862,0.0630774423486462,0.8371970072192101,-0.41929607532870494,0.7608929342579214
935757.0,-0.30963156656184454,-0.7343206161597835,-0.7875771965171834,0.7444753367485002,-0.2263613638820141,0.6787385257522232,0.8121223454877184
935758.0,-0.5823462545076827,-0.14910316777008692,-0.7241939582104597,0.5068871390118543,0.80823078286102,-0.7741423114706487,0.37865170574474893
935759.0,-0.1090543837936826,0.5003011237077066,-0.4238122857738893,0.5258791244595469,0.8847551205512183,0.9784796606415258,-0.17811704982585086
935760.0,-0.33113936905021646,0.6542817356054895,-0.09592080966903604,-0.9012527637439169,0.08840700792391964,0.11596956820129867,-0.020455822295639692
935761.0,-0.7408218496355481,0.48122252759496464,0.004775097982533838,-0.8439162274197272,-0.06382104488722029,0.8701715468826543,0.7477593595867666
935762.0,0.04846340559343765,-0.6476425795315082,-0.9689032751258866,0.9290075023033504,-0.826145834191363,-0.0956677056815518,0.17959253551796062
935763.0,0.5368104047092788,0.7095369563708671,-0.7145647972281624,0.47043372135687656,0.34973371878672,0.6390435871241982,-0.18075552395465388
935764.0,0.5453387375250816,0.07614333033238396,0.5119922546083584,-0.0348665508806385,-0.41967480699322124,0.9001251298706483,0.14877087270644807
935765.0,-0.15597831959597808,-0.9565700021056023,-0.6688594127874499,-0.9453771635091834,-0.2171696124167326,-0.4175373120173811,0.009498780942276408
935766.0,0.9043923450963895,0.4868429861877168,0.39133508320451393,-0.6545255687460392,-0.8483717804849786,-0.42090270990624123,0.6979016066303809
935767.0,0.25295194410295174,0.22825324783532785,-0.1612153124318949,-0.37908490911594117,0.8304039736505757,0.37779250434242506,-0.697570287994919
935768.0,-0.8237643807959478,0.18340586283088678,-0.059041516791424886,-0.8498189206986777,0.6772141862984637,0.7322863058138549,0.9667557947045711
935769.0,-0.01685069825095975,0.35591406387096525,-0.8571772691868487,0.3298759041229302,-0.8457805852175255,-0.9467476155393881,0.9596595892321866
935770.0,-0.5934222367528359,-0.01628569812125069,-0.7056970900469357,0.377927615911098,0.4769515650543179,0.40087288383793274,0.5703690238865071
935771.0,-0.589011592219391,0.6455152196252951,0.25332603573751467,-0.5396395823705127,-0.8746052059435667,0.12311853030634357,-0.5324421124511842
935772.0,0.47810452592487196,-0.16380692493699422,-0.6508214460144977,-0.0045917275414930625,0.7569553860843601,-0.9469278453663512,-0.022772258171112503
935773.0,-0.6486396754334323,0.8371707132904505,-0.8277017649604439,-0.6214132649181374,-0.9908814843152163,-0.6050399444144801,0.6489865748731363
935774.0,0.7651275049563526,0.6466006922525545,-0.016822137575980278,0.38882942455307723,-0.8585846008002098,-0.4195666434650789,-0.3535972629379911
935775.0,-0.8532971729250847,0.6106098529488149,-0.5582797674990809,0.0737402302683543,0.22064321779130602,-0.24071946581775583,-0.307600550676856
935776.0,-0.42667215589923835,0.4086379176889261,0.9978385259783147,-0.24038125211301442,0.048588869022028636,-0.17956919948468109,-0.469510081346465
935777.0,-0.2543084967072464,0.298933644078913,-0.0031319475182030043,0.9585727870365193,-0.9217856020063027,-0.1465260522921663,-0.2708092791581693
935778.0,-0.7166538754730811,-0.7222472612736235,-0.3408455146864158,0.5559319487220489,-0.9652542641100317,-0.8692913760284315,0.1609915930548267
935779.0,0.4023299031875376,0.32843436283081906,-0.8733330086819895,-0.6169108249197157,0.968810649648183,-0.8873534584576397,-0.11380054772478942
935780.0,-0.1529869669573145,0.14746729875415454,0.9985624323000659,-0.8914084734833296,0.9589592490418613,-0.5703130940689014,-0.6122532924306712
935781.0,0.3906963821350531,0.44848331435216915,-0.3248850794939404,0.5811131928647284,-0.40818393028151667,0.8393436411073625,0.1250450826636169
935782.0,0.6425883724212191,-0.5951626339676668,-0.6774732550670921,-0.061413909299647296,0.7020036360237909,-0.20649032908645792,0.7657661397810156
935783.0,0.5697365658440063,0.2013777295873671,0.6262280878781856,0.4757809849773178,-0.6330616646054563,0.885333970873414,0.9225693719304802
935784.0,-0.7315534987478771,-0.007117234695784402,-0.4392716871545621,-0.48315239517555386,0.7626569908098577,-0.1730478538250131,-0.7839298342699286
935785.0,0.9051246941439681,0.38537971752688605,-0.5374525333796809,-0.11152050658772272,0.4678986674423218,-0.7362052188934718,0.9699967734103665
935786.0,0.3522488163363984,0.14960773263251825,-0.9086078221027081,-0.8080400333885105,0.06051743634346396,-0.0009483586010532452,-0.06367239755560328
935787.0,-0.5582924233618503,-0.41790203881293175,-0.6649570496307284,0.325936806433232,-0.08721774146009431,-0.1778817849287999,-0.5149266693911527
935788.0,-0.11807450831538469,0.8029318744546783,-0.8345717931359891,-0.5627696886603171,-0.25706803916692933,-0.5454958682255087,0.30815755928669586
935789.0,-0.8183084598131085,-0.6281597130319618,-0.19837008169670445,0.714216245740936,0.009768461614771518,0.7029351149151675,-0.5971070262413658
935790.0,0.8520584830002644,-0.8324524754855658,-0.3033348899710311,0.5886122770644306,-0.46596742578190153,-0.5560544876530895,0.36458506439630733
935791.0,0.962944640191556,0.8874538103353125,-0.633844904041583,-0.5546398000503394,-0.49780324443686585,0.2802704597654748,-0.6864877491793142
935792.0,-0.8428224986109871,0.10138956437864666,0.06619282086188227,0.5539137466501816,-0.14870845289530465,-0.9495508487783142,-0.45965791938662703
935793.0,-0.33820098488953043,-0.6323830201058349,-0.16996213723536746,0.017864317029966825,0.6589315136224358,0.4431686651123006,0.0041086451174272565
935794.0,-0.7883049941354474,0.4809331004590982,-0.37620550662974606,0.7436227462573659,0.4487427639530579,-0.33070507819555517,-0.7598920740234696
935795.0,-0.0836510549892977,0.8655846743797848,0.2615676546582404,-0.026173018044623575,0.8051886896854781,0.5849078533136955,0.3859838177013313
935796.0,-0.08611630803555781,0.9655389467420314,-0.8924279530508459,-0.8907256289173573,-0.060929262149428176,-0.8378095333904554,0.04439465204433857
935797.0,0.01732168094546238,-0.07379548255304158,0.6930410445923509,0.6357469813575809,-0.11332207580722597,0.5392563590744774,-0.7131926041160306
935798.0,0.032247502074212786,-0.7748532198136342,0.8617421526669469,-0.6809294328639497,-0.741149243647867,-0.32634041096753164,-0.9563473378045078
935799.0,-0.14831254787766635,0.865664237013299,0.724528364784863,-0.6831126502860478,-0.9014527063094344,-0.19000406035255946,0.6474871676284604
935800.0,-0.08086061042851656,-0.7383070257848632,-0.037044720455055025,-0.6918369185299025,0.3517706288884139,-0.9170591207761518,-0.48320740102885207
935801.0,-0.5201728916881345,-0.6062096302448847,0.8596318533226914,-0.7048001899593188,-0.6254607197398472,0.6438387344403791,0.45986734793526574
935802.0,-0.5583267993074483,0.17536563652761883,-0.6386695164208092,-0.6079163837074806,0.0019323838391696047,0.5870981106638344,-0.3439383802848357
935803.0,0.2128117868766568,-0.08898408586094986,0.3436587066924497,0.1488718905803983,-0.3040800718255241,-0.2310997759235902,0.8231901385608424
935804.0,-0.9272686197153506,0.6733665063723098,-0.34895685695262046,-0.9555839535411255,0.41836063686862923,0.3516066285200705,0.2295522640861163
935805.0,0.5436588446257888,-0.9177591451394824,-0.2839147357414884,-0.10049563334764033,-0.8661071179458859,0.9025676265185147,-0.7982092974043185
935806.0,0.2962841820694444,0.47274172793995506,-0.9335925287653042,-0.710150257543078,-0.7361258710986607,-0.999570573653666,-0.08999587813427357
935807.0,0.003981580976710308,0.7662936695763138,0.6680818030228566,0.8235598738862668,0.18072091463573847,0.05087924020219625,-0.1353535114310127
935808.0,0.6400267906008053,0.24340174562424388,0.16396205079010295,-0.512865628488562,0.5196278106079906,-0.23858809668687142,-0.13851107694574538
935809.0,-0.774361219954939,0.18757082967036176,0.7875290922484972,0.24415636435741872,0.6673919139773288,-0.3212338131792509,0.3427696558463209
935810.0,0.43345204111427327,0.30107409839919064,-0.7858590391738589,-0.8548541723000147,-0.755075530663351,0.5108365863411335,-0.9060317638258937
935811.0,-0.17292647534352001,0.18634020268249718,-0.4058843570934436,0.12332239449131643,-0.724621339576055,-0.155005923634854,0.5418569239156144
935812.0,-0.6951289186336429,-0.8681670848774619,0.28405271595591475,-0.2773363460902052,0.368519418647397,-0.6249539296573563,0.7981991885151463
935813.0,-0.11531160436280596,0.8463992463075019,-0.048110667743964886,0.22279750233702478,-0.6723031128519075,-0.29759011003989655,-0.4006288843805361
935814.0,0.8232954578771838,-0.4018239962708996,0.16743359179817574,-0.19814779548796135,-0.289893825420779,0.09044585961257079,-0.1932663754058328
935815.0,0.899050906609824,0.5769260109903829,0.16210308874067847,-0.6093746549980434,-0.44837046151605686,0.014330826474297842,-0.026478116969895993
935816.0,0.39783781753176806,-0.6509440672544822,-0.888181141172234,-0.17540033259654608,-0.3514926900137936,-0.8399659800812866,0.6375021322219532
935817.0,0.17984960891673563,0.015304404227969748,-0.01590899025445003,-0.12857699282820279,-0.6757438406478136,-0.7138172345736655,-0.5823330346704203
935818.0,0.5654315363362565,0.03406193758569653,0.08422880700207225,-0.5290672829307619,0.10431016159063478,-0.0973309815299046,-0.602075822566094
935819.0,0.309447763466115,0.7775912167505976,0.48810427973512427,-0.5792077293403235,-0.10348627673958721,-0.2069348828853288,0.5381244773577762
935820.0,-0.010027220698804351,-0.28487043330357764,0.14935990856520154,-0.8290332567714347,-0.6786067225287882,-0.24764036826760139,-0.3714737610742538
935821.0,-0.33820421678510004,-0.8459467489919144,0.16294670683756496,0.4586555325366033,-0.9694063618529354,-0.5571697179769319,-0.9808838735462786
935822.0,-0.18561644345830608,-0.9066537471643408,-0.8269090473083773,0.4180231664636973,-0.46642817674356074,-0.9373881169275153,0.12635758321578172
935823.0,-0.7168855449174549,0.9817968030869602,0.1422536671790624,-0.23009802827320525,-0.021912175355963903,0.30800760631406177,0.9746428102072315
935824.0,-0.19468284050680262,0.8589056574162806,-0.3189387672568633,-0.3327175792113899,-0.7513310141598772,-0.6841465440038255,0.14804098715465708
935825.0,-0.495008455357564,-0.5385456962323107,0.5616506135554229,0.24879700078167843,0.036674627926115866,0.5826481897512565,-0.21572185266132893
935826.0,0.12202540286850305,0.69621568349104,-0.8243211022195653,0.4072029578688834,-0.7086009489800416,0.42914828057152543,0.31234798776358197
935827.0,-0.12463268205945233,-0.8906910000895474,-0.6411363448432512,0.43627316257689985,0.14294003313321446,0.5555674987464874,0.7279953759460562
935828.0,-0.1306471690128037,0.20139728070149698,-0.025527005725005436,0.39464699283695315,-0.4129840436312897,-0.4069218222705877,0.6755810681372731
935829.0,-0.6189006611278154,0.04936183907531033,-0.5277697449575274,0.12914153928132577,-0.6329021599401525,-0.27582745359218275,-0.0039607382046760176
935830.0,-0.5934494476637446,-0.7378310221534339,0.15925461998994583,0.5920154019532649,-0.1296199334617929,-0.5305042479664808,0.8123787666519067
935831.0,-0.9657629089823887,-0.8375705269554081,-0.6349069216959169,0.5738667150382377,0.5631110294249047,0.06798849438568744,-0.30316507441931484
935832.0,0.9631143972976206,0.4600287960912781,0.8276907787035355,-0.8595300444133134,0.6509984435774228,0.47181492020344495,-0.13273560431123244
935833.0,0.010445412656020503,0.5841605393530218,0.824425889319145,0.4460112423302429,0.16734975677821784,-0.5901720356583,0.84716251240571
935834.0,0.0878132782316865,-0.9147602323522546,-0.8383800347214019,-0.9192001320535625,-0.5546702656266076,0.7528673697345651,0.6401200418094444
935835.0,-0.7870262440334113,0.4150985589998202,0.6444223540362628,-0.8393366182985431,0.4196904307470246,-0.33463161855073387,0.15251804063083774
935836.0,0.6968018949469086,-0.3882659911020858,-0.44742868727929563,0.07302951940971902,-0.18503067892216096,-0.08420711035945483,-0.47960890749999585
935837.0,-0.8469984003259254,0.6122069983924545,-0.8597490006714317,0.09041367655231558,-0.8161814549014856,0.955650328104878,-0.5830111474753621
935838.0,0.4379934367682583,-0.5967580726557216,-0.30763263908780525,-0.8050130846983528,0.21494306495093873,0.5705180767901712,0.35653431862530627
935839.0,-0.352585835787558,0.4895091589328624,0.3673185741182312,-0.7673389657885152,-0.2491641039589405,0.005139031722953158,-0.9491107546629078
935840.0,0.49128456906752516,-0.07370142925479484,-0.4096300469383696,0.8871094112160904,0.39666154043528645,-0.5842961142668324,-0.5525662990513598
935841.0,-0.07210690166114975,-0.6150277175540235,0.5879228563104419,-0.3975417426961716,-0.7899262244807324,0.29704481093410195,0.19785338246657003
935842.0,0.8811292912323079,-0.3356912113765558,-0.177097882529756,0.9442432002094667,-0.7456593655477735,0.07773742677264295,0.30583048771348986
935843.0,0.9171644552903968,-0.6404620589179255,-0.49309139141748437,0.7108864926950251,-0.9642336232525031,0.08865098366323787,0.7727090121687825
935844.0,0.5613925777318163,-0.4127897912199989,0.3427316296838081,-0.5666480060756205,0.7851183568616753,0.47236532060028136,-0.19065927689297757
935845.0,0.4205173285879278,0.37288964387767654,0.615958765867965,0.46986041302730186,0.47391620129316725,0.9597559991051732,0.6188288387938861
935846.0,-0.24108787998041326,0.8240533822914666,0.3444788573120534,0.9523883563411975,0.26829883499570095,0.49768916354685744,0.6821529441049665
935847.0,0.039081160325937336,-0.45430378544649797,0.4372135606163525,0.4013051051985925,0.8183865056051682,0.3450455458672801,0.6783550246837957
935848.0,0.24772952435945017,-0.7443763865926833,-0.8678293767431176,-0.4501908235622949,-0.20498199938434913,-0.844972568055441,0.6447477554671555
935849.0,-0.1913727792610196,-0.4945588919757966,0.4898712923140853,0.5588879055473763,-0.32644765404339293,0.09663402270278443,-0.47162958579318937
935850.0,0.6024157936066117,-0.9344532647890236,-0.5506252970342931,-0.356908369397716,0.5787771338609822,0.6868438088462161,0.8294399014157485
935851.0,0.490075897309423,-0.5869687695513965,0.8661252480373338,-0.6092839239129646,-0.5285923142357276,0.472798694178705,-0.6812592600763561
935852.0,0.04613727171050508,0.6229788274861563,0.9313745940199996,-0.6898733359191787,0.5729653702812794,-0.25639197947263814,-0.2190261221714025
935853.0,-0.3506158918652649,-0.9430521710616622,-0.7101475085992361,-0.9300495194664975,-0.649275528498138,0.9162669118220153,0.889757013829765
935854.0,0.6774101415454412,-0.595088738118692,0.37186334347174177,-0.26763612255700653,0.49357827226612905,0.15277798212019533,0.08868009896125306
935855.0,0.2140019561802815,0.17882241114390385,-0.4857096483877186,0.8747974787968671,-0.11073246536521775,-0.745122307594261,-0.4892346823037086
935856.0,0.2152760959979947,-0.8068093727734746,-0.5236848858733345,-0.35565258763262997,-0.1461087034462909,-0.41966627059552764,0.10692998705383605
935857.0,0.2087625817887271,0.3205618204203855,-0.5041052124880125,0.6604206320215642,-0.642911292474798,-0.08488004949308547,0.2547963140244365
935858.0,-0.9566932788776268,0.900062953794575,-0.441302456699288,-0.39824688638598693,0.4713529348114367,-0.1266687792048089,-0.4479419486319818
935859.0,-0.9495705078821286,-0.5613026143929707,-0.9716720029645034,-0.6232378795584852,0.25549475248448705,0.9946441372550867,-0.5869734601701042
935860.0,-0.9166878476096292,-0.36638660944687795,-0.9588802876261047,0.5024341644315775,-0.613641380879679,0.3378359461218461,0.27593862944379755
935861.0,0.6768144338488995,-0.5354084188168391,-0.9172975401133199,0.32354109180548307,0.07120087144247211,0.7362405699425818,-0.3983317516675846
935862.0,0.582242747554752,-0.7772017050867928,0.31412131007934274,-0.4592466113512568,0.1034574614792132,-0.32930380292176054,0.9514645178761749
935863.0,-0.8182839867092724,0.3898296949438991,-0.25135451440556733,-0.9028860075305969,0.6360057118204874,0.8680969739689408,-0.1092363721902383
935864.0,-0.3792913077681712,-0.0932883100207269,-0.2358188108023278,-0.9168636045115606,-0.4994122172836313,0.7957701010222167,0.9932316138900443
935865.0,-0.4218619082931514,0.227355399226441,-0.707541934989582,-0.9745813412235342,-0.22295456587891338,-0.9811841439445654,0.9950019804906967
935866.0,-0.47433504967641826,0.7803517890877467,0.6051725689682441,0.38765281015094244,-0.35163837059172254,-0.39622312570170637,-0.683848924421643
935867.0,-0.24957472646234846,0.6979412791772692,0.654575468114853,0.6045455691228547,-0.011955819569375858,0.4107347533799244,-0.024060597026440256
935868.0,-0.34441424096334106,-0.06016290901775978,-0.7764920107135771,-0.22590064699625434,0.015666164418482564,0.9292534081793324,0.5882698283114405
935869.0,-0.993247579252799,-0.8607112070494205,-0.2303904144709894,-0.7462206226539423,0.23756757797217642,0.25311985234223333,-0.605540114478329
935870.0,-0.033782859345729443,-0.9865817977783764,0.6098510625362239,0.32100962533709776,0.8421289626132888,-0.20725072231839547,-0.3048082988160308
935871.0,-0.07729413242051053,0.742929403919977,0.038515992889081696,-0.13288702339509006,0.18791168639446276,0.22732318903301674,0.9579401776755601
935872.0,-0.4789065356757378,0.9704381130858495,-0.3681475698133785,-0.9526639244129049,-0.06894329513412911,0.09110101248467117,0.1314056704105726
935873.0,-0.44736854058865205,0.5128283216967173,-0.8023324208786597,-0.14196815367365323,0.22868377388457484,0.08551023083294873,-0.6312313050068941
935874.0,-0.3377305518687719,-0.9216697071949846,-0.981556683035747,0.12868203889149066,0.5281261557998884,0.43424921071137423,0.5880617364897216
935875.0,-0.6813604275056211,0.17411369626922668,-0.9645313537498452,0.10318497046647024,0.4156764640386956,-0.7758830523705467,-0.5009124232714468
935876.0,-0.35342334446918966,0.30277920816681436,-0.37017868153873934,0.29398001445854716,0.863871321071122,0.3052271764876102,0.3144231037268228
935877.0,0.7410732402936735,-0.3983607978101029,-0.5582560216332857,-0.7678472134894434,0.1331973364247836,0.9534897449946671,-0.7038584194454174
935878.0,-0.8575431598191581,0.7936865342708206,0.7198706637461703,-0.577833268902133,-0.23202733594397507,-0.7592699144010209,0.3650721747918477
935879.0,0.5498685989771614,0.8190421420622522,0.5958591041024592,0.016745351632892147,0.815603091576619,0.6280552257670853,-0.33759455779249437
935880.0,-0.1856249642058181,0.47518635227799755,-0.2678783222067702,0.036086401264274315,-0.8380678255451011,0.08731001471998079,-0.5174205555971254
935881.0,-0.8936105332433499,0.9079209882342936,0.45103520182738266,-0.9279575309946526,-0.49957078613423955,0.34564535205159763,0.6691530306455244
935882.0,-0.9778894535225611,0.8537466898031296,0.22970327133638913,-0.7115671999668183,0.18057453810864477,-0.3896506828759898,-0.16107484508735093
935883.0,0.39398737997053135,0.4238191155514919,0.9137121460560496,0.684893169740094,0.9676927379094173,0.10057049958555697,0.7448789451055835
935884.0,0.5628982698333358,0.9202847902999063,-0.7724621514679115,0.6503626108424014,0.8136978559187267,-0.23739938526980087,-0.23818023157700385
935885.0,-0.2062797775205618,-0.17386107124545802,-0.04086736113947964,-0.5938964314962161,0.544843371931208,0.048528312745038216,0.1457190588344266
935886.0,-0.747422774846997,-0.9426048789790322,0.2736099842060895,0.3883181441215484,-0.9289518844970401,-0.8861202409891054,0.5103287714520595
935887.0,-0.04958820377409312,-0.6100117440320509,0.7899309787395492,0.10614532827366085,0.4447215165529308,-0.6676981633733607,-0.26703148986867964
935888.0,0.257168304480345,0.047353378483117936,-0.9173013765002862,-0.17301202307409902,0.66259064111086,-0.7665921784762368,0.22572301729580357
935889.0,-0.8772419496633859,-0.34368367438205394,-0.5663423786136059,0.045548335958051966,-0.0019613918487872972,-0.23892842909549383,-0.46366100398867105
935890.0,0.5688357750330535,0.02534141284689162,0.9067273864461696,-0.4106890493534816,-0.5395484056182813,-0.035439604532247815,0.344556363425087
935891.0,0.22487590591886764,-0.9877060760784744,0.7574837285414528,-0.9151818672210643,0.21389245667717005,0.759802525258297,0.03497861279705239
935892.0,-0.5464348122277685,0.6347651304350217,0.8268952367803155,0.5445101569778459,0.5446700911383902,0.8352305986722148,0.28492047056731673
935893.0,-0.8805020875684153,0.3180331001023211,0.8441077847505651,0.7185548642901209,0.4028591103955086,0.8663366318942121,-0.49069085583707883
935894.0,0.30711351265244224,-0.13513289681260976,-0.5438451784562748,-0.0740314125581405,0.592232388210773,0.8174946427620131,0.5980149407760496
935895.0,0.7346336850239479,0.7037006396376115,0.8710947785561687,-0.507421800188002,-0.5262485821714549,0.505094689790019,-0.06316440968961068
935896.0,0.05307533877938542,0.478803273767723,-0.820246435864989,-0.8759021484925513,-0.5857067315622768,-0.5957653070880065,0.9317986474250182
935897.0,-0.6146764149600683,0.6522673948386077,0.08503000611294365,0.44901331698659064,0.16933895249674946,0.005638174774340143,-0.03760762276403273
935898.0,0.8527134738646971,0.7631578594744883,-0.6865112432173406,0.24695366135142316,0.7409082795940676,-0.9754532425689397,-0.5509469380146799
935899.0,-0.9782450807382324,-0.6198047703669451,0.5954953089625077,0.8407752931576178,0.4269874594934566,0.6836368937800703,0.35063119712964363
935900.0,0.17953465736240548,-0.16383598610007133,0.2890041717076537,-0.2939990584388541,-0.14184915590767022,0.9750643410677133,0.6785957613973217
935901.0,-0.08728980023271826,0.3905236627950852,-0.7439526562541496,-0.1757727755891354,-0.031407747653098284,-0.46794990003324943,-0.5072770668842632
935902.0,-0.9608191768412973,-0.7045212113531323,-0.982204960625068,0.5400109802139959,0.10918231506492981,0.7102796859839533,-0.904336196767844
935903.0,-0.24109992247611012,0.6591153570592658,-0.9250171166919594,-0.4565845984255701,-0.8240424032111602,0.9550164083953641,0.7691472278865203
935904.0,-0.10889167824308799,-0.007302148310647016,-0.2696530613852124,-0.9092030584781241,0.40867552963247933,-0.04712266738708948,0.9159741121354181
935905.0,0.29687121448322973,0.9676614690597156,0.4021453746592689,0.05405768491604279,0.5052669277427861,-0.49816718173006347,-0.8771129042605403
935906.0,-0.70220250661405,0.7020691945414994,0.17867528330771387,0.4362396363449581,0.9340752602524627,-0.3650603330971782,-0.43945030250087136
935907.0,0.7528455473852265,0.6786554796830959,-0.2211402399586464,-0.8169476863760627,0.28448701916781727,-0.30562501130702646,0.6871482137064295
935908.0,-0.25236715551925326,0.7504028089944146,0.32668949061901253,-0.5901185648904297,-0.031762260055214764,0.3446146892943598,-0.6827004944068271
935909.0,0.9484941063133192,-0.5851743809313088,0.7649496381607315,-0.2639379125023176,-0.938429735917103,-0.1024468734131283,0.5660232732814683
935910.0,0.7971471361574065,-0.7860683540881916,-0.33004277129635384,0.42292625361676217,-0.9139732634523705,-0.13589794347914186,0.6557609384932086
935911.0,0.8362880633821124,-0.12067396649624151,-0.46950120471394374,-0.7546750409409342,0.8524407923904727,0.06390989977463923,-0.5189512462638721
935912.0,0.14481910260949604,0.07327749883034085,-0.45753490438287314,-0.3856923018762959,-0.8779170964528287,0.5327671857396898,0.5721957026483393
935913.0,-0.9902163360741296,-0.5569484590773406,0.14900307415669145,-0.9770965409672363,0.9835160189257366,0.7337545291950791,-0.20184416551986906
935914.0,-0.12544369749462603,-0.6786622400088764,0.3161191770217371,0.7090183806078156,-0.5792222931968336,-0.2643799252734873,0.7210207732823044
935915.0,0.4961826664464939,0.6252952218769356,0.22961246415545689,-0.5908494895562082,-0.5747096565715948,0.08881487285124767,0.5930813043677967
935916.0,0.4020172819674652,0.6209429056665492,-0.41370886109106775,-0.7911145429894926,-0.5599771851900364,-0.7134839017649914,0.8114595069253614
935917.0,0.6867425062924695,-0.14242125666059358,-0.1317171577472227,0.6836890640954922,0.25814399668681465,0.3587130513455936,-0.9414756736078451
935918.0,-0.4357460574305716,-0.21623224140684938,0.19460683466071438,0.05349567467058414,0.15372549965206894,0.9597510971948848,-0.08687454609609135
935919.0,-0.0909756109051123,0.36632615872469576,-0.6364947542476083,-0.663029153750484,-0.2898377215184975,0.9928814856096759,0.5291658060569144
935920.0,-0.6493334083564881,-0.6008036783345738,-0.3361511797069907,-0.6161248268248412,0.6217548277852418,0.8002017884076131,0.9765165055722829
935921.0,0.0008352500414752217,0.6826927637279918,0.3000488409204711,0.4134404814115742,-0.2638978376310195,0.5156240615607901,0.8066857123556539
935922.0,0.6282820630184502,-0.34173048392480276,-0.47311405668785467,0.03738837502944459,-0.8575828041565365,0.26638029741383207,-0.19304795705564737
935923.0,0.2698431514895727,0.23989296392376547,-0.593523343923017,0.899163080854086,-0.8172337752178309,0.1041522837065052,0.7699728205741403
935924.0,0.7693687587522497,-0.01924135604241073,0.4935825613616194,-0.17867190212372286,0.6789144134218024,0.3708346965306415,-0.1559725435954491
935925.0,-0.5524903241818298,-0.28200617208528644,-0.37666946813634605,0.049378178175362164,-0.5981365969778307,-0.8773972046688483,-0.9442159426784009
935926.0,-0.8033310289855968,-0.18134790971450676,-0.26826593368109375,-0.9744896036371529,0.7362993956560862,0.8726665039655468,-0.09109182558006479
935927.0,0.3443931794782318,-0.7126754446772552,-0.15500900742017198,0.5830139355414636,-0.3772976102822536,0.03282680038176955,0.6022419580098848
935928.0,-0.7305834708345622,-0.19437341362953076,0.060387833086023246,-0.7293425733007979,0.2194886271877292,-0.6545798510806788,-0.40783383887735103
935929.0,0.7317946007349148,-0.5749281393913659,0.2892350446434029,0.5218619587164834,0.04149994860524142,-0.8531079643485537,-0.1049786365553167
935930.0,-0.6907559012500855,0.39983943465629546,0.39352493542406264,0.15104548790437544,-0.12515549964648476,-0.9298474662420713,-0.8553298981848767
935931.0,-0.4175852658082577,-0.9423749241415129,0.901912384063134,0.5775160701470783,0.8741171237217051,0.7719092507279985,0.7577933605294782
935932.0,-0.10452038342208425,0.6548510618307304,0.4526100860996276,-0.8244747461690145,-0.2268976001924463,-0.33302269967059406,-0.4443665515804247
935933.0,-0.829625785534112,-0.18609041526240944,0.9181447665341451,0.1178838542485583,-0.1913942451011339,-0.6539460420986121,0.7369444553733133
935934.0,-0.7269366779330169,0.9938717681455704,-0.9005373827774468,-0.9028961783542382,0.23721430332595728,-0.2713386245463387,0.6354423204769375
935935.0,0.12245171018411116,0.6034098776544694,-0.012495208445519213,0.20738218108723983,-0.6446692969974823,-0.22972793114332757,-0.6177964146713528
935936.0,-0.20494158399278772,-0.19099400639664998,0.3531891927141424,-0.9699351106448844,0.6327588966347437,-0.23680729219818653,0.5215230037935739
935937.0,-0.5858626137061262,0.05034887540199895,-0.999054710044484,-0.31142968913919566,-0.6668339804224859,0.6365236363381703,0.13714943002712165
935938.0,-0.3062148701270402,0.09872416793448924,0.3313340603882662,-0.8923720986162662,-0.15651130338146269,0.6453083511077307,0.8682424599108691
935939.0,0.7450225758396558,0.09653176266695129,0.729940088240562,-0.004564870431738255,-0.6588275847900009,-0.2249712498054619,0.7035652560749877
935940.0,0.7770288907254848,0.6612364165404245,-0.24901554809796633,0.07844500416430478,-0.6307045518402528,0.04568602008494249,-0.1458289566869435
935941.0,0.6560862606890796,0.6711787757590479,0.37776661308418347,-0.5864806987361988,0.008346857682271613,-0.21736660927666818,-0.5292297828743326
935942.0,-0.36516267120602697,0.18014928780032546,-0.37249371471589754,-0.38680059625663876,-0.6808956937690187,0.398288422927203,0.9078401221498686
935943.0,0.1609430301041226,0.6542224811783599,0.3391840957389647,0.6706845918721553,-0.20541669883397118,-0.6012733036587425,-0.5504937047423404
935944.0,0.3080328570977493,-0.4361762162040119,0.5739741564333398,0.985533713871368,-0.5652732114918961,-0.25460539177485475,0.4436462882294896
935945.0,-0.44574850840631,0.33619370192438125,0.9129030518095156,-0.7182938920154414,-0.610520914522918,-0.5398958724943488,-0.4054343977020476
935946.0,-0.26124245668545876,0.23406873062628653,-0.9236693994304876,-0.35235544170071087,0.884076494637956,-0.5243522132011724,-0.7487874400121097
935947.0,0.7840493747176898,-0.30682155910585185,0.9373221111658556,0.5863629864387354,-0.6551340563381733,-0.5730351786222383,0.8418427151064278
935948.0,0.6197592191696402,0.5044114026284239,-0.42438762820289644,-0.6397922083897258,-0.010582353498375552,0.7411999507529059,0.7888534444959368
935949.0,-0.7048562191569208,-0.6004558303243823,-0.6607344742416743,-0.8830445960765343,0.7066806399916279,-0.4995423503865668,-0.9845166058852892
935950.0,0.04139577547500983,0.27942530587363734,0.45139750310552706,0.6152486962161057,0.2093502279178503,-0.15117619635766788,-0.12858999894924494
935951.0,0.4251545951774278,0.9151598518417119,0.6384271825547119,0.6450764628289334,0.9682394198130582,-0.5027451191772461,0.36479192851533715
935952.0,0.6259521669906998,0.9642508362214055,0.032801118986886646,0.48091164258443664,-0.14811002710351828,0.11032521044429755,-0.4760694798164258
935953.0,0.6546221954624376,-0.7013551732139627,-0.918489293867415,0.6077899315097643,0.15151046390126477,0.38760775647054246,0.25073423104245274
935954.0,0.30204631573412377,-0.12774144185232927,0.10858884467575924,0.3696891831713771,-0.3508225067794619,-0.49651197127297575,-0.5912919190711889
935955.0,-0.7752276991636426,-0.3681215581674444,-0.9976682911959185,0.47767740923104096,0.9150911419007615,-0.6417968969935735,0.931082251714525
935956.0,0.8733741071496461,-0.5634572249753047,0.9024548276779325,-0.7654067650055263,0.7861948597988049,0.06817007899590233,-0.03949355581205216
935957.0,0.5854615123991149,0.5054999137972638,0.09111025088929914,-0.5062687914170145,-0.47852660694262994,0.8463140217363545,-0.02038697323537053
935958.0,0.05231303613157645,-0.4889778435259533,-0.7199063154111207,-0.9327831519061902,-0.7123644723513447,-0.5680087597194172,-0.39256018791802005
935959.0,-0.4184883863049804,0.3542458214970279,-0.40612217493500213,-0.358547443329549,0.5581847404257327,0.42593890278992785,-0.9168589632333717
935960.0,0.08207264003397108,-0.08037454888158413,-0.30275236074285505,0.4443254684968114,-0.3884030159929821,0.34898829287299127,0.25180607915733066
935961.0,0.24589992165811658,0.6744557407664094,-0.07057344046993763,0.6974477212012717,0.4619392693574049,0.8571697277097348,0.9578387189374153
935962.0,0.47317226366517806,-0.3620722175720088,0.45438322337096126,-0.8308357362059715,-0.8308272863114678,0.3723359474818375,0.6758445455363573
935963.0,0.7629548616348423,-0.40567201175520484,0.572821577431909,0.20419519833817867,-0.6071933611964138,-0.8707599306071443,-0.9941553271690284
935964.0,0.9401254559245431,0.1378166678907382,0.3972333756625408,0.1956938088475606,-0.8832254233855992,0.4583614946463146,-0.8117522325117263
935965.0,0.8112253853473506,-0.06097064769191496,-0.09195494006551486,0.6421639494807478,0.984886272089043,-0.8066307508179769,0.3112497569685553
935966.0,0.03517176349064388,0.6258530304795884,0.42066072415175926,-0.8281870938233269,-0.5806205908582276,-0.14713123673533057,0.2126898665782726
935967.0,-0.2774923969991192,-0.3068422795739245,-0.907181409586751,0.004999244795736546,0.7701235034389295,-0.4571424283672316,0.7468976182444895
935968.0,0.07297058521513167,-0.6779628493600833,-0.03555057873778744,-0.18924604237112308,0.3216502287973497,0.23976964310873905,0.6462915807216982
935969.0,0.7911732806551697,-0.6330420894014805,0.9123851932471319,-0.7573115521412319,-0.2987462281481974,0.08013786206698015,-0.9458294565811947
935970.0,-0.6046255794355841,0.7478071279548668,-0.7944686021888672,-0.3529194361742487,0.6166909390507613,-0.5246047088833146,-0.5978470441521735
935971.0,-0.2522868285895805,0.04424483731221396,0.428562377876601,-0.7799513105351477,-0.027610615138834005,-0.8765811909764978,-0.9111904733215761
935972.0,-0.24587866099350975,0.20876789936636309,0.1439904433688175,-0.33692467814085014,-0.9273670844751414,0.5757188540498086,-0.7595182724509979
935973.0,0.4118948667293336,-0.7963381788551154,0.8901332193988194,-0.04978922561565424,0.8724334644561762,0.09540056571483446,-0.6843879967601252
935974.0,0.40536268770591355,0.7604468325300915,-0.7942491508853513,0.6502140970725785,0.33762246108641336,-0.5288707208625083,-0.1977633617192751
935975.0,-0.4632499925931117,0.7850004166521949,-0.8968012544982149,0.9460910573792498,-0.7415778776019959,0.49718039881804654,-0.3634106255577485
935976.0,0.6845799549549239,-0.4139122465620957,-0.5510576310886011,-0.7187146787874543,0.6310559327234178,-0.17237978947566046,0.8805499775182546
935977.0,0.07370576172554943,0.03968195111845341,0.4106698028092124,-0.8898061046805654,-0.3227464284702417,-0.17535774600975707,0.32110719235170304
935978.0,0.730749156477662,-0.5438645236518229,-0.13157237903354013,-0.4071002271370361,0.1688802946109791,0.26663138511261564,-0.368907153352519
935979.0,0.34131134222418535,0.9379257441050031,-0.9120528054854464,0.9069840433017411,0.016347687801320232,-0.8413563743080084,0.32397248751816843
935980.0,0.669434163205989,-0.8027897472954615,0.927209014190149,0.4638458572141142,-0.9098175851927304,-0.21380227285459052,-0.10825891187387904
935981.0,0.8651682238363969,-0.03832458702731012,-0.15058901526515323,-0.05895396151807786,0.6533526935329883,-0.6251609089747925,-0.972818232617529
935982.0,0.5702037820385484,0.07564058018416597,0.13479042011777476,0.25633394759379824,0.36065034299307297,-0.3058623272165377,-0.08015987229717636
935983.0,-0.13618194332548406,-0.5586034967473763,0.7226554813582888,-0.7880006978352012,-0.7254299870190761,0.4183745179920535,-0.5165602439729986
935984.0,0.8361899795375278,-0.28871273786579654,-0.6106353231112385,-0.8095809684322917,0.6555230036761832,0.5095120264715951,0.17801918957202734
935985.0,0.18324488704760666,-0.8722811317174703,0.7616829802057952,0.6190257943775139,0.4258873279352857,0.5776439918172103,-0.028686649764276817
935986.0,-0.7762527228662934,0.1870234144524543,-0.2334777391965115,-0.36371257266924917,-0.7445873826763456,0.08816599139309234,-0.8274166587349112
935987.0,0.9824128270825987,-0.8929329195832671,0.03548165483939436,0.7422382233071003,0.628054594316189,0.952714655838139,-0.5739588840474235
935988.0,0.013080443579017942,0.04969609887217219,0.24872447680840803,-0.5111168960627321,0.9525592107085781,-0.3462135547140759,-0.9891990895844052
935989.0,-0.6181633605424348,-0.256523168268066,-0.6568851751919322,-0.9134941615607968,0.37298691272889073,-0.48813288912747455,0.1672714672093094
935990.0,0.25230253316486206,0.10204827049596998,0.5355015966807162,0.45012508597732426,-0.3823918390545562,0.05337244902467675,0.4179308057527842
935991.0,0.4033189401614903,0.1452280871552145,-0.9187528111568963,-0.15496895358954932,-0.5741121795998514,-0.6804670012509273,-0.18148190838293532
935992.0,0.7167034406348669,-0.39669129976923156,-0.23641738792910738,-0.26830867366808353,-0.9397980908190173,-0.9709926678475898,-0.13739667291788238
935993.0,-0.13210494685839747,0.18186368012945242,-0.4352394310598666,0.2589773439764822,0.12101873677957586,-0.47058552492759276,0.2833208075649505
935994.0,-0.17895225542642024,0.4306608030703971,-0.6562322593084007,0.834615344261727,-0.21450891702839048,0.7948734622787708,-0.382282699591012
935995.0,-0.226990422983947,-0.5766491192552268,0.8444025773982322,0.08108209856604032,-0.5272121333027466,-0.050286834890160836,-0.9234122635147655
935996.0,0.26124137793328317,-0.8609653081188187,0.9401554611078375,0.9008283981902976,0.5419047952402225,0.9678987746477932,0.9932164169493622
935997.0,0.9536515141403432,0.3959224258264391,0.7789495108935796,0.06991922363362235,0.00550046634101542,-0.09167212471380926,-0.46266761546749424
935998.0,-0.9805464410036144,0.2608693587686375,0.48787464876089937,0.6553207170477664,-0.9039311186517591,-0.07224871179844894,-0.2762690629405642
935999.0,-0.4324023460553881,-0.026127688799544746,0.8657599528096152,0.0015749018047632735,0.38897454997602887,0.00794811269847484,-0.7382191848375024
936000.0,0.2737853857333874,0.565370252857418,-0.26077547899060427,-0.7283371953878379,-0.42280107900191566,-0.64889153379143,-0.49913523536912896
936001.0,-0.9487186112173962,0.8317974428374615,-0.37671440901184616,0.4133766809918007,0.694840427157041,0.095585020612724,0.8317619619403156
936002.0,0.8741134589018618,-0.7562814210447555,0.5170442124868948,0.5696996431387871,-0.06213505883953929,-0.9970939312114837,0.9471919677794507
936003.0,-0.63974726875229,-0.3876274087264806,0.2088738068056728,-0.09555003631948789,-0.822687604259567,0.6492314138978907,0.5369912830965096
936004.0,-0.07541831344889505,0.44747818437752573,-0.10443171033631371,0.7192359313626577,0.5880438524389635,-0.22264435360570922,-0.2546025306377613
936005.0,-0.8475542330953436,-0.21242200993948734,-0.01715923054176205,-0.29783916166151614,-0.027215608526073742,0.47899091309218944,-0.4184347589685986
936006.0,-0.059110408985866725,0.6927902117375095,-0.7856050357769551,0.4252137433544789,-0.368843069358882,0.6542879539231994,-0.5723212063167316
936007.0,-0.3366999331434626,-0.6207927194559923,-0.4368653726806555,-0.6046434926228155,0.5918493472534503,0.05936090263165661,-0.5165942582042913
936008.0,-0.7670101271706891,-0.17202575103130968,-0.21930370695577062,-0.46496269060395834,-0.589871986895605,0.1568186984835911,-0.8988171886231384
936009.0,0.12138518942091081,-0.5869112008253601,0.30621089089417075,-0.6217370864212166,-0.16981453845817973,0.34723202522186614,0.7426053641162067
936010.0,0.549387025540671,0.6297412927876553,-0.6134370490171845,0.10421206789906012,-0.5214821267134071,-0.9187507739684284,0.4733126634477234
936011.0,-0.9932758716569305,-0.8107579477686104,-0.6197795786629889,-0.5286437513143385,0.2305931978577802,0.5119347787922259,-0.1939555066150671
936012.0,0.4358364304773945,0.929939198851494,-0.5327446641638072,-0.7430484721789945,-0.6951810492536408,0.3513849050969613,0.4603919360541313
936013.0,0.09752750325259973,-0.7024551691168139,0.7753836011562623,-0.29578470472750906,-0.327910954472475,-0.40195377621204464,0.05753501975491959
936014.0,0.5882484186476251,0.20964269401771052,0.4993856388002009,-0.7349301295364605,0.9075867629121892,0.8630248590625988,0.20971479679561944
936015.0,-0.5418120330447451,0.4981843959011456,-0.9398940419679784,0.5741676900804098,0.46375531922949365,0.6531709997147161,-0.9773376275457992
936016.0,-0.09084087491379988,0.0103002524756024,-0.7754760860502696,0.08829605386533101,0.8914704458799465,0.026204049033314414,-0.24209918617212578
936017.0,0.21307069406250667,-0.41437084471324304,0.09068737319241338,0.8027550908598038,-0.2129347928332923,0.8134610619207578,-0.1263776056901369
936018.0,-0.7530194147440703,0.12219343703097252,0.7435037815677423,0.1860646879776664,-0.9041910477344921,0.37353058292038255,0.19880655656120738
936019.0,-0.46180682996807,0.25306501985332885,0.7706782842463766,-0.671011168859809,-0.8024549485182633,0.09834316708775992,-0.9893512361344488
936020.0,0.27837948503459153,0.9328786277504397,-0.6047992884852553,0.4240655728877609,-0.2812727198442122,-0.9785465580253199,-0.09421105821014919
936021.0,-0.6654050360286625,0.19388400871312106,-0.7831972364194211,0.00043488203824737504,-0.026789246191613714,0.5340481493945592,0.04118403331719578
936022.0,-0.8976332217141267,-0.2642961659069185,-0.11162622660602994,-0.8020133019757747,0.8670159566965163,-0.2072094188545257,0.30967370502840463
936023.0,0.34269917910467207,0.6397078334343251,0.2810981659836229,0.9571631042311848,-0.2870953835809722,0.27204225194000187,-0.708156360750098
936024.0,-0.8172084108678095,-0.592922238740669,0.7832941591406695,-0.9753000765435176,0.9681024137017609,0.5529687817540758,-0.9043501317870613
936025.0,0.5492128649572772,0.4530951753922583,0.0805716114638193,0.11193215310862681,-0.9516754618055423,0.44135072967906175,0.2940205930358335
936026.0,0.6075996323350901,0.42302978728419394,0.8630895362124797,0.21186684952630253,-0.36015840877960237,0.9019111474478971,-0.8198996313299365
936027.0,0.12531090842795334,-0.06587578870481847,0.9522299048945004,0.23177974911099275,-0.7892440260869351,-0.42125389507373767,0.7883633322683414
936028.0,0.34895365780202514,0.37718498545264545,-0.6975759291895256,0.9559794299281197,-0.11038686621047322,-0.4197729661588505,-0.7793056395152711
936029.0,0.06062485788936911,0.46396212210970966,-0.5237495744598697,0.8752237034897354,0.5387209363820364,0.8999288582816063,0.6786533109578745
936030.0,0.814783878333905,0.13603787221332198,-0.07724354906559383,0.563335303337062,-0.0012830557278138421,0.7060820249133379,-0.4354281197093286
936031.0,-0.2907726453341879,0.31639635592480087,0.29952579651014055,0.700665247733018,0.46093722145052496,0.9544417585591607,-0.9433532715886259
936032.0,-0.5439776809849242,-0.7754995432940954,0.8411542039327333,-0.18099504991791404,-0.45515383609486104,-0.4710950392022957,-0.056607383740616246
936033.0,0.6728660141393068,-0.4281592146482118,-0.5666830300398904,-0.17286463857253676,0.77512446840583,-0.024341642052053247,0.8741073904483754
936034.0,-0.7467003291863503,-0.7634173402421953,-0.04072363108984023,-0.022827358182946345,-0.7220926314988425,0.052312322775541764,0.007532154841550565
936035.0,-0.031127911974140554,0.1396466628483528,-0.09645461530935706,0.09142085903303365,-0.6903317976531353,0.6637558554302752,-0.1542443852098998
936036.0,-0.6721035102349147,-0.824624823245721,-0.2767613338911452,-0.8576025840396524,0.4783591209434328,0.6646783909346787,-0.418948377840449
936037.0,0.7652623463464281,0.3210600715858052,0.4670472890245838,-0.0331869638672635,-0.5405542233574498,0.7528910201464507,0.37060650007351104
936038.0,0.6829690441281897,-0.4340135211658547,0.766116820226137,0.10668717730998711,-0.3292907251893813,-0.41127339423661713,0.43408186306705665
936039.0,-0.7646703356589359,-0.7085873763152408,-0.1004799032791186,0.5567068797426935,0.7155631119697192,-0.5656887052897435,0.6002854784461165
936040.0,0.44116664991218224,-0.6110625865292019,0.7063576603254493,-0.962633367781236,-0.36918534294496697,-0.4553888539883786,-0.3652280694922181
936041.0,-0.9266190608963616,0.5363407311390656,-0.32601951605783097,-0.01407447349051405,-0.03989773154484566,0.5743560030796406,0.6089122742656581
936042.0,0.8224960757457271,-0.12972768092564002,-0.44662805096622327,-0.8234894537349571,0.19480642612932986,-0.42391337766955073,-0.14930858885740284
936043.0,-0.7697049679356818,0.57197521908401,0.6941246264912233,-0.4065125943056722,0.0069871105667507205,0.9300904435694854,-0.7317806612129651
936044.0,0.7896374711213943,0.9576283210373908,-0.5702139546683038,-0.3732550398513601,-0.7790618416351682,0.5058913208770464,-0.885605929941641
936045.0,0.7305540334187126,-0.6610889031940688,0.8463584677222209,-0.9627568612600552,-0.7411743481700921,-0.2692454396109125,0.268904988480118
936046.0,0.6943093596632737,0.2753293011403075,0.8441314656596723,0.1537726129289685,0.20078247773005975,-0.39858617428039067,0.13364587532417094
936047.0,0.016992431477837133,0.9550336490805837,-0.7071752687574222,0.9407846550284378,-0.786279341228107,-0.09333493554295536,0.6998281991185242
936048.0,0.12646473246436063,-0.5205116313228335,-0.492871004554734,0.6211743452591509,-0.9593781436399584,0.02891845088739431,0.8471179146355172
936049.0,0.719168807515159,-0.10927538044551022,-0.7578379717210013,-0.45574998416689994,0.5661297755716563,0.34997733206625203,0.06948754446411765
936050.0,0.004617544274552632,0.824732946823548,0.484455165559855,0.4270051629337803,-0.5712710059056019,0.21084710008939056,0.12821711616986686
936051.0,-0.5471701833744458,-0.5390435210377689,0.6509142957388729,-0.09442785894481664,0.9491544493389212,0.4096954261554102,-0.29395764319781703
936052.0,-0.15949244464524437,-0.6592980920786522,0.21192216745778114,0.43835075180325633,-0.5950398380161763,0.6777243322027462,-0.44910244194548743
936053.0,0.8195701162996096,-0.5575692782461212,0.8494693560742599,-0.9859353166128968,0.19698232657697545,0.8879619859087327,0.05489993666024273
936054.0,-0.2366264896218253,-0.685995655917468,0.7593603179834716,-0.40760746545342874,0.9402401726841798,0.2752459111997956,-0.8517329306417529
936055.0,0.033679492104842224,0.2084241255911079,-0.5554777032119207,0.5020587750347159,-0.43708512019174117,-0.7553612626888484,-0.41794057036090426
936056.0,-0.05652658848220682,0.5621368722034454,0.033790706931402736,-0.4625834688485646,-0.35149942986692784,-0.4888060204644502,-0.6141195316571355
936057.0,-0.8371890561206172,-0.3422396418886915,0.41191724709082456,-0.7035593988123461,-0.7905643968939053,-0.8356561113648455,-0.23322728261489112
936058.0,0.6185466220193541,-0.6383789616389208,0.9255747749917238,0.5928304938271818,-0.478423012425756,-0.39178644462296797,-0.12798889261251523
936059.0,-0.4729268201546082,0.5221865676056352,0.7183702969489854,-0.672928967716492,0.7307801020774236,-0.4579184902160742,-0.2812527363665518
936060.0,-0.083587253222835,-0.1449894986506024,0.8973172604765887,-0.35944892640023896,0.01318383445646254,0.010464692536514164,-0.4881144161050728
936061.0,0.2339992657941079,0.30659231544749566,-0.42878046140636017,0.21655124538515014,0.7899562205984247,0.7368982528734849,0.25798259385077893
936062.0,-0.6780445896537812,0.49030143409026383,-0.3290400142451593,-0.6699876630186505,-0.6782484650083243,0.45904917559067226,-0.33512652237656204
936063.0,-0.535847916698913,0.06429806445751973,-0.19545071871119002,-0.5830852094040027,0.34699105485126736,0.8230802895467966,-0.12176515258157705
936064.0,0.5293347317233166,-0.9684926202888147,0.21339896742470432,-0.2799974557575644,-0.49554341979202277,-0.31524971361717236,-0.8329359347916316
936065.0,-0.11236448299641166,-0.09716518622303072,-0.8318660755530927,0.6706386884529096,-0.6866646593004131,-0.1438099902055625,-0.7112895764374199
936066.0,-0.29095520320538326,-0.6571415741418316,0.6780821747326273,-0.016044938725102265,-0.32640822652865453,0.5650103631314953,0.4101523922608681
936067.0,0.8674635319188821,-0.5431094230827289,-0.9938724760306572,0.19162382367071928,-0.8837537552465371,0.47310374493178764,0.503410898153775
936068.0,-0.3124263109020493,-0.1644993628205096,0.39546586867584343,-0.7177809504553199,0.9265439881115292,0.13324705252260238,-0.7028226576131598
936069.0,0.01987508099704338,0.06556526777038885,0.18883909169438495,-0.5472810051101162,0.036544483757045,-0.5874160167666611,-0.46672850236410013
936070.0,0.8820373097320258,-0.843519730807452,-0.6395051542391179,0.9493651057701884,-0.22653414848865028,0.7372891667038863,-0.6607073596888244
936071.0,0.302512064154449,0.7202291481325622,0.5952622774442966,-0.5782627383794534,-0.4711312749408991,0.44689108395219157,-0.19649162550950616
936072.0,0.8625609821389333,0.5618389979448248,0.14951595388444483,0.8948144664582436,0.8775441369505463,0.8707343673137444,0.1635753192794962
936073.0,0.7047553544454459,-0.25186742554090413,-0.8722499425175814,0.8121362901191933,-0.5207610288204501,0.7322082425981835,-0.8801547981476479
936074.0,0.456288666043825,-0.2168619259375486,-0.8236436393676174,0.9286352040249632,0.6840731771908919,-0.749254769556005,-0.9063335461482573
936075.0,0.3614527955077691,-0.8811733001341273,-0.4307642902221853,-0.13972522089409622,0.6503344059811185,0.8051480537626623,-0.15543737715500905
936076.0,-0.06763476704153537,0.6596679143995072,0.37254365036865056,0.8380329389860368,-0.2503601024143465,-0.006481466607867636,0.7680499252723594
936077.0,-0.33054192499068047,-0.04785479769087142,0.128891239466161,0.2115546002993589,-0.6101993402180967,-0.04227113286209927,0.07980155220787277
936078.0,-0.1452365335752719,0.35952512568494277,-0.2967347205337636,-0.47653399981876854,0.06698366541194867,0.6113521900262004,-0.803042502042757
936079.0,0.5988918396665606,-0.9725541284786716,0.9253953815152116,-0.7002914961262747,0.8965513394717051,-0.9574991586956922,-0.6910794375878095
936080.0,-0.27115388122780737,0.41625244128131555,-0.6544464118880868,0.591264803486742,-0.7586890912273998,-0.5309192871951951,0.549061141432067
936081.0,0.51627538907702,0.01719118237345918,0.8161032688346532,-0.42742636108483145,-0.15236065149543543,0.48525037734171206,-0.6705462251794703
936082.0,0.22563019143402063,-0.1756213152275965,0.9718368157938282,0.7705768148613492,0.5000144666628408,0.29946397908199396,0.7201521855022313
936083.0,-0.32076766847445826,0.8757165363602994,0.4234808217183659,0.4352523554798815,0.783653851651481,0.6582303961638838,-0.7600784218717143
936084.0,-0.2739521147059625,-0.1709892057921618,-0.6795112533188079,-0.4869773279104641,0.040991823776277636,0.7213695983574651,0.1820909831436841
936085.0,-0.07596599563827211,0.22380223796920617,-0.6665799442722808,-0.8602590416194418,-0.46609441779890326,0.09793717282162273,0.7327504908271958
936086.0,-0.9570894275022828,0.37854788986014043,-0.11534464186965598,0.37961115941066015,-0.6199150972494281,-0.7486396661027059,-0.26476112395665163
936087.0,0.032703072439895564,0.1313324888790226,0.4135041474918435,0.520643018300937,-0.42055595951163194,0.3580659832966575,0.4842812592633736
936088.0,0.12135846386335047,0.003764866652453236,-0.26183561664856625,0.7444449207996526,-0.06696738704582161,0.04866033708763551,0.11923753549404514
936089.0,-0.9041485835466498,0.8180983678600069,0.36773122737284436,0.860279558356633,0.7900136323584184,-0.4549154157294035,0.43703352735980383
936090.0,-0.750815663765366,0.2373446504227974,0.9569400704528379,0.35436025201646504,-0.9166826439209168,-0.39512610534518067,0.056848713478271806
936091.0,0.19081286500670402,0.3222304295784786,0.568134021543772,-0.4119687361715292,0.5548532801120054,-0.6808500825021961,0.4874933061484119
936092.0,-0.6131171729691818,0.2540763777843591,-0.7233582152247857,-0.5184613885465128,-0.5596265439576869,-0.1255350837812006,0.8487840948599907
936093.0,-0.8629603918738427,0.7293325619453559,-0.2850107715708947,0.8327411409151062,0.5136030340848121,-0.07919585160648812,0.6828652855289441
936094.0,0.21603657594859693,0.002540581872080949,0.46020190305560194,-0.5295180140728615,-0.903775420886129,-0.9466858384671009,0.47745817440332194
936095.0,-0.5549784419417243,0.5337909533303691,-0.2434751068402108,0.1818370125963782,0.9202608909904613,0.6532481753188919,-0.9172162326346815
936096.0,-0.8428998473574567,0.8691494153494628,0.9222407931979184,-0.01756828848764025,-0.07282150682856359,0.0423342684012058,-0.6351697649369721
936097.0,0.883568196002382,0.22761903845786868,-0.5182731292256209,-0.9961164593276326,0.17019492858147678,-0.4686640914021192,-0.9857119866927293
936098.0,0.9673492441326481,-0.8479320972777009,-0.39598748493318126,0.28751959382242176,0.5119119875253717,-0.34911235827960874,0.8220737488472749
936099.0,-0.6354207259036775,0.5178025704086768,-0.65532402559652,0.5553863341465084,-0.0455022807187786,-0.7359284233148933,-0.49704749540699433
936100.0,-0.6191735500176077,-0.4306628874681582,0.3026065186487725,-0.5149231313853131,0.3426673857089868,-0.6743239829545451,-0.36620726960190053
936101.0,-0.15452256060112912,0.714229801750361,-0.5151709968728118,-0.7084327574589417,0.6178250458653372,0.5189705708439161,-0.18339103411222846
936102.0,0.6187393686386369,-0.49829470151399025,0.39730826638762795,-0.737097650374126,0.4918502366579043,0.7739682148835443,0.47780022743532014
936103.0,0.8780194654680125,-0.2550292333967916,0.628125489464386,-0.6524609566909481,-0.030933151009109983,-0.5322087707768888,-0.04180674357925773
936104.0,-0.8318912242468717,-0.25837115052737847,0.357659833452741,0.1405159168103587,-0.10581214027648778,-0.35509545312192303,0.8669660532222585
936105.0,0.9202427520271736,0.9726199472273902,0.4941637862683088,-0.6654168908068285,0.7688319576190976,-0.6501314172028052,0.9799948029619394
936106.0,-0.03053699339597804,0.19784774588348264,-0.6651081357291087,-0.5808752176286169,-0.2400304858024458,-0.8202959510064405,0.1960872285220705
936107.0,-0.8366608824482586,-0.9495407600147168,0.7736180840122977,-0.006790105988465411,-0.6750906601683464,0.9185239804351784,0.7982967086875521
936108.0,-0.5602956279944515,-0.184495562779031,0.77433776602265,-0.6437171024731532,0.1882678812619878,0.7535376927379989,0.13857502101273766
936109.0,0.21214153104508382,-0.5662155761309957,-0.060266109556473824,0.7106886565897526,0.18300233192957727,-0.8245691763520264,0.26444458490814027
936110.0,-0.33691434159435607,0.08279105302782286,0.3238422708305597,0.897158001606883,0.6235703203061111,-0.8478728444171661,0.018918985397491594
936111.0,-0.8859916016526059,-0.2432977461236021,-0.981668010186546,-0.18878437697376738,0.3213781516907468,-0.21170228137202862,-0.6809198294321133
936112.0,-0.3312463516162263,-0.23178708449619934,-0.9737201431010616,0.738278940220447,0.8505787278802204,-0.16950857226053317,0.7446986175888306
936113.0,0.0765689795898632,0.9567986967742153,-0.8607651425425167,0.18326844285898658,-0.7175363478866414,-0.5683108318986891,-0.06972901956252353
936114.0,-0.1034068447912373,0.07426913070978491,-0.15578316859451014,0.3853182561064168,0.9274464286322059,0.5177274022096767,-0.04351311229274324
936115.0,-0.21261607666256088,-0.5640078888338522,0.0541620684681039,0.7788456726481987,0.2984060476119734,0.8269016114168586,-0.9149763069946806
936116.0,0.48816238845520443,0.4874949097877368,0.4515942832096733,-0.28801552020787247,0.6138359862118552,-0.3778914817018646,-0.29847838155337336
936117.0,-0.36879130981783526,-0.7574304771415772,0.6518994414859784,0.5625898516869445,-0.6798316561746642,0.44055983140341004,0.6709622560797333
936118.0,-0.5851075461174522,-0.22322824414383002,0.3581830502750494,-0.6330707403469891,0.8517576182961157,-0.14790915904545443,0.1676358677270673
936119.0,-0.7935733855685294,-0.807640877553842,0.3509769348604348,-0.48881657172531057,0.8312896481951102,0.5609396714643775,0.1867763199518162
936120.0,0.7749631178041343,0.9273113678637439,0.6493923046797869,-0.5987468995171052,-0.8750451258182408,0.6173104759855541,0.002646292303517539
936121.0,0.611597999504832,-0.2661826942368477,-0.3621776131329044,0.30084068368672656,-0.7000276154638703,0.9614829389684232,-0.29576856154845665
936122.0,-0.8026192746442626,-0.09349512692851292,-0.5225316636126505,-0.585605428511347,-0.941951538291397,-0.6362779819919082,0.30347645528956835
936123.0,-0.3149664699847816,-0.4069644840062898,-0.8147046382737659,0.9862816120558655,-0.9464198218522046,0.21444917393383367,-0.000785880563778818
936124.0,0.6753913487641261,0.43010518816095966,-0.9938865604278388,-0.7639124159714794,0.40993535131130043,0.36701118058009197,-0.8417853526185581
936125.0,-0.17671137281196914,-0.4216806026926023,-0.5327513388123601,0.26482093945696406,0.29169905049562095,0.9466372872031026,0.9114281001200313
936126.0,-0.7572297341568515,-0.4309567417896041,-0.24035418204316672,-0.516990517846774,0.8277795545143913,0.5335649328703707,-0.9227642162789365
936127.0,0.5384381806296146,0.06845894622158366,0.9303620425753205,0.9783241012328232,-0.9962678456428138,-0.0272583161066009,0.8605962962781359
936128.0,-0.6537630161538805,-0.05502231746584019,-0.12555094371070852,0.6725457726555131,0.14239945870378823,-0.3893128274241562,0.02602083520563192
936129.0,0.5755066168388705,-0.4176054957989612,0.8720180768134087,-0.27197548919315473,0.693481440459291,0.8862816713040378,0.8867101609925667
936130.0,0.42690587474635944,0.29403022299190806,-0.1307107892129391,-0.30813484529434265,-0.37361788542405594,-0.03531466469943312,-0.5720984295892524
936131.0,-0.8448775367095984,-0.6720401741538806,-0.13086968011253441,0.06466709084862177,-0.15844188368375423,0.003026601692622588,0.26878940611936786
936132.0,-0.13357656564727627,0.32086759798554176,-0.9790751712522769,-0.5466422002070805,-0.7123060310910587,0.9469469410212452,0.4767922378362186
936133.0,-0.26365402105006486,0.8601100086584073,0.9051804703705637,-0.44508293934334464,0.6065468227587345,-0.10971330455520967,0.23458007716509344
936134.0,-0.2659687302488727,0.6727731690830387,0.6921315185749324,0.4733298544700899,-0.9674559272689343,0.5242963804247613,-0.7623638978249239
936135.0,-0.9813612905052127,0.14853286017059886,0.08957866741214482,-0.19599476888912815,-0.4628528188379972,0.29030262243344285,-0.7284335146393959
936136.0,-0.3467779190294662,-0.8482682563160975,-0.1138274492135316,0.16295710309803324,-0.6861824162083807,-0.3464197049600901,0.2651924203953693
936137.0,-0.3549392962211837,0.4185022170138817,0.9288819730932267,-0.46074342163564275,0.7679239840292127,0.3254978163281077,-0.3477997384982954
936138.0,-0.9643920719294115,-0.967598622632599,-0.02065081045718342,0.7676561311489118,0.5197489427831066,0.045734184009135426,0.8031764013627851
936139.0,-0.21654856762702956,-0.21519836569502404,-0.04677951251705803,-0.6875038658844235,0.11101300005061487,0.3357297766309264,0.202384866476214
936140.0,-0.4974995634853574,0.6505820453062268,-0.4773114246945216,0.1912126534444567,-0.5091164806872321,0.765130820212192,0.9969318037564507
936141.0,0.5745174538990356,0.7342069096878392,0.6996399833733433,-0.5933539800958292,0.806554188191213,0.36431824978715666,0.6641503876127375
936142.0,-0.24240808904764055,0.49401167957923087,0.06592844343858606,-0.06587733201500523,-0.2795218169412421,-0.5405612051544724,-0.5448132762709175
936143.0,-0.6570403334121138,0.3890098873057344,0.8234051690029371,0.8572616841200043,0.013156170201682249,0.2649235325278252,-0.5928195225374047
936144.0,-0.001472573324031723,-0.862217650062371,-0.914029960699912,0.6733434395971063,-0.7148744818969723,0.9286368713207542,0.2513757305037567
936145.0,0.1727433860331049,-0.7879552760962527,0.6440084494774507,0.46975218736276836,-0.8247828842453748,-0.0026004070350753583,-0.9881356813640088
936146.0,0.15665443210526497,-0.3230056537633581,0.6456152005687932,0.5536681813743907,0.7364886668011852,0.030271265060099584,0.6742846381380976
936147.0,-0.8112173568773369,-0.7324237984241735,-0.8266756901039871,-0.24487190031830375,0.7601147934165986,0.7350382943984275,0.8021215878506478
936148.0,-0.8633402715624052,-0.8612272085385679,-0.40497140633799944,-0.7701268875299194,0.8354226493699082,0.9213906218127259,-0.5348842908580707
936149.0,-0.2394545546453004,0.18897544585025905,0.7466670267295226,-0.09931164319450225,-0.6735962331096901,-0.14126819511206867,0.08030575068033508
936150.0,-0.6396801785016102,-0.7300577360108966,-0.9810401759511751,-0.2955613253142624,-0.7790296043312668,0.1640933200525314,0.25855490047593044
936151.0,0.6779645225307414,0.8400331722700372,-0.10572833393537118,-0.6349010968282156,0.07839484491472581,-0.830043395677442,0.7610534679656693
936152.0,0.22245702049743898,0.6890485021230863,-0.03771525105187967,-0.9500410483020487,0.028676570173179927,-0.6341230822601664,0.6593871553291324
936153.0,0.4015332240319691,-0.628527755570202,0.3430042655287071,0.2782830030635337,0.4238090140660764,0.23821095203440312,0.8131628624341736
936154.0,0.0960867083734942,0.5637525972501689,-0.5164233567940564,0.6049095534336768,0.606910218570079,-0.6688440660851958,0.7168358464690112
936155.0,-0.1942644609674733,0.5691872257005421,0.6201789983894639,-0.9010164499370383,-0.5804634104993169,-0.5794111489132394,0.7566759409498887
936156.0,0.2734794540316785,0.13241170810893732,0.9415707047939119,-0.6155745280659357,-0.12743312310437038,-0.7288903977886627,-0.9918228920343446
936157.0,0.7977619889515004,-0.9701693333077672,-0.5952051080064042,0.6612107518144514,0.4359137119464269,-0.6393568668599645,0.2956090713556494
936158.0,-0.7227228964579024,0.5506184034649946,0.6829861689007002,-0.7594245505039687,0.4499744933469596,-0.9911145179834246,0.4055984235641277
936159.0,-0.8548061799880644,0.6951518749282384,0.3182848758534329,0.7798506665933782,-0.11574525425564541,-0.1335241154588489,-0.1392753212096991
936160.0,-0.023872789304860698,0.7519418362528998,0.059453980775471704,0.3016388768959528,0.5295345131928149,-0.35050955511416704,-0.4636367486079205
936161.0,0.21666390261499724,-0.13935993118851453,-0.051519182122679474,-0.6319655854280246,0.5012976209263393,0.17260254917078477,-0.30561270585283506
936162.0,0.015288836994284516,0.5438949325798397,-0.38725212821731403,0.7375523086790314,-0.018484764794109987,-0.6065861209728705,-0.6783893853655845
936163.0,-0.9746354560690362,0.7909883584002682,-0.9054945287383449,-0.834789225012587,-0.555039976433777,0.33503898049754666,0.8274699422861198
936164.0,0.5724127075641625,0.5336850154582289,0.6565792001786981,0.428978237749033,0.6475279838737746,0.09961191086285304,0.08192064508356789
936165.0,0.7368988613985998,0.4421059193481609,0.9726076520314033,0.9301249943856591,-0.13023709654249926,-0.7738210597072428,-0.7246447621692957
936166.0,-0.751821138754027,-0.141783434490091,0.2603537942736507,0.9833769765996447,-0.9565686982536088,-0.9003488193098739,-0.22901878577032808
936167.0,-0.42163643261313766,0.6631327796727853,-0.9700861744304374,0.4977964769465917,0.416997137527938,0.4987998593302305,0.27471715888692305
936168.0,-0.5099816781687929,-0.3679948163509732,-0.7983475432360441,-0.8938933185591795,0.806619321609753,-0.5681262665011884,-0.21949757124947222
936169.0,0.8236581753601051,-0.23570296751767517,0.23629244645574876,-0.004679106970515878,0.49419999376212265,0.05427541141296466,0.9781585006500795
936170.0,-0.00522676158240154,0.9836707780811207,-0.5590273410014246,0.20010057642939594,0.9885273126386664,-0.09402509675193382,0.2741070535316432
936171.0,-0.5283646986613522,-0.4232814939492635,-0.4857153306687336,-0.34381390791547717,-0.7463002218104191,0.8521188230136021,0.3854314876598526
936172.0,-0.7549890960309613,-0.6917785292999676,-0.31827137213515777,-0.8570179460122218,0.33524006902190173,-0.5739861786355036,-0.5345255723591862
936173.0,0.12466162859172325,-0.950213655872715,-0.21502294232546726,0.6917262739470975,0.8888625001820563,-0.9062040357022787,0.1828049949599111
936174.0,-0.38888059980486256,0.10588089329245864,0.42866058439771115,0.1917611712074052,-0.016680567691334636,-0.2990366254834611,0.8885443563110269
936175.0,0.45598685064741207,0.21772377828307743,0.4171505968889646,-0.5391353794781244,-0.3450666160924154,-0.03638445170653237,0.31912303843859746
936176.0,0.5825786951228227,-0.2579113178430523,0.5444076368834707,0.07636566245403031,-0.45076664826457113,0.03346769362104918,-0.4682812324416299
936177.0,0.566868947014,-0.7377784036124528,-0.21944429658053277,0.14818691894460012,-0.09361276510613115,-0.8049050177460402,0.30327706005143806
936178.0,-0.293168906049047,-0.2891212291057472,-0.3643278635985481,0.0474449020758716,0.381802403848692,-0.8028054418541111,-0.5806699307342522
936179.0,0.25777702399674407,0.21314221022452928,-0.5077128872874803,-0.6024205643594702,0.4108204701171083,0.8679936883818271,-0.2735450693459831
936180.0,0.033373360610359226,0.3663869399027069,-0.3657385263762891,0.3796020268768834,0.13685541712560334,0.08569000962874918,-0.4421244489196674
936181.0,0.8219811435869606,-0.8511616333890106,0.6438194253917999,-0.04831630002792586,0.798388783490791,0.13766797799895025,0.3914127273885313
936182.0,-0.12665590424690176,-0.2986412515421799,0.41459141785747744,-0.5162161620195804,-0.02746259972805687,-0.6601061131982817,0.41583636771093113
936183.0,-0.948614990905936,0.7293170768396318,-0.2153616633132256,-0.18156893052983158,-0.8479054653398341,-0.7229660593372844,0.027846491052355038
936184.0,-0.5868555421160129,0.1572354772149931,0.5152850101404076,0.9772389744218519,0.09026098647056857,0.5969294024403944,0.04815249636499819
936185.0,0.5247580460556471,0.22204277724687893,-0.7031630903228472,0.15094424568457776,0.9520389176710544,-0.33894360379517385,-0.4153948784770143
936186.0,-0.397495685702719,0.09240104134342819,0.20734909545496105,0.008532137002495332,0.5253115792440213,0.7819311464772172,-0.9885597568654607
936187.0,-0.028464593407209415,-0.9453598816292665,0.820604577108454,-0.6084502802493852,0.7427963011794145,-0.3468052491766811,-0.7446727912665216
936188.0,-0.9143464634996388,-0.3545886491034276,0.46165720988229886,0.9833419760371223,0.30195449701534294,0.7428351725626208,-0.6519559338380891
936189.0,-0.69969253617264,-0.3854921280145285,0.5242529650906946,0.0051568393179313166,-0.3763164264684393,0.797233727375751,-0.8248240244950775
936190.0,0.054387246093479114,-0.40887558228951426,0.519001786581949,-0.7409414063915205,-0.46419778228963815,0.4888204918642005,0.8172501099817095
936191.0,0.7182757971531779,-0.8484859410367183,-0.15495596764531183,-0.8454402007733972,0.6490713042332972,-0.7276034729130316,0.46838540184753175
936192.0,-0.015170487843282343,0.35470137275287805,0.04356694259962879,0.5155795766729456,0.09460955636153745,-0.31097474081600174,0.015884910237369265
936193.0,-0.2184656794378521,-0.8494577983593163,0.5736497780043304,0.10906730575371704,-0.6329267636160392,0.4863325936829037,0.778253580730446
936194.0,-0.7703928684469605,0.6456261651568058,0.3442534152270593,-0.7134032971664412,-0.7601725511298347,0.6513800430039716,-0.9647315463529536
936195.0,0.2639139987400738,-0.38167819570684447,0.1728625795444123,-0.4804431546647405,0.9644438289685671,0.6535493225106288,-0.5304192048100265
936196.0,-0.32701235406869134,-0.16964173941501826,-0.7147660089930798,0.008184849016678486,0.19859076451985525,-0.06492956267606598,-0.5484887127864062
936197.0,0.3252174896794169,-0.42014316676672525,-0.011360010436834544,-0.7652299507896849,-0.1537443895099424,-0.9668523181163469,-0.17502420981400868
936198.0,0.5052215425740914,0.3235118829990853,-0.7875587696512467,0.22569357607741192,0.0042427835147220705,0.7199534895838988,-0.10750707740441134
936199.0,0.14751221630188827,-0.7298524740690715,0.11940031150607755,-0.06428214085640716,0.31328781748647283,-0.7033835466215195,0.6417428458612664
936200.0,0.41227009707432405,0.9603370449709068,-0.09627582243035215,0.18550594390514497,-0.9935307835703422,0.5923204298250535,-0.3547663780553745
936201.0,0.5350483849952254,0.10466688951139203,-0.3688623770153976,0.09292908416725032,-0.2785858732426876,0.7583300838973106,0.6513170140875009
936202.0,0.8392557185640195,-0.3403451679112184,-0.8822425526750044,-0.21943003774407122,0.8041397854708952,-0.2957312735399016,0.31688649426037685
936203.0,0.6634660994154358,0.022367311885509666,-0.40143971013886715,-0.72012001975857,0.5195304359031343,-0.7837377354070656,-0.8708732298126538
936204.0,0.16642559399728074,-0.4726647061343905,-0.2936365916650714,-0.3242642148135848,-0.9989617633703776,-0.8498068136223054,0.7845845187531624
936205.0,-0.21574154407427515,0.6224795618327787,-0.827466822141544,-0.5499025583327195,0.07920856930081954,0.4535828304650589,-0.5908942382778275
936206.0,-0.5285235886337474,-0.8383501504209181,-0.5679537001653354,0.8599211676267315,0.08953469050922025,-0.8256866380474002,-0.37432848513555106
936207.0,-0.7742782308950544,-0.21987931099713465,-0.8840237543440403,-0.04568331512164514,0.6897507557212406,-0.702192843562834,0.7729160192617333
936208.0,-0.3933992712660668,-0.7166415794173133,-0.21893145044770135,0.5166447295767713,0.059440616103963784,-0.414399792565866,0.450448694643409
936209.0,-0.43964458782156624,-0.6570578782010663,0.15644483641516116,-0.413525571074119,-0.4536054628370374,-0.12720030128412962,0.7505922520222161
936210.0,0.9547499810591231,-0.5838104218694575,-0.04678522546875641,0.19238963691679123,0.6305612904612645,0.2400951864359182,-0.4021127155777213
936211.0,0.07747931258072582,-0.8723382604154635,0.3363221817784767,0.3792708614021285,-0.9314795761769126,-0.3442592197169201,0.935409767234298
936212.0,-0.66363544118346,-0.5479689179416323,-0.22640901206572184,0.9787477051540545,0.31560259254057654,-0.6291841407719099,0.31897118549710024
936213.0,0.561849586993175,0.07641112472777989,-0.6682669062930511,-0.12291565741349886,-0.439770331103579,0.3921951334159548,0.3465482776509641
936214.0,-0.019635011213336107,0.5195244225399622,-0.24302453321372397,-0.7124095159741297,0.5608807334991821,0.20688833635109893,-0.7523543627120461
936215.0,-0.10438429850780873,0.8333597586940864,-0.30222077162874883,0.06928813217109098,-0.073463164672116,-0.07786759938359578,0.08440585621613517
936216.0,0.146149048953782,0.39135591225408506,0.5384025933367742,-0.23190957075963814,-0.19970735724124045,0.27193238015751753,-0.1076574885475079
936217.0,-0.4907744792340436,0.3107191478693887,-0.8477153803242163,0.6217034776806389,0.7789651942976108,-0.3883676075763376,-0.4235931569571283
936218.0,-0.6281093894103869,-0.2416456566331011,0.6906577664996532,0.7379415549942361,-0.652654086339147,-0.7050128087540188,-0.7628836856718126
936219.0,-0.31800330956048484,0.6913601476724038,0.45854496363103414,0.20081095659466075,0.6452198315695641,0.8326922803330996,-0.0730815130995568
936220.0,0.12354767995974392,-0.421986653165515,-0.17724786279083493,0.3142101437515963,-0.2010318983798285,-0.4890522322107651,-0.14640835504401162
936221.0,0.7944673881213831,0.18117384951092919,-0.7546733627890991,0.48396099552671945,-0.8638710042127851,0.560000028012271,-0.5028564234805062
936222.0,-0.29005650926925486,0.46420348295157865,-0.42355948774996866,0.04739552194816454,-0.49513386285261296,-0.6214754095169823,0.16815286563316034
936223.0,0.7967283188583252,-0.16895688062210712,0.4968263820517811,-0.4883488998563894,-0.07284331754425888,-0.7575411556574043,-0.6129692778780418
936224.0,-0.6694553087192525,-0.8167042850112503,-0.4549412777087216,-0.7389972823915771,-0.7856624104877119,-0.5422178859202287,-0.5023002752640433
936225.0,0.5868697636397873,0.5663141766955919,0.568550360417404,0.6282133102271228,-0.8657075648902293,-0.6924340994048626,-0.044458985946011165
936226.0,-0.08389199142856829,-0.9988321453971143,0.45201514070258964,-0.020352773136621316,0.5370840146727587,-0.785035004760865,-0.35141056295523376
936227.0,-0.8010313939779921,0.10205425523506317,-0.9896241960167871,-0.17743104539790333,-0.7287455962841451,0.32666451690556464,0.9466930287755488
936228.0,-0.5948912061123888,0.5104371789749673,0.2179800257419231,-0.6395862768118277,0.86843008684736,0.07728227280663402,-0.5450751866388521
936229.0,0.7189346596022101,0.23449030580940766,0.4571962383844237,-0.9049091194611092,-0.642487363730256,-0.7303338193316078,-0.6689848557795024
936230.0,-0.31073032024191094,-0.7387260281792869,0.690164868732756,0.6086118396873614,0.19623756491451805,0.0019012052603140095,-0.2808045113498965
936231.0,-0.8286024878075888,-0.19311621792340827,0.058275061444301945,-0.8195179133159336,-0.8035928808282757,-0.7009577491612855,0.49429390889345215
936232.0,0.1549303149492227,0.703708687215816,0.6601252499678791,0.43785034193901007,-0.6833880367991381,-0.04560354726129101,-0.9693060009358625
936233.0,0.9929481148648107,0.8899548767997572,-0.13271241243860188,-0.6147206020657889,-0.9179996865689428,-0.1520247117842981,0.7726162738757214
936234.0,-0.8376839504783335,0.88378037783496,-0.925406993386275,-0.9368441564455192,-0.675096625273985,0.9374515879152827,0.35233224493828663
936235.0,-0.49581311221637936,-0.34802751509269925,-0.27603276145930367,-0.5579467707326191,-0.9303346009532143,0.4301464295714903,0.11242985522101079
936236.0,0.5535408303908695,-0.8649413726357051,0.158313402722569,0.2405623110623485,-0.9413487094848689,-0.5561933028815833,-0.40941135446925103
936237.0,0.19995601101749538,0.690862867191097,-0.3357154842817245,-0.38490265618716424,0.41722591357945427,-0.6836926687211482,0.8804264037472185
936238.0,-0.12530387654730135,0.6441303373491383,-0.1346839859979323,-0.10185245661008402,-0.3098655186208439,0.8672359813439876,0.5186757915489222
936239.0,-0.09492430716571643,0.9952012104534558,0.938727819837287,0.48546178977001264,-0.673751055722609,0.07710111325156732,0.5722319419581519
936240.0,-0.9130078584196875,-0.14668738519917435,-0.7295355239056223,-0.010042294392024864,0.19899988031041893,-0.008643732535499549,-0.2682798300459639
936241.0,-0.6009528638762496,0.1514507341718241,0.6447709415981946,0.9264162342558686,-0.9205724880852639,-0.43753007969947033,0.3159726675903545
936242.0,0.7488142634002775,0.5592881367127387,0.6591958071933202,-0.4254241546371884,-0.5467695386245335,-0.7035581951307475,0.4124701848433123
936243.0,-0.8006620371276671,-0.6238073514392397,0.07579818760786838,0.94472143343109,0.9555591283319016,-0.08857344782054688,-0.45772977609100685
936244.0,0.3620732705405918,-0.8579473979169732,0.30039469333134217,0.925743347896749,-0.40880724552643044,0.24649361886223953,0.8975751003780694
936245.0,-0.8718156031954194,0.3078438011568554,-0.4935630768593202,-0.41374327409801026,-0.3455208130551559,0.6484065752683013,-0.92875794947084
936246.0,0.5965397756598174,0.06245976997526359,0.5814561437518713,-0.7608954866906781,0.7167838937348263,-0.2858003670696483,-0.4965516083743413
936247.0,-0.9099358221979992,-0.6321002279848704,0.12477750929362341,0.26468542848550447,-0.2135461690039404,-0.6292772875929573,0.7492769834252893
936248.0,-0.7662831833496364,-0.9438681610680406,0.9228964762962757,0.5009938417675479,-0.6251677869028913,-0.19727627502400158,-0.1972248086886863
936249.0,-0.872402378693423,-0.806437638810471,0.05055732023436299,0.9437068000685627,0.2290602156209598,-0.6431673679923928,-0.7486445204076222
936250.0,-0.5194632829754267,-0.6010768931402397,-0.09856144549992285,-0.9167785765706153,0.16007462353331214,-0.5583444063620455,0.07396408799521192
936251.0,0.19902056346187136,0.7319509532789155,0.33272707673187285,0.4890382727076379,-0.6385328405814124,0.5232411596784368,-0.8437967405421365
936252.0,0.18416207327555623,-0.3695052816128561,-0.02649709554075419,0.13519486276800752,-0.6036910254614027,0.4075536874811996,0.14150757121233704
936253.0,-0.5895802168657192,0.21937332349023198,0.28973228288067454,-0.021537233208266615,-0.4354985587399165,0.7506845740986572,0.7243925211027464
936254.0,-0.304966024345557,-0.7567115624816043,-0.485255785930504,-0.05450687793301956,-0.5738075155841826,0.7462688913559394,0.7186270620620601
936255.0,-0.3993619199961145,0.49170100594225863,0.5783319175988055,-0.40444853831468053,-0.8367733493646956,-0.7793427176124976,0.7638404715145302
936256.0,-0.10705023513666778,-0.7567890329398395,-0.6420699714593436,0.4501495917368792,0.23800189036327102,0.20123088737753325,0.8013419222765166
936257.0,0.09818681943127783,0.9617261654268843,-0.25586258479653856,-0.3789188400782355,0.24033177514461324,-0.12492793879886133,0.7402690710716906
936258.0,-0.41711944474199325,-0.2138563335504884,0.9600281800485546,0.061357186715262024,0.07856890380578663,0.12824730698029785,0.8638832519655044
936259.0,0.5917755927830852,-0.16518331423159172,-0.09313798215948421,-0.9218911755814225,0.9622213262610657,0.2457695243964686,-0.0721098753718934
936260.0,-0.2579408983476559,-0.03350895124449704,-0.9296238715768366,0.058154980463652306,-0.7943657222234992,0.008280440808388079,0.7601354340467563
936261.0,-0.38176278155454435,0.1856564284449238,-0.34133806577642445,-0.023340033845099528,0.7708759222979022,0.9497547844488421,-0.28246751472134846
936262.0,-0.993496863761824,0.37822120068584586,0.24551428727202307,0.8975026487679063,0.13915550127816023,-0.5606884600206898,-0.06659621752415035
936263.0,-0.25788938428165276,-0.2761759151014338,-0.41936165569707984,0.29772433043084057,0.43866924736441026,-0.6275049764467766,0.15332405494426427
936264.0,-0.8947074923396496,-0.30301532694143063,0.4754742587095129,0.4291599402489583,0.1989776495526947,0.1552900819595182,0.6043985640589831
936265.0,-0.869450100425331,-0.3723295549335581,-0.8179545331768832,0.8021767473494703,-0.49272397162881765,-0.39816333668793225,0.8766611964716367
936266.0,0.9470250025257807,0.5689254141099069,0.15012660841292225,-0.36873203605624494,-0.42789906317284454,-0.11541130261901489,-0.42462899230643214
936267.0,0.8890333629332834,0.530949186812242,-0.27675964280772747,-0.8022448260586588,0.2724711756489162,0.13670901928696932,0.2782055848873848
936268.0,-0.8670686354032535,0.6661708688513068,-0.9958749438395429,0.6168303933790749,-0.42951560000275624,-0.025225556678524885,0.9555557458594675
936269.0,0.622830163214233,0.9823522222963665,0.39165669641211,-0.7965037057432869,0.8440069506976542,0.3504891001733663,-0.013699771839264185
936270.0,-0.009592918181367427,-0.8257196554759108,0.9405569836725629,0.6714867331704117,0.5631533263158179,-0.08526915018591641,-0.7697641246885851
936271.0,0.7723568333447748,-0.979645626582601,-0.1235190516853577,-0.18595303938933916,-0.8671352967112063,0.09424608955201785,0.5004275216371128
936272.0,-0.7820821424617228,0.11307946720648898,0.23094806404585944,0.23337214975869136,-0.34359196713699847,0.43077218367566283,-0.3339337754473388
936273.0,0.5380244757536785,0.9496971840145911,-0.9584081384978347,-0.85032765195143,0.939975671260195,0.11117905394274175,0.25255420522803185
936274.0,-0.3302399294328402,0.6173179658655352,0.996306143063536,0.30615124968296104,-0.5680951842771107,-0.6611745246016016,0.4397082941974233
936275.0,-0.22105214421469155,0.2113065368550162,0.13482753934709635,0.6974937509265717,-0.22907066760337047,-0.7868608230656595,-0.23644258102066207
936276.0,-0.5267968936261826,0.20667330656961957,-0.37573480229944756,0.9747151752090106,-0.7999656503186283,0.8797422264322803,-0.9520530913298697
936277.0,0.926404622194932,-0.18521726717431752,-0.8155917086348752,0.25344669353623384,-0.7594885077546567,0.7798322595134934,-0.7551802460703467
936278.0,-0.3398517005292636,0.8282676227301315,0.662535517097524,-0.2588590567749367,0.39712730653190476,-0.11592152156970825,0.549014585593897
936279.0,-0.9260408344899624,0.41757950777616637,0.10851811997054006,-0.26296707466366476,0.6148897576953476,-0.16265301051000192,0.5873144331414835
936280.0,-0.2823090166337394,0.7437095212200533,-0.9653885111611047,0.7139717931724106,0.2628944307974148,-0.9591021455719881,-0.037033992067005306
936281.0,0.1333718036722633,-0.07697863357891932,-0.8889782451398405,0.3056112269247102,-0.0967726840233325,-0.6257741317260015,0.03701170779064977
936282.0,-0.5418178070199193,-0.4896289307224855,0.09074413270645598,-0.3564492365342642,0.842874434224963,0.30543323685914103,0.027524126286772255
936283.0,0.7819729099067612,0.32762530240587506,-0.559332919196674,-0.49240199565286447,-0.7420771004201419,-0.231272583314172,-0.00239409311255101
936284.0,-0.49208308052076766,-0.3052250709493525,0.8837670611178801,-0.5564103540137364,0.6787899453182078,0.863171093258855,0.7208280234488529
936285.0,-0.231755335452289,-0.6490927316568258,0.38694279946839605,0.24566981830110968,0.34949198035299767,-0.7738543618532481,-0.5464912476211776
936286.0,-0.4421557722413427,0.41392717929175604,-0.6355995190547181,-0.862823868696831,-0.6022414421280449,0.4635035095473232,0.4316826072211861
936287.0,-0.5287706911342591,0.32508464298921713,0.8968012239137446,0.7635493064636927,0.49690310854067055,-0.8743061152093146,0.8604855776751086
936288.0,0.6291531474765046,-0.6037451393899176,0.19294418946437175,-0.7403318929921268,-0.12695465379664728,0.5791516329048616,-0.9677266769548578
936289.0,0.25056780632812625,-0.5600268386972862,0.4606400272055138,-0.0449934323339809,0.07579668798088735,0.9752615438572589,0.6981801008006716
936290.0,-0.7484791472882009,-0.8079473602584089,-0.6861781203192912,-0.04529537580971055,0.6014678307383177,0.6787493212258322,0.2820670015409499
936291.0,0.6672591097640741,-0.34253269389368746,-0.8592396466526926,-0.199643367481519,-0.9516351330938946,-0.6383714077148128,-0.3837263531914421
936292.0,-0.9000195216099227,0.5894329792131914,-0.12395589636634341,0.11254783761395126,-0.901777291000607,-0.548627512539615,-0.41845789963422475
936293.0,0.34560585870345584,-0.42606335644225113,0.840744918522486,0.1175125841241722,-0.19402559006874753,-0.3582628624948825,0.7922300113803056
936294.0,-0.5321727767846138,-0.8956473696113891,-0.7094838553358094,0.7513142204412093,-0.35304203172975046,-0.08548889318037367,-0.3955062216354348
936295.0,-0.5716415449604235,0.7570831711986958,0.7156065571675039,0.6008270646954545,0.4708969873489579,0.8850355265250283,-0.9622457522798922
936296.0,0.8023071356187825,0.800275678447538,0.9442753753407076,0.5958435560304778,0.7381072664240385,-0.6344508904578063,0.6029599054097807
936297.0,0.10514209342920267,-0.3333373692335675,-0.04348411701775712,0.6509680696853897,-0.11374997749367943,-0.6358364106660572,0.24638978762047192
936298.0,-0.4044851124095943,-0.32127041430146797,0.7179632861586638,0.6151577656414082,-0.635234358856686,0.46550536948811283,-0.3776947571350646
936299.0,0.3576501456167813,0.7853994530031447,0.2174396136066612,0.563034858024813,-0.08702643098707319,0.9082574836612596,-0.4879624449486193
936300.0,0.5877654222378443,-0.4533051348509105,0.04991429746868903,-0.8784408188869706,-0.9742294681619534,0.9849874616373799,-0.41460166484312344
936301.0,-0.963535997767651,0.3881543167825354,0.68577290929475,0.879557775884767,-0.5898538325216731,0.17555695056029252,-0.07896618317545068
936302.0,0.4146960236318584,-0.09338212938945367,0.03567253649111235,-0.6930034752903531,0.1553534425338814,-0.584828355016686,0.31922139679717043
936303.0,-0.5358666650162651,0.2535316012643194,-0.6501708727890458,0.6215876933981099,-0.36176097733187196,-0.5142483544337395,0.36098878667528234
936304.0,-0.6106870951114205,0.5320408657191957,-0.9271771016784365,-0.15996689936082853,0.3275791733214739,-0.5664036814808495,0.9714908446979991
936305.0,-0.9957050355779302,0.3806151130141828,-0.5692239870588549,0.07697556839787434,-0.5837940380727691,0.5662517727291034,0.945559957103546
936306.0,0.701118881918168,0.4748532331218924,-0.23647036661126286,-0.16278827654357686,0.11480786035814194,-0.1872584115643201,-0.1486903943694886
936307.0,0.4551791728095207,-0.8295866464822919,-0.9028721025939872,0.8470692724547522,0.17422141241482247,0.9038927576696856,-0.7053850027790638
936308.0,-0.5120633731883599,-0.10667535014008966,0.44094082364495524,0.9291781441536517,0.5345577092582248,0.8629373891411598,-0.10992101463063175
936309.0,-0.0679475051323779,0.1078615794476625,-0.15873989560073687,-0.6941201046253829,0.835581990035912,0.07752821847275726,-0.0003929524689136876
936310.0,-0.36520972109097305,-0.10657422521702342,-0.3610536675777971,-0.2487874379224264,0.964259372362317,-0.7106166415043527,-0.6373676028939794
936311.0,0.14052010809466497,-0.1212189129030139,0.9006177055365385,0.6720536472348317,-0.856801300524676,-0.16142082558422777,0.24185107565603214
936312.0,0.5015401253016856,-0.33361573848373616,0.9299193826989061,0.3087016080629392,0.6743781699443805,-0.6318562999285187,-0.5776595245538585
936313.0,0.6017837533892707,0.3295213423517629,-0.5126052461789914,0.33174648430624853,0.13589195955725297,0.697538660125165,0.15631491813452314
936314.0,0.7159250423615637,-0.46802926076396867,-0.3301645122028056,0.09999955716067399,0.3313648009402774,0.3237158730753458,-0.9869989318091519
936315.0,-0.4772067411153984,-0.1205182047381601,0.4652134315564238,0.07902281292455116,-0.07845975669652594,-0.9464579548535672,-0.9633308513418049
936316.0,0.7646642024064454,0.29986814780687343,0.5985142834945643,-0.08601244752474191,0.7302727499257007,0.6465304528844569,-0.11586593649198496
936317.0,0.14023499569613573,0.5450103811639506,-0.35285694312877336,0.4625450504882189,0.5616568821242325,0.523796467712327,-0.4313729153219592
936318.0,-0.2835058755546529,0.4467787670483896,-0.1416829495686105,-0.21378258459801214,-0.3442673148097106,-0.3047184007445931,-0.5657635208713301
936319.0,-0.18900430687452263,0.6638666268004216,-0.7253231906653055,-0.18659806637024823,0.18012532785867985,0.3691219333860698,-0.6875252846955613
936320.0,0.5237687550442105,0.9189527423762482,0.5328834608763737,0.7961070312088097,0.7386898832825513,-0.4897220319225386,-0.7754357402976324
936321.0,0.9174476715870405,-0.9255667667514209,0.06153418517954745,0.8038748196912049,-0.9136684593545505,0.044544408950511594,0.3069345990847179
936322.0,-0.22685358312740256,0.40998844144814806,-0.19961371025890995,0.11202336640570554,-0.10023442657770798,0.32312471546550103,-0.7219279454244676
936323.0,0.8966460463703494,-0.8515922623549304,0.2672516763338253,0.9223298653091534,-0.7780560454760226,0.8862309005282729,0.6270190894685859
936324.0,0.2661945496034961,-0.6665224683438018,0.47389433654232294,-0.46844713806696436,-0.9428931480755498,0.7013270739567212,0.46695635559392734
936325.0,0.8790408808159247,0.8036446597590996,0.5762676063321293,0.8229650936469133,0.26953410128255184,0.8507211172892006,-0.8646141721892571
936326.0,0.7467813381131159,-0.3811044189947541,-0.009217543701468767,0.0656516655833086,-0.7444725544766584,0.6346336720184713,-0.6933814624940164
936327.0,0.4408175413987885,0.7942925111941699,0.38794062059388534,-0.2431594676172555,-0.2543056028153008,0.003535592469968707,0.36348763225962344
936328.0,0.3502642956636488,-0.19165022876691595,-0.22131407197194664,0.849408783070349,-0.6874925506066374,-0.8357410494166335,-0.7740980521982752
936329.0,0.6800731893623426,0.32285091603610105,-0.36085151796579806,0.4789191254163421,0.8305490347849518,-0.7530166031117234,-0.5202543558131878
936330.0,0.25237698809494824,-0.595686453373804,0.879639203617103,0.1928190390620208,0.6435854650477397,0.8371475167414766,0.5745185602663179
936331.0,0.08561865791349321,0.9819747246446513,-0.803402313335297,0.5604028790454016,0.8604321666014525,0.07547674527774717,-0.8723653901067785
936332.0,0.15384779154187034,-0.887232408614874,-0.3746466382685094,0.9640991844838649,-0.6939498777220765,-0.11825335538062265,-0.30655640146606644
936333.0,-0.09961729458980306,-0.7175060939534592,-0.9966121526998228,-0.9887493727295891,-0.014132041643031057,-0.22457053411643435,0.4095964665999414
936334.0,0.6600499738767152,0.5498161403215622,0.940334856695991,-0.5734748142392516,-0.9141620036265443,-0.23862554485898269,0.2875321133770208
936335.0,0.9871457548080487,0.8860356479824685,-0.7689742623345517,-0.9765689904169981,-0.6822839336476831,-0.8101474457411693,0.6332411538269451
936336.0,-0.5405721849470897,-0.7999478327093794,-0.30873969127748846,-0.509030895695652,0.49987403341618863,-0.6877011920772853,-0.3313934022433207
936337.0,-0.40814538703804026,0.10509419336714387,0.9149281739971451,-0.35049263642042483,0.21732645889863522,0.47089090403268585,-0.3795278092293546
936338.0,-0.2501485899280056,0.08786237518234663,0.8113399113718358,-0.2563947702239251,0.3420052450916726,0.09360804011834278,-0.16020674409144187
936339.0,-0.015343452570917071,0.5109752721594063,-0.3002944569452666,-0.858457611937498,0.5038727837848642,-0.11867652254114858,-0.40115972791439347
936340.0,-0.5391396037372489,0.4207892738687051,0.38683195988182995,-0.41181077723533743,-0.27564637962540606,-0.9382025693480234,0.47630314518937
936341.0,0.1631801240511468,-0.022765861324396175,0.2701439256855591,-0.34939632299631773,0.9290206972599888,0.053792830567486405,-0.011058645034089265
936342.0,0.7576874422961293,-0.6628030403292069,0.5230429592770853,0.593198043081332,0.31671343683108755,0.5563457882845431,-0.0943337830814881
936343.0,0.4641947344422961,-0.8820096179748389,-0.6821445473398786,-0.8832082028587058,-0.571833951482311,-0.3278600775742935,0.6188113170612652
936344.0,0.6521837282332055,-0.8654833290853632,-0.6514156996911908,0.7789906153361037,0.14886734734449814,-0.14778997624511558,-0.6725757909915306
936345.0,-0.6515663462035735,-0.8691367263480727,0.8293694447080795,-0.4628273189187846,0.19654831925245264,-0.26164856970182115,0.6776392473581792
936346.0,-0.9441888174375548,-0.245677418938421,0.44304147147971085,0.3615125852520369,0.35661121103103044,0.6534898910563638,0.888301835671325
936347.0,-0.39121349669704464,0.5345944786958687,-0.07829763572813908,0.7569040035539887,0.6444815121491989,0.6454875831129925,-0.5967667664885432
936348.0,-0.17552587415536158,-0.1846400683833911,-0.10234730933953373,0.19978683428196953,-0.18257262415046727,0.02869642126659877,-0.5346207341699378
936349.0,0.125044687935002,-0.4088889343314832,0.3750436037532834,-0.7685019383221332,0.3433274504197201,0.78010254818399,0.6402029116177259
936350.0,-0.8819275750140694,-0.2675848351407617,0.14445433409311859,0.9343074238616695,-0.2846695111678077,0.530159138056475,-0.10222439457551546
936351.0,-0.8504544473984552,-0.055462274988068216,0.627629107496688,0.5752509036225752,0.07941926012846001,0.12127335621964064,-0.6815646548056415
936352.0,0.40565695153408154,0.6643126864289717,-0.26833585188280673,0.17846352678574795,0.7858479273274728,-0.2145156523413887,-0.17721154870311517
936353.0,0.2507750681797376,-0.16462289104645178,0.9332864153234219,-0.24264725881974147,0.5240849042740365,0.7882764866049454,0.9229801926858365
936354.0,0.41967584778150857,0.9964832912156327,-0.6819958662318739,-0.2019715220004501,0.5133439204927126,-0.1529859945953007,-0.24044358399212107
936355.0,0.92270459966227,-0.8287306867092308,0.7248228512044266,-0.9163608733775361,0.6510561420777825,-0.7185468714291485,0.6922073457759723
936356.0,-0.07208921889796449,-0.2031500190536426,-0.030371028093450825,-0.5545165248807369,0.8289817521109386,-0.2702858849380285,0.36856958623989344
936357.0,-0.7312645615231923,-0.8817856096410883,-0.7119794613617674,-0.24293418293861646,0.2168856616384649,-0.39391130395901275,0.110384865796191
936358.0,-0.15930725211405794,0.5492949378821148,-0.28853747868534807,0.47610649774600056,0.17060089914297105,0.31288725575782483,0.8810148942076834
936359.0,-0.7332028144060758,0.9642875052000099,0.6848129535436178,0.9145563112653221,0.362013293564444,0.2985825293102331,0.3799856939375579
936360.0,0.9302898864044904,0.5474076301000166,-0.4152887771186111,-0.1532831683418998,0.8827323551630899,-0.6634240868020127,0.4492101362887011
936361.0,-0.48662510208531473,0.16452849449924267,0.020358529700244654,0.3405912401718709,0.9085442309756135,-0.0279114896627084,-0.49150340263066483
936362.0,-0.5388368581938714,0.5899117777702003,0.11245283574095422,0.28448949035432447,-0.35774981166574293,-0.0931643002790643,0.12908883232621182
936363.0,0.44134371914986215,0.49752445587688343,-0.3997099871235046,-0.5161511709309856,-0.6133088331083398,0.9938767236392292,0.8573949540500276
936364.0,-0.4461629802200291,0.9943286471363757,-0.8912477213894194,0.3886665806810161,-0.03048431482968561,-0.3012683601497832,0.43571618807802026
936365.0,0.13176715081727375,-0.04065656657656258,0.012482586197882117,-0.975207582509144,0.7727672712015337,-0.5532820948895745,-0.4864076005375011
936366.0,0.7004260946254905,0.07152786590565108,0.7253285480595593,-0.16612662703854308,-0.6819223743947591,0.17563091846704038,0.12768069649800218
936367.0,0.4967248808851086,0.4831362845233447,-0.46176709537460225,0.07016489332145848,-0.4560571270323428,0.19148956053971222,-0.9453476649424726
936368.0,-0.9904360549718103,-0.30304532972809484,-0.18366692992786038,-0.4885149608582975,-0.7153661474495905,0.8452104415116868,0.3515546272711678
936369.0,-0.9626262751560155,0.45237677346730565,-0.17431994185141764,0.4372483598523458,-0.003586327145649326,0.19964614364454136,0.06362566605391407
936370.0,0.20503432285967027,-0.07101518127434292,-0.032202417568433006,-0.0007252128784236422,0.7955678243418927,0.5528730348108606,-0.4532611275307512
936371.0,-0.5432712805768747,-0.6867671639794419,0.37002101499587736,-0.8233178387918534,0.7817497415677481,0.6798481563841368,0.837387168828714
936372.0,-0.21061301261392096,0.8999688117557927,0.6119773976086567,-0.10725351703524,-0.6810086602153105,-0.661843937161267,-0.21932551321882676
936373.0,-0.4072787542587597,0.7362937536094913,0.3568435608567324,-0.12035820412886888,-0.15734183174286032,-0.15542977416702186,-0.49411119470883613
936374.0,-0.31680541704275056,0.8224743670786998,0.3529925353470418,-0.5947320761523034,0.0973246681341493,-0.4544157992048752,0.10239018264789923
936375.0,0.7139160420924138,-0.8002227243044795,-0.14145808924601977,-0.9334337445130714,-0.11831025177563448,-0.6359816947824009,0.6767338603710409
936376.0,0.2484848564573212,-0.1814448962695281,-0.5438351012360876,-0.383061343700386,0.3310249649917647,0.817287741119253,0.48533274844268726
936377.0,0.7718356182930644,-0.06551490274497485,0.8941946240172969,0.12409625040511996,-0.04248532447453712,0.20635058043283272,0.25699086781094693
936378.0,0.937006167045652,0.4606004383525848,0.18799572247604757,-0.7900246132685396,0.17875503297325634,-0.2906833174922736,0.3585879033408388
936379.0,-0.40947048786757523,-0.06060110936099883,0.6740498202931429,0.7598776044959306,0.3652255630757515,-0.3032603420047706,-0.43638650894267594
936380.0,0.742352337996206,0.5427011841223615,0.9120666955117664,0.7223936156605613,-0.2933706495414543,0.6658503516575256,-0.3720200219709642
936381.0,0.14154087680649852,0.18912287804746253,-0.82914431852331,-0.38991752671657487,-0.6899217371325377,-0.4591939648483112,-0.6501202678669802
936382.0,-0.030116925690014895,0.8952347124594702,0.9412486000596583,0.15856094428130785,-0.6451467143469296,-0.4623257529821214,-0.8212844987735204
936383.0,-0.7943687860216062,-0.8741261057079062,0.2624087387096923,-0.34017617269265354,0.5056256709618288,0.04708277134347205,0.1541825947682005
936384.0,0.3376372202996729,-0.6485732160892201,0.019148059233411452,0.3309468584421926,-0.7743443285376557,-0.7322840802261785,0.2604255982853467
936385.0,0.9365988195054276,0.29166862413271644,0.33628205694251734,0.9609681345196419,0.806519447178899,-0.69114677791532,0.6026438582450342
936386.0,-0.720152112075156,-0.2351270891009165,0.25670266736117675,-0.329432162439365,0.7666821924252067,0.2179647496419379,-0.0731282863259437
936387.0,-0.47974057093923306,-0.3274357105136889,-0.15979334809513568,0.793881922353205,0.7674404882681087,0.5577954916064385,-0.18384493673608726
936388.0,-0.6903933513304554,0.18433282941221707,-0.11388752441220107,0.7351103090334792,-0.7783519971678792,0.6095372267039387,-0.05231339179052741
936389.0,-0.03173534933573219,0.08207449522976451,0.7139477283985662,-0.31620910663458535,-0.18863756670879783,0.4794834512029216,0.40268608002957773
936390.0,0.9089375182645592,-0.3845272704369518,0.2646445873847627,0.34291612322844167,0.8836276868756008,-0.6923717709665813,0.13548565555820713
936391.0,0.7447418596419635,-0.44995873492704597,0.9142911873853328,-0.8990243573989503,-0.12554764173209532,0.4207202173911837,0.1239663239018467
936392.0,-0.2789340320473195,0.9879710567598072,0.26936610308471143,-0.7567363929277477,0.057426821677335926,-0.5181483152912691,-0.7716493077653555
936393.0,-0.8179657412312278,-0.5569913830763948,-0.2796672759815855,0.29701859814220266,0.8458405684787138,0.7469351434985947,-0.8085132761477822
936394.0,-0.6969382253463261,-0.03661203997355589,-0.08576716664455741,0.4623337858546903,-0.9357810730792726,0.7690717478710627,0.699521029371218
936395.0,-0.4408106859371821,0.7038092670763474,-0.3584793083126263,-0.8137154288274089,0.5686637924475093,-0.5795325899420518,-0.33362002901914556
936396.0,0.5538100031451736,-0.7262452339371006,-0.9850663573396194,0.08616547202118463,-0.0842832820424475,0.9997257947178335,-0.0653268995399523
936397.0,0.7465063516440893,-0.23181065364198172,0.5134165138430999,-0.6990403514665502,0.797773900146316,-0.07713033448672668,0.7651531445099293
936398.0,-0.04653296704037846,0.5044380841430998,0.5639740992180782,-0.0443291127432206,0.20178487884820928,-0.5049057253822604,0.08149418859621615
936399.0,-0.6528107892051347,-0.8810104548393172,0.8519565244110769,0.8901854238045133,0.41185808646678645,-0.3862457955365912,-0.32758616505359606
936400.0,-0.3759531707102328,-0.21061829211729544,-0.6869480704529793,0.4176847706202669,-0.7745708425528435,0.27218170091963434,-0.6019685758705147
936401.0,-0.8669763679480265,0.7396728173464362,-0.10766067106332677,-0.3091939746101602,0.03959451700591465,0.32223869098833635,0.6661154396571374
936402.0,0.7798411997046513,-0.7890775457193475,0.46569167533406985,0.43637771368870615,0.0806710244467832,-0.6114224026066699,-0.5289391777517634
936403.0,0.29755191343591036,0.3443956863929294,0.4503608886907542,0.8821111646762934,-0.8993493461840476,0.7821238232556205,-0.12771317535147797
936404.0,0.06972863122131678,0.6792646135934757,0.06817895992349055,0.3039108391174281,0.9469275012775147,-0.27649251456032076,0.337642085422021
936405.0,0.05142931240565529,0.4250139777972821,0.08469650169403353,-0.4492530305713729,0.4936589068015933,-0.5803215362360417,0.17233986881398433
936406.0,0.9103121485087098,0.7628611058897725,-0.30014439163458895,-0.10124166873886353,-0.32747843099069285,0.5871481908449492,-0.8383419089381745
936407.0,-0.7549112528952886,0.41349088263931355,0.07145956296258937,0.0867987798562424,-0.017584490657634566,-0.27795795520390354,-0.8472908143253359
936408.0,0.8688951261350542,-0.3466637540739068,0.9804562898891407,-0.36478886161983404,0.7782469754577985,-0.2066253345806932,-0.6984552513054112
936409.0,-0.5886661805018627,0.6297739426151128,0.14968219092452406,-0.9945955629453218,-0.9080991266836198,0.5456543692064917,-0.8094202041486356
936410.0,-0.8011648047732103,-0.562115205649895,0.9616954459258087,-0.1982672496361011,0.14010983627247509,0.4297740015035698,0.06819632218506921
936411.0,-0.4492240245404906,-0.2973165402967486,0.8306952199841402,0.09171882314438062,-0.11540130129647785,-0.9533621245064108,-0.06648318990461899
936412.0,0.6955709821948457,-0.08409534259738294,-0.9279514620355103,0.1731599433207851,0.29873105597560934,-0.7823505525188466,0.13005548692451652
936413.0,0.8814886168716058,0.5167781048161437,0.06761775552789251,-0.16384079239971094,-0.20858433259378528,0.27212997816315365,-0.6872661072114816
936414.0,-0.03563218477013175,0.6197122433531379,0.34385528117542186,0.4891797818740513,0.9608717126036923,-0.1560760264252561,0.9268699051222871
936415.0,0.05133911108700229,0.6879536659148233,-0.22758924688073967,-0.3602267012860938,0.14177030630074583,0.6558836988471215,-0.8828244001310135
936416.0,0.6271705915487964,-0.5627148159402842,-0.14490856134681618,0.5249860321943252,-0.7521539239166737,-0.3379017776548534,0.894525061025421
936417.0,-0.9878308783408007,-0.4809318236060658,-0.5061595117740159,0.7965315647688556,0.9083760728890371,-0.4426448480140883,-0.554492334808139
936418.0,0.6571086310350795,-0.2525550541397501,0.6620112610325881,-0.18813069794267157,0.7906535320966741,0.5066958206699279,-0.9820337299362145
936419.0,0.12874202026582204,0.4183237844941341,-0.8005165434279582,-0.20848680149697008,0.9777648494160494,0.10140917850766695,0.7820590745865994
936420.0,0.14639512093872287,0.6646505821536868,0.43927408244728605,-0.052959113822538484,0.46826320351937456,0.9170248293812471,-0.44973282656483815
936421.0,0.11480146121886303,0.06484431277028557,-0.2779578906909421,0.5908376272119547,-0.300967982779069,0.3601363758969742,-0.48712093246004096
936422.0,0.9819621369694349,-0.023424196629316718,-0.37276162050044404,0.24253796027574182,-0.9821811603176105,-0.2568851645478658,0.37401096495929265
936423.0,0.8320546175844634,0.3070502148955281,-0.8027547192841067,0.10979198642090515,0.565989678714313,0.6402828563504341,-0.9694986737769196
936424.0,-0.9569245978778462,-0.9267675002942839,-0.13124611254225216,0.023434439581835775,0.6027645335964169,-0.9946171188321657,0.07132398767050963
936425.0,-0.33002974033290555,0.030910555854185118,0.5501919523499579,-0.6366130465657429,-0.9111207463536564,0.9274050956020752,0.9261106521755571
936426.0,-0.7104081718132336,0.5790835861996273,0.1321132785911343,0.4291412576564906,-0.17138437710288823,-0.9022181122093387,0.3744858392253354
936427.0,0.994680353480665,0.25092710738863144,0.14981919231359053,0.7928068066514102,-0.14638559657376948,-0.843930578058903,-0.37106393699365214
936428.0,-0.8907446708983779,0.8549549939146703,0.24591774390792875,0.1339020477137458,-0.5235418748470788,-0.37567755987313034,-0.6755251839628078
936429.0,0.30393434893239,0.81122901847028,0.693619463545192,-0.6646316457939074,0.6666418898157092,-0.8428207037090312,-0.9341221241337867
936430.0,0.4139475334896583,-0.26144104784104494,-0.9703474672970027,0.6353963235229563,-0.701041648066479,-0.914511617319899,0.8866250053254936
936431.0,-0.560405897374529,0.14807996870844775,0.93058773200414,0.7291164368570286,0.7977578744705227,-0.11727860769913567,0.2089076540463346
936432.0,0.6013855848335754,0.9826609932247048,-0.7854412399686164,0.811300267638295,0.19250498637785762,0.8717583930275541,0.707443226466663
936433.0,0.7669866223866773,-0.6845675458701006,-0.8698751907509816,0.8805750959331926,-0.13052423291425597,-0.7026766665938629,-0.46563357057977695
936434.0,0.7688338983121488,-0.9390819237776822,-0.44755210110666277,0.36558867958896735,0.6264539191812457,0.10334878054675745,-0.4418640172759616
936435.0,0.027656897944356995,-0.3171526295334337,0.24976846686552223,-0.34826377313047585,-0.5083304549009557,0.6084096797968939,0.07742855022037864
936436.0,-0.9246298071468066,0.00733395164692241,-0.006863379536971914,0.006973895669977637,0.6501513938828212,0.7314097590818904,0.8508087130777711
936437.0,0.597896656548095,0.6257615394733445,0.6597861630816411,0.9012771562124773,0.7415264788658813,0.5236236363510987,0.21964966653577744
936438.0,-0.9289290481521808,-0.0318860916753394,-0.6955910681498834,-0.05379922829220818,-0.6048174163638442,0.43728486144830625,-0.3592650204274044
936439.0,0.6577299806885968,0.9334894441960409,0.4943782294926926,0.045653809244071475,-0.7185499868408749,-0.003900724391629584,-0.24836441149940347
936440.0,0.2579173195767359,-0.9724984309527336,0.7458346439875387,0.8011703946207847,0.604108918259175,0.6611443543092395,0.8961552271853173
936441.0,-0.9577937424320062,-0.9287551385968453,-0.1561019148900853,0.36228215314244716,0.5010605759602678,-0.5085958036397584,-0.927800172240208
936442.0,0.048075544694080596,-0.08962869509147664,0.03138534592145481,0.7475247221645998,0.8652942190042432,-0.6276025682644675,-0.5778358855737706
936443.0,0.6668757750515026,-0.5664332138005166,-0.5782078267433102,-0.15352981914782338,-0.43082811220932116,-0.30451318311958975,-0.04376732289555818
936444.0,0.4790620140837818,0.9496249493602715,0.9146026971125942,-0.9282455589411645,0.751923611026422,-0.9687542158481137,0.1545339834894015
936445.0,0.9268475903067135,0.31958946756854223,-0.9818812836429915,0.13379530033202847,0.7064215926021902,0.9670098674845546,-0.7096085827928138
936446.0,0.4711015681549702,0.3223738760655823,-0.8338463680762402,-0.6269514136532703,0.9958059622918234,0.05849131375530914,-0.6209634313998167
936447.0,-0.1540342407090025,0.582375987396625,0.874602353625231,0.12280434576335386,-0.5745882296856897,-0.37258337791974694,-0.5161355354405892
936448.0,0.1909048403136291,-0.5108504020158593,0.43698155211744116,-0.015592021358956654,0.8532260767819628,0.6006910499199858,0.5798563095050111
936449.0,0.06049002255910296,0.7347882150627414,-0.603574151223339,-0.989661659093602,-0.4527017159891302,-0.49434633100913583,-0.3256841644923547
936450.0,-0.7875130174340459,-0.7218263049040343,0.03981116708712151,0.2559951943449452,0.0819071698572491,0.7767109038401856,-0.2746621405747893
936451.0,-0.41605280472583894,-0.9765668845329072,-0.35622275219324884,-0.3222509114927983,-0.5078335477775919,-0.1902549072496662,-0.7218276069933485
936452.0,0.44902805076829555,0.05368184750945426,-0.5095237922957694,-0.784513489276224,0.9897930506036301,0.8003229541298282,0.7596767350380884
936453.0,0.07599666963854346,0.5910065006501881,-0.19013146150769988,-0.23155951622903315,0.416496900518051,0.2975555816064146,-0.8959008760585088
936454.0,0.9615924768165416,-0.6192633965803316,0.8752202407281506,0.43290436678002386,-0.6806959415794618,0.9157914175052069,0.9254429974969973
936455.0,0.06728259823030469,-0.2973015061666413,0.0797489592271694,-0.6951907674308238,0.47203169310526905,0.05007915534755614,0.7123508212346732
936456.0,-0.29853005532884747,0.5522175139540382,0.5615983996237461,0.7836187875783713,-0.8160757269179677,0.24663896153358955,0.21020803182528525
936457.0,-0.13669376856403948,-0.9379039872611794,-0.8464986091292559,-0.7118589768903165,-0.0021849176909063406,-0.4345110821016245,-0.6978670621821013
936458.0,0.6275536712442473,-0.13887667123064107,0.3508522931156235,-0.4182700715960028,0.5076656981851517,0.3949677957454514,-0.6044582613078486
936459.0,-0.7930685330828802,0.5838549151465047,-0.7746281555940606,0.04581401732147028,0.7117885153757151,-0.9782776230072703,0.6581829222953381
936460.0,0.03811970126739861,-0.5806480212372025,0.34379524561292585,0.7738595373916202,0.951033541795683,0.9201406239311842,-0.7492401112569242
936461.0,0.8055496431549098,0.4570306057474942,0.39727913641391255,-0.11144073854604186,-0.4219794318997141,0.9190118346212865,0.27685437840626914
936462.0,0.6355374672184888,0.8705286893954243,-0.15829773596308971,-0.45463370974784345,-0.4491702989882005,-0.1552248977571431,0.7926290167665879
936463.0,-0.6435707694672699,-0.7802602405950052,-0.48630008138629965,0.08484228992452669,-0.16755134977381947,-0.2820450376655732,0.4822306513993153
936464.0,-0.2703035102477922,-0.6296670552077968,0.009606405782914829,0.959721632977969,-0.5561407360004564,0.8185142583821303,-0.8547735894441901
936465.0,0.7626053521374931,0.12109658585778771,-0.9036952018864628,0.8296418312062321,-0.4269095175421085,-0.35654093694087985,0.45380032689143635
936466.0,0.5945637777444341,0.9680862656437115,0.8683708292395038,-0.904409551369584,0.9541075915013453,-0.16688556195671156,0.4742281545408942
936467.0,0.6029158879379468,0.3548410110845419,0.5221713170378206,0.7389179738754099,-0.4152372518646601,0.5936838311161576,0.7879024568300377
936468.0,0.26223530654318905,-0.21653760331769,0.9176698386374869,0.734250413014744,-0.8718250747783987,-0.21441832757362067,-0.7408483292203776
936469.0,0.8363721284377774,0.2758734382148933,0.5411370858252325,-0.1414788059125316,0.05355132506720417,0.7906321752105283,-0.22304947595290736
936470.0,0.7250374782598836,-0.704857888785964,0.4336719255769852,0.640967213585049,-0.5009960078742866,0.2247466621816483,0.4225241392917458
936471.0,-0.1348342092136059,-0.5459658938996956,-0.9078620676555353,-0.4906876805075844,-0.5049506651099998,0.8302970975510426,0.284969650299983
936472.0,0.43807081422466476,0.5116864103341687,0.6594950994777404,-0.755882102791479,0.44100261628900905,0.9851208705217531,-0.14490889984799926
936473.0,0.5311051826423039,0.9482969112801645,0.15498211988273902,0.5269367549133064,-0.6190026090251981,0.1752189555142376,0.5533588233876927
936474.0,0.48182092342062965,-0.5898429540431414,-0.13939629540174847,0.9814715862091195,0.26745388111989277,0.43782058222940345,-0.8973891000100602
936475.0,-0.5789181721653616,-0.5342657587420634,-0.09104021567104348,0.7315661645935556,0.3593301890489353,-0.4205296379195129,-0.7309315192724206
936476.0,-0.6750597988490221,0.19928470042595436,-0.3938297562079125,-0.43251108762101276,0.4863000030875686,-0.6876706092863312,-0.9951151784581995
936477.0,-0.09764210480238789,0.3352965093710245,0.23277632263416725,-0.7498978357886092,-0.9843977490802434,0.24545357925067512,0.5552918254731669
936478.0,-0.2534056832797813,-0.5745520047129353,0.7580808340105338,0.721003143532861,-0.8270021729467198,0.9691955625683626,0.7241405484737928
936479.0,-0.15915093598463637,-0.6587316016683797,0.3741184480679516,-0.616203954190021,-0.4616676393190402,0.5037435719787868,-0.5826619906126211
936480.0,0.2886865792909259,0.42788452384543274,-0.15667458553935654,-0.923551397306607,0.5407588931705745,-0.27238533655690245,0.9361026452850183
936481.0,0.08785968670998034,0.575708706037027,0.5182144948264391,0.8165255590017197,-0.9371302445502345,-0.6252279002605443,-0.9886739658455579
936482.0,-0.7028459380131611,0.584695639593543,0.41699941226479664,-0.1484017747694264,0.5498181550044954,-0.09484634591368235,-0.6034471252265572
936483.0,0.823610106074369,-0.7714694743024746,-0.8236245771648301,-0.3865385201111351,-0.599037165061808,0.18629831097208593,-0.2746405022881482
936484.0,0.8504187662532434,-0.2617987521115055,-0.7177896855747423,0.004884741263599057,-0.4848009376044202,-0.60336738932223,0.7221846311897269
936485.0,-0.7446543307348972,-0.39585524906958436,0.6906218667583106,-0.05019406313417285,0.8974857922355413,-0.4825129729622608,-0.43404997633359543
936486.0,0.6239076893515383,0.09827727942484232,0.4811890538385657,-0.2338413481483157,-0.03923118798277381,-0.04862316471657935,0.4377171338066801
936487.0,0.8410668887188093,-0.27635709499536865,-0.5007670170926879,-0.11739862760277586,-0.5031805327547278,-0.3332566718789318,-0.8926697379051916
936488.0,-0.23393161694845865,-0.8153808205698514,-0.15763545727002715,-0.4842328237296849,0.4796347751049428,0.9337517486938192,-0.04524840021788923
936489.0,-0.3436143822382829,0.9176352701451087,0.6291229723002996,0.8640900562031517,-0.17548729894740922,0.23560805839052512,-0.6010056154210668
936490.0,-0.9598676806940103,-0.3147854199698479,0.9836334106710254,-0.801322843799738,-0.8822006991561249,-0.281440129546487,-0.10930819145388004
936491.0,0.49501218412135906,0.36481212393455253,0.24248762932744472,-0.6016040197111172,0.323810503711915,0.7674143488717722,0.3699454809061251
936492.0,0.40486797456068246,-0.2633103779563126,-0.7786567732322214,-0.9324123650900789,-0.321081541419999,0.3573236853289461,0.09011091662466919
936493.0,0.8159792937541159,-0.08546913745044571,-0.18847799211423744,-0.6760153326616942,-0.3281943018464646,-0.2838577692405224,-0.631059532773925
936494.0,0.23417461840820075,0.28404594415539486,-0.16550882501159325,0.1904890333120568,0.671093607786275,0.2566470694200922,-0.036549620581076914
936495.0,0.44923263649025236,0.5974324621131095,-0.33700522758206364,-0.809316455665918,-0.6404591132869746,-0.843320080587395,-0.42527087009982534
936496.0,0.3597491078976327,-0.3192080203213883,-0.6308771940389608,-0.5495321378434983,0.6575498450184984,0.20223079692999613,-0.7202535278659663
936497.0,-0.03704571052158423,-0.14717702191126159,0.3523423778527748,0.29736918062965345,0.38190208199707176,-0.20443042886045482,0.5053908870329604
936498.0,0.666718071727961,0.01948299302438805,0.09842995006275479,0.9526888795240869,0.8234822888430218,-0.4484962331121787,0.02971142460720433
936499.0,-0.9609799687044693,-0.39300426986016035,-0.9502531145349737,-0.805009219665483,0.09193105232539445,-0.535419941341067,-0.7511801684005031
936500.0,-0.7582030872324204,0.17877652623898777,0.11498766092250579,0.6490984888726656,0.3516814473469083,0.9333411158764495,-0.7625727675511609
936501.0,-0.27391469990614836,-0.0114092532726624,-0.6998579177515099,-0.9962733311813545,0.525883110569896,-0.1909669019332365,-0.5753785846810942
936502.0,-0.378179500031141,-0.0005652348834446208,0.5647058988299423,0.650598608464835,0.27301052884663135,0.6706252518777971,0.9052534455116927
936503.0,-0.25177735675067203,0.06050394515407387,0.803010210508037,-0.4650330636226161,0.6987159084068946,-0.014950850803169269,0.2874136295935652
936504.0,0.5760232203040643,-0.09179858264669138,-0.9870360558683613,0.7570412540471347,0.2849352551050195,0.67809768146796,0.6674302229250206
936505.0,0.499948063271489,0.01905901074193528,0.8292383954599925,-0.18343894952579087,0.15105488442449344,-0.5853067727736048,0.071114334010842
936506.0,0.3543722522588142,0.4624831740915636,0.5741930898052878,-0.12823940454295224,-0.5677424768157,-0.1172483633264303,0.9754047993728672
936507.0,-0.15289302805889915,0.12950242358497466,0.06046346992292695,-0.4707379772975553,0.22314012554418272,-0.8145638170866993,0.5862514746458152
936508.0,0.6556311970239772,0.07015328306071011,-0.5676975647297544,0.0978255081705921,-0.35339194462830825,-0.17323769680677592,0.052764530775244234
936509.0,0.16803182985825504,-0.9106691507140103,0.9031945158703203,0.5644722280042109,-0.09566461830757667,0.7116481521762508,0.3047401832381347
936510.0,-0.7713784241922013,-0.4503601543732103,-0.7219125100145978,0.13036046333704432,-0.23384412817928069,0.34789159809419323,-0.4022306472099251
936511.0,-0.12429985434127344,0.13507970713047723,0.8592347652949737,0.6824073142507208,-0.618206215668234,0.5714893236850271,-0.7338450186618148
936512.0,-0.14718134282679252,0.9663458579958741,-0.9881794732633045,-0.35165650430900874,-0.6475647499075172,0.4231502042518611,0.015615421829978882
936513.0,0.8441166707745642,0.353833818986393,0.11703435610891089,0.4326352555547668,-0.2173269631364576,-0.6898902748727587,0.22198881693752726
936514.0,-0.5249190682757023,-0.967593050819175,0.7335945652422231,0.8157285456483556,0.6938642418299168,0.24321641800734706,0.270750229355333
936515.0,0.9777272196018967,0.5074433814087382,-0.4511358714459157,0.2669712532185027,-0.16050073085908712,-0.1860919769444811,0.5718695254551129
936516.0,-0.9005585260579032,-0.10313472450018302,0.1209009134628507,-0.4514589511928935,-0.32956848160368657,-0.1964374270564473,-0.6341146980200589
936517.0,-0.9235297695326179,0.37678974278861643,-0.8600693155826045,0.8966053086041683,0.020137430862533723,-0.9640013412376758,-0.7760494905461155
936518.0,0.24353170403490698,0.46971874024557114,-0.5799882504136047,-0.6483916606141402,0.9735565115666602,0.426845169396711,-0.4562295739016977
936519.0,-0.9972494971882875,-0.45414964757307996,-0.8125751961049976,-0.5658558129099345,-0.010876636299847586,0.6907082659829711,0.9183606517806042
936520.0,-0.2528545371890405,0.33114619626675346,-0.9057622248757395,-0.017084815672117948,0.24637144428451907,0.8334551021676075,0.5140543828232194
936521.0,0.5563580030014361,0.6825724247469753,0.7176300606696011,-0.19173886989794586,0.5792483121661844,-0.46608711059869723,-0.7979901198674679
936522.0,0.3501350939144865,-0.14988358334955976,-0.17754280306788894,-0.12868011528869672,-0.29814935682134047,0.6683984369450335,-0.2246682548676111
936523.0,0.8497158110189986,-0.19398165958961688,-0.41248109912678776,-0.2958432647187119,-0.6254360206652538,-0.49820365311383896,-0.30439435900068945
936524.0,-0.22948520662992622,-0.24927760352456718,-0.43074125632328,0.043593317733219505,0.04134914141040147,-0.3020658659163087,0.8615280704788404
936525.0,-0.7648499267547051,-0.6251768203325623,-0.42678075447235186,-0.8602878483767777,-0.9908647747328951,0.24539776167881255,-0.0987819232813254
936526.0,-0.04579575619009679,-0.20149561610725386,-0.9889952890172706,0.1326121028859233,-0.9985158552988622,0.19981043517079455,0.7866357074166825
936527.0,0.29600703745268175,0.37475908383808787,-0.6630743267895398,-0.4114726963834252,0.016401147356359225,0.5121418369225454,0.27417131131218486
936528.0,-0.9651806488605388,-0.28572185272776074,-0.10196506508990799,0.1870639696362748,-0.28088768405561515,-0.9495628097668436,0.5770156461947322
936529.0,-0.9236550911194956,0.2731924498004712,0.8280918709205756,0.9539729621175164,0.18415611606250648,0.8347968938925294,0.09733981373472123
936530.0,0.8395442969357629,-0.741323082979233,0.7037529883067841,0.5069354056725897,0.1639337370614049,-0.6454638329482338,-0.06311259871468233
936531.0,-0.7305483466846492,-0.7137939368474688,-0.7241537605305357,0.06388116119683462,0.05323906742152951,-0.11130020095815096,0.44065425693169225
936532.0,-0.8391717862359322,-0.806439496246879,0.9062025225700769,-0.3244193826882278,-0.6003209246337735,0.07217709457034127,-0.3452245675633461
936533.0,0.6890957995391254,0.3511172218794534,-0.5579172385632885,0.3058298221938549,0.2349429740329434,-0.6545950455967839,0.8388769301467489
936534.0,0.6525210822132925,0.018525514731429382,-0.06658694710065705,0.6398771354158195,0.33809947842684895,0.29199854817140336,-0.9776272113820352
936535.0,-0.3793749698436384,0.5196909780018566,-0.27627966419651706,0.8433418986541796,-0.3061209645518761,0.6722616158587063,0.17514720973824227
936536.0,0.7465894875518204,0.6458728607058746,0.1727011534421352,-0.7718270152096027,-0.6080978611916148,-0.017837222142284226,0.5988223052749799
936537.0,-0.44374595601328104,0.31589238462658087,0.6568927884958053,-0.4167968445034511,-0.5927100890515065,0.6460554605058222,0.8836762036941133
936538.0,0.09962016978081922,0.6255847950998712,-0.3733605222337839,-0.5946693746284095,-0.13499062149797103,-0.12698881696766118,-0.1681705619567786
936539.0,-0.11077081058197402,-0.3057239907994307,-0.7571913236704559,0.3524471525865449,0.3759368038943045,-0.9153019134086899,-0.26835990284592803
936540.0,0.9620707121262335,0.9954335803857415,-0.32274685682581294,0.06804571000766702,-0.6294205258662895,0.07182308464234599,0.16819870256511615
936541.0,-0.9727514485230322,-0.34720232614379043,0.8779223510652743,0.8706848247302674,-0.355420677817772,-0.8890034004107359,-0.8988781000893851
936542.0,-0.01893365223877841,-0.35911672294011376,-0.04086379311043742,-0.7459356332850704,-0.8513508235919847,-0.7892983899675337,0.9958933772818774
936543.0,-0.6771036112978202,-0.6909204145281806,-0.14562256988967204,0.298019746878037,0.05818616449662817,0.5280248297548669,-0.2143898366780641
936544.0,-0.9843773014758068,-0.7395951899809352,0.2220804738568214,-0.9832073245441935,-0.911057226754127,-0.5451974117693954,-0.8606139598233371
936545.0,-0.6840778273987509,0.8728197585009809,0.7280249549407376,0.5913294889149376,-0.6886542399044142,-0.12368249281379473,0.34754992221269965
936546.0,0.7062500273973287,-0.7964621217574299,0.2198212829582391,-0.8919344151632129,0.6813220083978715,0.29579542280657733,0.7560656291829826
936547.0,-0.13705920582631492,0.011137448998493005,0.6404124684272714,0.39798396062734676,0.23373874319511478,-0.9354351030412453,-0.4648602038689218
936548.0,0.8237739353821694,-0.67078083359734,0.1566225343424068,0.24102858841319175,0.655384714242597,-0.6998076330454528,0.8155258317679692
936549.0,-0.15114853808804884,0.4595873089694409,-0.5971285594441609,-0.6060899104889752,-0.9870603527127138,-0.8195900036446311,-0.10871212114520823
936550.0,-0.044389390006761786,-0.1352119078346754,-0.41743609474796495,0.9540727238034414,-0.7738667777632842,0.06782574964004695,0.19199390718835585
936551.0,-0.1262169539841984,-0.7839075037013246,-0.3822568703470639,0.9265950183222647,-0.8157015563040544,-0.01891486645213769,0.03920828262667242
936552.0,0.02808332092876742,0.22854609693690509,-0.2273250712655055,0.5575828355457508,-0.34462314272416106,0.07540655172142507,0.2721687246772253
936553.0,-0.22406474611383076,-0.9329503566560027,0.174819674530462,0.2983315013452339,0.9281873941150303,0.9282688808772874,-0.4816380947351162
936554.0,-0.861062093970431,-0.8184097750830808,0.7866105843249953,0.9224322572944024,-0.7627694877009215,-0.17571342626450326,0.486125643956534
936555.0,-0.6830484719197212,-0.4866872210620561,-0.3289724468998769,0.6113559693304502,0.807310617646835,-0.14405527906976823,-0.48301024235249845
936556.0,0.30413374470482224,-0.14288859214046234,-0.4071518045556486,0.21733849001718863,-0.7817526195477131,0.34044437057241383,-0.37539784499302886
936557.0,-0.7345665276866857,0.4146460207382334,-0.2836543101759028,0.5332312038742149,0.6819468483800752,0.09502275572595997,-0.3806620611050453
936558.0,0.08521070713189638,0.8008217063399667,0.7337964557601522,-0.08582006763877104,-0.7566357105099446,-0.7583827255918811,0.25430095596693847
936559.0,-0.11341142527959835,0.6519986129600281,-0.1738308001111939,0.830065240007005,-0.3302917560456069,-0.438614484795917,0.9262967133475333
936560.0,0.6613039726777352,-0.9205235565044192,-0.30659522626773406,-0.22282750663864404,0.7174604907725539,0.25488745165469573,0.2999074147681846
936561.0,0.5013588903097599,0.9535974806195759,0.9744084666529766,-0.9552619449798192,0.3979041948550144,-0.5037656732149245,0.1285461064022102
936562.0,0.7925545870805193,0.18949118155905187,0.2115463496930725,0.9131405928202652,0.4813031181401175,0.11873365087402976,0.101252526919553
936563.0,0.32778222584977224,0.32282362532460507,0.9865823907653806,0.6809069577518572,-0.6094582996205107,0.34779347655849846,-0.9311557893437084
936564.0,-0.27163124033816266,0.030046806523815972,0.9597287227915179,0.8614284980393829,-0.603160491707748,0.6689139540766258,0.935874524095617
936565.0,-0.76735358271449,-0.9173697782979533,-0.7485954779728139,-0.20972708303659604,0.9768576558491231,-0.28297671406538494,0.7842165483719206
936566.0,-0.5667439215445276,-0.37034552150935673,0.7841688608439987,0.08795319753279118,-0.8207040701232236,-0.9463400095254257,0.7568666415739898
936567.0,-0.6876169613317404,-0.24843322982670246,-0.27867473001111454,0.5168051681885424,0.8100052182495241,0.752154123501785,-0.011902785936667826
936568.0,0.2955729778306522,-0.7749737068062437,0.844983270811219,-0.4875410998079428,0.7951563706944194,0.9324459201233839,0.7404918165688763
936569.0,-0.42750854808377436,0.04840854982844767,-0.49195575730521757,0.5958081712710441,0.23935866740720968,0.10266988663403231,-0.37069795535479777
936570.0,0.8151029368301275,0.874500107334186,-0.17352227085700234,0.9976397858850474,0.3389800473465918,-0.07386419949644685,0.460934136356274
936571.0,-0.149139852035729,-0.44710218300796,-0.9372661510796343,-0.19515031822699203,-0.6622903920328977,-0.20428375682117572,0.5203978760591663
936572.0,-0.5540910601473978,0.7719202446188131,0.9021548012664682,0.8235350310787473,-0.514691845484655,-0.4826928313940617,-0.5442283113818107
936573.0,-0.5739806818846362,-0.7040849445836683,0.8515710822412159,-0.8206268737375211,0.3868856574112587,-0.5982349118939336,0.4142436668898706
936574.0,0.8056017981944643,-0.4413209119232111,-0.42288021144336385,0.4008906951023947,-0.657965631267807,-0.43955270445426886,-0.33983073000351416
936575.0,0.42316511613557917,-0.6958523671201733,0.4378213772739996,-0.3149359796099469,-0.8055140571418185,0.38085734596579846,-0.06211467665776005
936576.0,0.4614931483419509,0.05045658104839901,-0.23089876989609714,-0.6238492030438243,0.6011468563186639,0.2791175478318664,-0.9499465426889044
936577.0,-0.9975728401194102,-0.9877971457507568,0.33296962289964105,0.59828728660334,-0.3487522206905691,0.9412126130802445,-0.5664943227076582
936578.0,0.756708264991371,0.037798453444577884,0.842568618238664,-0.598252881218651,0.2748586563211082,-0.7926806238804391,-0.5434621587441872
936579.0,0.03001442623785633,-0.318454382300176,-0.9003662612110297,-0.9046686628343152,0.05699616824840614,0.8427886802843314,-0.9527935089231947
936580.0,0.7049802776305512,0.08468702217954016,0.17574777423619148,0.7938549448594951,0.42096310876049436,-0.6520412199384844,0.24827888365337492
936581.0,0.08994301801659033,-0.09159736918631967,0.9444082079093223,0.9091630360943812,-0.6044903613655115,-0.08867096202280678,-0.6770551747295841
936582.0,-0.37551016307112883,0.10606528594445153,-0.29891096896425773,-0.7935594823780299,0.5758051361621888,-0.367101704122452,-0.7721131174766824
936583.0,0.2409920653913411,-0.8319010127436739,0.8712362398942657,0.9259675261669582,0.6069265631404499,-0.5802895225853852,0.6033898023872257
936584.0,0.39772781978549987,0.5738824475028275,0.8345367540098905,-0.5930450863638397,-0.8189002134597898,-0.3590153577137343,0.5252663991326041
936585.0,0.7160059762232094,-0.86820655156329,0.538090228521453,-0.07476952696796468,0.24899437173136096,-0.12271487506506795,0.4631895322024515
936586.0,0.845927775287342,0.2487108140797445,0.6219146156999114,0.344102231653286,-0.8829416998843265,-0.7217931788532883,0.2928755117775885
936587.0,0.4774996598780765,-0.706246652729692,-0.23629359740285105,-0.21791181235351442,-0.5228871220391051,-0.1797609662307662,0.032905963582048114
936588.0,-0.5105302379323946,0.14427049898270616,0.7581118258428823,0.8358932601331355,-0.019765607904053795,-0.5079126168590358,-0.7362428178676901
936589.0,-0.720188337269436,0.11421667468024022,0.09929567663514538,-0.19142651101010877,-0.05107020125419881,-0.9276627099112562,-0.8840987585767701
936590.0,-0.02187357916003907,-0.753150050569376,-0.6439141992968644,0.9759879389102639,-0.9889778684680428,0.11415343578183168,-0.8506775576593377
936591.0,-0.14307637707354925,-0.5326817045231256,0.9624325834152323,0.47673593500675215,0.6487025147948569,0.9230452737285737,0.49460041851464553
936592.0,-0.09495543174819643,0.5055988146908801,-0.07585786968863184,-0.17695338193577803,-0.9688432841759154,-0.18186471266596627,-0.8171899607763524
936593.0,-0.3511703714590084,0.19155186760772125,-0.42892902780468867,-0.07921481206439274,-0.7264182114291171,-0.03747800612345231,0.26260505570299797
936594.0,0.0008274943838251225,0.7180031677800198,-0.23714240717766955,-0.8051214563672473,-0.3814256429278313,-0.9806393824194295,-0.8612916578494956
936595.0,0.6257557646605065,0.9653106707126855,0.5606562822824885,-0.12780537112262746,0.7856627607932785,-0.9024516389588322,-0.4196089740495903
936596.0,-0.14204375303658345,-0.5116223047078825,0.8033784760200777,0.20697596230582538,0.2819639734469672,-0.29036471474837744,0.3261982499003242
936597.0,-0.8201652850565166,-0.4716975117348665,0.7563487498483812,0.8951962444368151,-0.3540372820663209,0.31581011426301786,-0.19017695026054549
936598.0,-0.6738117923117273,-0.6786991634349802,0.755701947931906,0.9515953912642483,0.6526180596751125,-0.32271243108201575,0.182066577081627
936599.0,0.9541503123156712,-0.46311224323608835,-0.21135789087977574,-0.36528745410276175,-0.05123597593671647,0.524383018788019,0.9301179932749017
936600.0,-0.19458600799988535,-0.034347992263545235,-0.8128294607890318,-0.3255316707485907,0.9917208545530267,0.5977510736116007,0.7049685382752566
936601.0,-0.04563838908717521,-0.9637201188218549,0.6766396883485102,-0.39047678799232166,-0.24701559450176624,0.8798708132626893,-0.9613583680355573
936602.0,0.655556580656286,-0.5914617753812539,0.38086473828930645,0.6996509940830822,-0.0227476939096094,-0.8221459472040418,-0.6348790335537939
936603.0,0.3308449335367041,-0.30376011255825897,0.08956023674757008,-0.28153805894316863,0.3358791564284802,0.935522352685956,-0.24730952867861422
936604.0,0.21600991316791895,0.9797822395333537,-0.5242277279624992,0.32340659053052945,0.12956745178358497,0.2233381834457333,0.8487805283778485
936605.0,-0.02272585560858209,0.2534002240717965,0.2509900639650089,0.6245611048092239,0.29432073890476995,0.22029419437409192,-0.2571573888737684
936606.0,-0.3181093311344707,-0.9759993668000246,0.3368734699534448,0.5462267432166887,0.30085020479060276,0.8277157681560965,-0.49133705073838896
936607.0,0.3694434672253517,0.4192946156200765,0.5497655882145773,0.38838628697691835,-0.7227745978881697,0.5395476775995989,0.07660157274260415
936608.0,0.25060281851168265,-0.5620464077653042,0.23828804241090928,0.9316234889323325,-0.193053607782111,0.3853106322003583,-0.2557677421209805
936609.0,0.9044091827252116,0.9938030712371975,-0.20078007294109335,0.5840035659791096,-0.4616300352361946,0.7021566583512326,-0.9394456356448944
936610.0,0.7336670241967926,-0.2775669815882331,0.03085220567871705,0.10316062544599247,0.9952001444020309,-0.9755420039058953,-0.6002056318184834
936611.0,0.028255322734051624,0.07887073930727806,-0.5207747837349881,-0.9736049236012034,0.1907973712041109,0.6995755957362231,0.7357223179038919
936612.0,0.5185370100072899,-0.9452468829362874,0.8929310437948803,-0.4488126722131842,-0.565517544979895,-0.03022974072869955,0.35479595900293415
936613.0,0.44467347869749685,0.21676481920104007,-0.5991007586750492,-0.6936291078037464,0.4950518747760606,-0.6064953317469672,-0.9880846956627998
936614.0,0.10031689344640116,0.376879084218803,0.10599934889045537,0.07761202405321121,-0.6631806864148424,0.8949784493021453,-0.5886021472900194
936615.0,-0.4149083398176876,-0.14827626257255178,0.48671393543166785,0.6826893836191701,0.45788917530078144,-0.914028648685786,-0.00769836186603623
936616.0,0.10137140052517868,0.6013937125303517,-0.703550601419249,0.2627295005418864,-0.36769858665588284,-0.1181545174819143,-0.08686571234013862
936617.0,-0.7552729071894959,0.13782449717300538,0.4280867478298074,0.3972776652680776,-0.8914953814656985,0.4667915349275782,-0.40758476704102753
936618.0,0.9054995957802647,-0.4592715648613208,0.8690998947052173,-0.7274284974623524,-0.45951378097281137,-0.41281265840387693,0.019247983247132838
936619.0,0.43133291828226183,-0.061535211964854675,-0.841034912776998,-0.5827538847627045,0.022251696741593774,0.997505571455533,-0.7312369331209172
936620.0,0.8450223123130107,-0.288946610648259,0.5011810661139446,0.049639055363580376,-0.9721547944135005,0.08224192167116984,0.8892760946691545
936621.0,-0.6820046308207122,0.5091591670241251,-0.10880873990978901,-0.43715346251595544,-0.8743090548240948,0.1991786983420718,-0.3193840544299964
936622.0,-0.036556943768869976,-0.9637589871453329,-0.4964802366107872,0.6463033512409455,-0.757028290001297,0.054604880345925144,0.20958500748269238
936623.0,0.2410014876477553,0.5482255361324206,0.5590142737429293,0.4990575327344122,0.44768759811884173,-0.03195649096281539,-0.97282806308544
936624.0,-0.5511723465827487,-0.19914266786204426,0.6993934890419871,-0.19295568174132316,-0.05621764473248092,0.005016274822656097,0.10614615885346868
936625.0,0.8496251463819626,0.1341825483601493,-0.349380073276792,0.3387935042904706,0.6997570513615821,0.148044380553364,0.7967446068567905
936626.0,0.47413021507772535,-0.844188192530646,-0.27302028188336336,-0.22561234115204498,0.1800853413888015,0.29203100621558975,0.856579919484389
936627.0,0.8138511551221588,-0.06492925773750535,-0.20380931346408726,-0.45493965516906787,0.34650081988878534,0.08697304171360143,0.4518496436086945
936628.0,-0.5759054967474893,-0.08385601858062608,-0.04371348107694728,0.6097119458002407,-0.7047182960595577,-0.5242346970102125,-0.6699964791971678
936629.0,0.4047694442424996,0.4106575354115152,-0.06237990496362111,0.7921911798284766,-0.7399479604005321,0.7006544830278807,0.3807954560944049
936630.0,0.666197241416119,-0.8235197602898852,-0.7926332307069532,0.10735540446271652,-0.7102278392771979,0.6607295139784839,0.050508590622029725
936631.0,-0.1716784425179918,-0.29766560820915555,0.5803619425669397,-0.45212573751745433,-0.24834932259079445,0.2508775654932591,0.09538948681539239
936632.0,0.06241633636182642,0.4771895237209183,-0.3103126200475488,0.5866943272125267,0.12457168961473108,-0.3487490798464159,-0.016714393092540192
936633.0,-0.9527210161887114,0.31186650956738116,-0.49677117500351087,-0.22888822920870977,0.5489471982127636,0.13783310001056504,0.8045698820046228
936634.0,-0.8350183937074844,-0.47245602888301375,0.9189122534606309,-0.9928813213678056,-0.1936140122886283,0.1471755473401617,0.7973558121028064
936635.0,-0.9520098287745893,0.055873907967937564,-0.8687186819955559,-0.2351346993442458,0.43585749154125963,-0.21615174369134849,-0.8607645230426479
936636.0,-0.3125608108550546,0.4273315909170383,0.9570341703239647,0.33964396333840985,0.9867937079900768,0.7041789783580037,-0.9865381015234584
936637.0,-0.9220700891808387,-0.9523903082298759,0.43418221614298314,0.27746489241683325,0.45563847708823335,0.8243499251743758,-0.16752167718566602
936638.0,0.5317549868962415,0.5968149574440296,-0.7414941312417946,0.7555992269216159,-0.3758172601906944,-0.6508720833219992,0.11759873821705957
936639.0,-0.6520777438654772,-0.7731486770676161,-0.5715393816648371,-0.21482503356904648,0.010185989038628662,-0.05552206574817076,-0.05251900226501438
936640.0,0.8849866129736041,-0.008219283965759772,-0.09675058644382428,0.5567090254721798,0.020247129992758683,0.5808455535921964,-0.7966019206125206
936641.0,0.2368902047236907,0.7741998829883174,-0.9449834058221394,0.4761999314472791,0.7706967782253733,-0.2466387087983939,0.95272804685599
936642.0,-0.8003236432177241,0.31206740820654244,0.16532182610969715,0.8070422329823514,-0.08317510791583471,0.6634154642519732,-0.5287997049998214
936643.0,-0.8836321245663716,-0.3966990429489319,-0.19838378790215971,0.6722519155645561,0.15544276782261557,-0.48836473875648934,0.05520909920113626
936644.0,-0.8847873613876638,0.19837656347372157,0.5742641893240963,0.5696492591650923,-0.19060190090609774,0.09202984384322455,0.4150952272961612
936645.0,0.02356969038650303,0.17973089083335392,0.21211633142985464,0.8254136258508464,-0.737048490285098,-0.3979109094405826,-0.8895688660763132
936646.0,0.10773135189843597,0.539128956366421,-0.9450544436488404,-0.9037024229139199,0.21884413645313128,-0.052766255423038366,0.24754135774367492
936647.0,-0.8955632485606269,0.6728428581917094,-0.20210475878288436,-0.778397151355186,-0.9915114728525585,0.08051134414496186,-0.13850857989582854
936648.0,0.2268571632179548,-0.0067315911952243734,0.7560244574792332,-0.8418749902954163,-0.8589413114221189,-0.9377254510861681,0.03014314046275457
936649.0,0.5985059537080311,-0.14363724762815244,0.09950701604940515,0.8816691977869204,-0.5718995343898245,-0.8035901920160351,0.07589628706457652
936650.0,-0.5475993465963456,-0.2326008897006666,0.7160320820228103,0.0462285959744857,0.3513219133737695,-0.09516928753912457,0.7638151372105941
936651.0,-0.7538606735241513,-0.5908443743252341,-0.8636568748015385,-0.39890607732110106,-0.7505771520384139,0.725689598047629,0.3715905064579119
936652.0,-0.1303407003240027,0.6468519052228048,0.9583730071406082,-0.40590143714352944,-0.23395160955206173,-0.786101149009532,0.5535953452246416
936653.0,-0.04960748536828663,-0.5085006046213161,0.029389621176251435,0.7373934571609015,0.7257032172967823,0.6966646026998375,-0.07498984135605236
936654.0,0.23367653810593914,0.9487840578684141,0.18818896930638696,-0.7544578085157898,-0.7692875023974122,0.15581960279517548,-0.9528078718482267
936655.0,0.46505614163878684,0.807453367700218,0.6875613961298219,-0.37162745611822756,0.5934178468023488,-0.9329337920235068,0.2728897085288664
936656.0,-0.2542962449683368,0.5809374598408619,0.5214514079275854,-0.3949494219192713,0.9022327546943758,-0.5159546655069536,-0.7576028590433508
936657.0,0.26570779993310567,0.8345629394867791,-0.07440946841269414,0.5261537327325694,0.46390887163467576,-0.43411134423770714,-0.5041673618926905
936658.0,0.7707656001488181,-0.07644072751172826,-0.6995243680284642,0.6997319611141226,-0.450424256690394,0.4866878404087598,-0.17957798879714293
936659.0,0.6733434954404176,0.8023726857334046,-0.32512628152891576,0.5246321671855483,-0.24115377594726217,-0.2393207082773814,-0.40798308437766817
936660.0,0.3778242111070689,-0.41482399141190696,-0.0770275184682494,0.0775311678426105,0.34700859042846943,-0.5816786444124058,0.8100769709260531
936661.0,0.43348729909883743,0.3898245204144264,0.4341892887741148,-0.47882860153389983,-0.09437662578276695,0.42638005438277027,0.030979818304896156
936662.0,0.7384177635355094,0.9706719882587023,0.47923171674671283,0.12286505493619404,-0.1702206750039179,0.09173600521744985,-0.6904642354585491
936663.0,-0.8764224909343652,0.7964767231789271,-0.3178136524321702,0.3271200218332131,-0.9219849002438039,0.14230337214887623,0.5509189818655169
936664.0,0.9092621586719745,0.724481230730041,0.1581526990508202,-0.2889197569875175,-0.3131318793766067,-0.037405188743801165,0.4964422438004781
936665.0,-0.7490830023963795,-0.28501944862112616,0.5367747130929812,0.9749900524458428,0.15956607377539234,-0.08028845270648377,-0.9662613527444732
936666.0,0.006835955289593798,-0.5178108225295475,0.9575462100973435,-0.8478261889994945,-0.11592551817467811,-0.900393313980375,-0.37671409312197945
936667.0,0.04344607048732496,-0.8134997376687993,0.0971091282695058,-0.036993841033328145,0.3603857441100242,-0.9821230592724592,0.4354478025291719
936668.0,0.531463917951869,0.1676996388864882,-0.12315929130131087,0.030037215680019713,0.7535532946927033,-0.5669338704998739,-0.6400180797079031
936669.0,0.2229971696431048,-0.9088833159117335,-0.4374177608395031,-0.134388994655678,0.8769822282278559,-0.5797860146579665,0.3716005080434197
936670.0,0.6859752180246017,-0.24281087410059898,0.8218342765024744,-0.4498246732837803,-0.3940251157882686,0.7803605248811689,-0.22724075407918565
936671.0,0.8013479176570937,0.6881309711933923,0.744480554704227,-0.1460006277004453,0.6366719820056408,0.8388994603749786,-0.3327907719096679
936672.0,0.17995267286670114,-0.3422623434421155,-0.6359130739811616,0.06255856698431317,0.6524487671529682,-0.8820196331077153,-0.7156910590319481
936673.0,0.9422153892397231,-0.0798894131656116,-0.6644153829108501,0.6266402745085289,-0.5880866354819283,-0.8119975559036883,0.08467825657716777
936674.0,0.19320374374686233,-0.6847347235735877,0.8099654542408112,-0.20311459256645747,-0.5515153676450597,0.4854958044136184,0.8263418969808256
936675.0,-0.9576627035401377,-0.4519950054541402,-0.8188590393786079,-0.8279947592869374,-0.4696413421087373,-0.8491891658590329,0.8912487631653692
936676.0,0.6113936284613983,0.7203025364211675,-0.7098267180954565,0.8904633668998665,0.15155553521885778,-0.9966755990524894,0.667924758171685
936677.0,0.6427617186888506,-0.5465443627898914,0.12124458813556083,0.43141047031153823,0.6753665169860272,-0.2794139687516837,-0.15735690223862742
936678.0,0.33444802036439336,0.7233281684065065,0.40585448227006005,0.30179283242724675,0.4610294214964483,-0.05897526037461853,0.02442103564289111
936679.0,-0.5459142086494853,-0.07865566377277355,0.6487934934234749,0.23958777343574322,-0.7879013239808297,-0.7358894599999479,0.07416434384324333
936680.0,-0.6207871698146652,0.37824046983905024,0.18460337936821136,-0.012126137846169893,0.18894898462214638,-0.825362727028355,-0.9947064473840252
936681.0,0.3500184336271761,-0.7918743678826445,0.640088659022449,0.9424476988166757,0.21156438315855053,-0.14052912772961812,-0.5291999217659189
936682.0,0.6281090355318215,-0.30228213317013775,-0.993905598696041,0.1515778160619743,0.8261559457894316,0.02375064515418268,-0.06580397340507016
936683.0,0.15476306509320792,0.12874325551576216,0.5612992801103858,0.9158594405661289,-0.19441572347183156,-0.2604910251663364,0.599199522907472
936684.0,0.4864679123991218,-0.8471889495790117,-0.431850975238925,-0.37233896667576305,-0.9078749024128672,-0.10966428187542365,-0.3450400081754328
936685.0,0.6142980856918414,-0.17426697604421593,0.39459855981519265,-0.7779645299100377,0.09073948103956941,0.2786725121507141,-0.8269516188993347
936686.0,0.9376422452173612,0.6047287867475257,0.9844618303468045,-0.57904456039289,-0.21765098338007038,0.3334819718286737,-0.6283666471508607
936687.0,-0.6381049595645005,0.3897770842812429,0.9313331218197856,-0.7457228976843626,0.623149109706814,-0.9941509920864282,0.7186157341596044
936688.0,-0.2938347058914115,0.6962102026224022,0.14599697737780404,-0.9967355539672478,0.6143627812535766,0.5812480667690341,-0.7220514204443873
936689.0,-0.7815240237923207,-0.2674881112367309,-0.7287128265020268,-0.3385330520454102,0.10561400957453082,0.5879641513623117,-0.6559302480537972
936690.0,-0.563336617034327,0.4543548887103195,-0.4199479266770114,0.6051191968798519,0.024512659879829535,0.9299535222374875,0.3841955024665227
936691.0,-0.34379136607981065,-0.11397428055696146,0.8346854344191614,0.5773655992904603,0.599273888925399,-0.9606818121942606,0.8703533805091253
936692.0,-0.09575412690430807,-0.7869569963022625,-0.266326798063242,-0.024283465251608183,-0.0127775634114633,0.7528251594125281,-0.6247024782037494
936693.0,0.8556295927454414,0.8222994753068911,-0.1625839870212198,0.9921212708041256,-0.5043101283297216,-0.39991106247002683,-0.6972185458762508
936694.0,-0.05925241237266654,-0.438219989344351,0.23595216916315542,-0.24246470535642195,-0.45623628783161463,0.7098870362409391,-0.5669203712008977
936695.0,-0.6487737098695623,0.7767498579123213,0.4383494947132083,-0.3050222464847563,0.7865649087623634,0.15167645931946905,0.8609448645033815
936696.0,-0.0268623582246994,0.29602548029319076,-0.6299869025360454,-0.008623649020603086,0.047496587252704225,-0.3093560740385626,0.9029777613586176
936697.0,-0.04081198550742271,-0.4158208982732181,-0.2763275440540174,0.2342145228441468,0.499878735998051,-0.878246741699723,0.5665863622873684
936698.0,-0.07728653778279626,-0.5082714536127355,0.6564428028230982,0.2861672656635199,-0.39105797739318393,0.9694550185582864,0.9581026860768673
936699.0,0.12930416543371326,0.704624839861062,0.6943473548635408,-0.12007830133567299,-0.8660271217251441,-0.6422533898094189,-0.008085582259671487
936700.0,0.8243917505202123,0.649877370211837,0.27581176783941874,0.1416999071886711,0.2043349459401862,-0.34698548148503594,-0.6425104778125414
936701.0,0.6325952543501319,-0.8375663130896871,-0.9407775863584604,0.7122184768223396,-0.2931467246031565,0.16842838721300102,0.14857608951309054
936702.0,0.502639516117263,-0.09921613037479582,-0.21901550641526168,-0.9156347621781402,-0.8480025995449791,0.021257553487545655,0.5346398510631543
936703.0,0.3871054371287441,-0.38136069519636195,0.590629155060292,0.8882841102860037,0.5585031044929258,0.2048510245407893,-0.041362539564322676
936704.0,0.0338100417279672,0.3978606852016706,-0.5016662102908613,0.4163882290088008,0.8927248848456903,-0.7262203926386164,-0.6309076430847838
936705.0,0.7293427104521992,0.4008184383846596,-0.7653672821558948,0.32643417614165404,-0.16837462508323142,-0.390178094575484,-0.8463983291215873
936706.0,0.9769723402006845,-0.8749099791645443,-0.37567942931411125,-0.25541770652831763,0.6289122268777989,-0.8274474503497198,0.14302053499277068
936707.0,-0.7145116507272602,0.9594228577341437,-0.2989547917854234,0.7306477100104554,0.05380555910992846,0.4479573207485916,0.6958017841566984
936708.0,0.9351197989229993,0.33703850386684486,-0.26268283038857065,-0.4997598369453293,-0.9509524225230865,0.9689666939603025,0.8533940531489237
936709.0,0.9570426894790145,0.6209164455511462,-0.8489594603473862,0.5236015548117987,0.10790920773939838,0.3723760342889153,-0.8142111490811743
936710.0,-0.3299072418405935,0.013923658469176425,0.09888424387760164,0.6233737094199396,0.8780569839927794,0.8768282091848987,0.8443502252988448
936711.0,0.7688616194445179,-0.331922680194781,-0.4897915922045426,-0.796052968874329,0.3107160480350484,-0.9715172078549013,-0.5096934760643661
936712.0,-0.8419920068187545,0.47529286165598816,0.048060964536216444,-0.001615920127219228,-0.49656771713113956,0.6195067457977899,-0.38121294213416745
936713.0,-0.1089165753554946,0.5197884177077658,0.1582229225488263,-0.9946558060847057,0.10314297729367516,0.946277833499426,-0.6714441574269332
936714.0,-0.9513149628134181,0.06662664707023458,0.7142715451687274,0.9196096474062576,0.0824907476414316,0.6856016944214613,0.9067573310355754
936715.0,-0.15293088471584526,0.24671096574827245,-0.062125164339436045,0.5753821786413409,0.5487509480587869,-0.9193621782548218,-0.9682734863671516
936716.0,-0.024453117138421243,-0.8896743500853999,-0.6184740462779645,-0.41760761814609415,0.03403123110515738,0.4665468181296768,0.7765912797896515
936717.0,0.40651878840130906,-0.5600170578870889,0.8868230959274372,0.6000907386338938,0.6896594918553307,-0.39833351696041275,0.6839271978684787
936718.0,-0.4352823028737616,0.060092565554063615,0.1479944156195141,-0.9811259216453212,0.21086135630071356,-0.03473748055528336,0.9494566436243084
936719.0,0.4588713221054541,0.9276476636712063,0.571127033554006,-0.7498965337955539,0.4914778504930901,0.22076607610537824,0.03936286871040284
936720.0,0.6225604655335142,0.5990236022825917,0.48506271994215355,0.02690442924143155,0.5870118875819856,0.12300751475851013,0.08868886155658928
936721.0,-0.8244378852964085,0.25327920260969705,0.2673360771848663,-0.5313201059412485,-0.18972703828207216,-0.9700615135275146,-0.06022090572620997
936722.0,0.18751628425036282,0.45690648347531004,0.12154992967367129,-0.7625659361568522,-0.19472223654067666,-0.9278476009202392,-0.22978504801940391
936723.0,0.0876293775064616,0.6050742212881031,0.3129328962041402,-0.8215132652613233,0.7053468366095821,0.9209219922045053,-0.8456189317289016
936724.0,-0.4340255575016738,0.18202907081252273,0.743533782523778,0.5215218776172366,0.10997814207431267,0.2787373226434906,-0.9619740287416647
936725.0,0.3687718112501637,0.2993050087291085,-0.39412228205354216,0.45583448867162746,0.4576961248140581,-0.12612054579610588,-0.4636538870754421
936726.0,-0.028697391522575444,-0.7200040132478647,0.7519416914288057,-0.02766052496801663,0.8085437848574919,-0.13467088558113982,0.4046538245241915
936727.0,-0.10069410042612215,-0.029467355725034894,-0.6424611496890915,-0.7162403435832128,-0.8750319009178922,0.039727697473382007,-0.7905041206408874
936728.0,0.6203181443294568,-0.0994251355750766,-0.36550240302841286,-0.28223759525889935,-0.7705384197778116,-0.6872411563678602,0.04340594185883795
936729.0,0.11403239190157533,0.3463847749264568,-0.37839392930539284,-0.4719581588545121,-0.01540510471569001,-0.6266447035202511,-0.4143764876401248
936730.0,0.9907261495830282,-0.2763601235122688,0.15319238291183157,-0.21842489410258148,-0.08826593885884382,0.6076005969724103,-0.3765948209119241
936731.0,0.5306715443922796,0.3500031146890412,0.6019319285525595,-0.380594469546673,0.015535102450831229,-0.1324385534833099,0.10845777704834214
936732.0,-0.14187557062607614,0.6764058517424147,0.17651954056158847,-0.7808974403125235,-0.10335646140160093,0.7428001652373579,0.9401908972036843
936733.0,0.11927545004681361,0.5625408321104763,0.2423802514801705,0.703468268376509,0.1814747994382202,0.7387266962601764,0.9452899992916959
936734.0,-0.5452214396441064,0.5786827105324512,-0.2351743673974176,0.20995960603768515,0.7142117514599435,-0.1424162953170256,0.6193840407199649
936735.0,0.5262714622883242,0.39449612099615883,-0.8888943928082482,-0.04104485001475511,0.9922833798018487,-0.6707720237518107,-0.6313575901379169
936736.0,0.9323581271277555,-0.8202436021937509,-0.49334763759929956,0.896978259750246,0.05092052158074267,0.025337260314440835,-0.6914669850548882
936737.0,0.3143534067250504,-0.6364929400010635,0.9718968426693246,-0.5294739491661147,0.7127240429341586,-0.7515408394883509,0.7771441607032066
936738.0,-0.930075918968589,-0.7018602844347837,-0.1798693006616472,-0.5119119163962265,-0.4679641615719947,0.8311967763643378,0.7181909554360797
936739.0,-0.7907996179055206,0.9852545660706953,0.09528448928236144,-0.2833683024970628,0.20272439159364475,-0.5667769369952054,0.3642566098210156
936740.0,0.6012515527371121,0.8400634789988644,0.8268428349179737,0.3596033654043178,-0.6085695568161043,0.024117321946528936,0.331212078328013
936741.0,-0.3232643064580818,0.6854805207301116,0.15682974955774553,0.03765172058640731,-0.9301787866096927,0.8925169638482557,-0.16993629378340813
936742.0,-0.4761722889033071,-0.024872834994529747,-0.478410597219169,0.6280016417111078,-0.9259084962628983,0.7830558367521923,0.626032642819544
936743.0,0.817891791487785,-0.18503854209153103,0.8270680889626238,0.8659097339821329,0.879015511501144,-0.03633446733911683,-0.01590784406032375
936744.0,0.47195827362187437,-0.761489958960379,-0.9503304057421376,0.3403053089474273,0.5439895391657472,-0.05189462044839277,-0.8299003158879084
936745.0,0.2139911969127104,-0.5644800323644812,-0.4596748969662192,0.71842111780321,0.6393569388847113,-0.9398468876487018,-0.7737768035591082
936746.0,0.5791372255416509,-0.1599613556232813,0.4151638085207723,0.2856963567047188,-0.2047490787015147,-0.2168104796562198,-0.12011304410640089
936747.0,-0.873697417552195,0.05129261374527272,-0.5033015803694243,0.9342369306425142,0.6846006551784827,-0.8679736226097796,-0.619711229822469
936748.0,0.7575874442567789,0.5047294332028525,-0.6121258295327892,0.31179110959673206,0.9681530908455027,-0.3957218680477357,-0.6135711080662594
936749.0,0.23302503637161576,0.5265965080088078,-0.09483876219527265,-0.06705211877616213,-0.6294408569279142,0.3302165150902103,0.3433280202928457
936750.0,0.9793611418163717,0.9842604655343696,0.2308453423461303,-0.2595666072397156,-0.9665927190138053,0.4155233236638296,-0.353043773227637
936751.0,-0.666116664564204,0.661505487024167,0.19118557945570758,0.7465973326297408,0.814381760980077,-0.037510866285282995,0.0938542423277362
936752.0,0.8775247341452059,-0.11984838523331431,-0.8790117385163496,0.30838054576932583,0.36914356850985586,-0.586719829186461,-0.5018049427171072
936753.0,0.9521280688090723,-0.49992513317080745,-0.41222176739800753,0.824295376061315,-0.008961165521747416,-0.2853859955199274,0.6000375664575981
936754.0,-0.316077385757324,-0.5820454174570078,-0.4786627719621386,-0.7524116199965394,-0.9471207149407501,0.859212927087375,0.6096541296705975
936755.0,-0.46584796217734037,-0.8003052440947176,0.8622050476808909,0.9281914326339928,-0.6403220376135283,-0.8567985234609434,-0.7168119509840676
936756.0,0.6201527122565924,-0.5825521999675976,-0.3483799344080847,-0.9246394090609966,0.3945143241913778,-0.3093184650550611,0.7711953447096103
936757.0,-0.13581222669610948,0.38815860698506044,-0.35913664362746633,0.44777561436126323,0.4905242019561866,-0.9488507253284044,0.17154470494814777
936758.0,0.500483495779956,0.5453737670820209,-0.2588478215494041,-0.6776678498374586,0.530570418259199,-0.3802346871957287,-0.5037479966607521
936759.0,-0.5611066204327537,-0.5738928103279393,0.47300315245821656,-0.48062359338258576,-0.7401085817980575,0.2222599488655539,-0.30495287008058347
936760.0,-0.0822797852812116,-0.35565746110444985,0.9870816865407883,0.2115218967688377,-0.12840047132201948,0.05513169509434679,0.24076276691833653
936761.0,-0.41545079735168877,-0.5864152467318002,0.07458591938962078,-0.39458402956378946,0.39479314852343617,0.35403451135871045,0.3173630452576628
936762.0,0.9848780580760281,0.666211097204964,-0.8634510292437876,0.5393050075024697,-0.04607206516848583,0.21120666184623627,0.06304591327599995
936763.0,-0.388340918432144,-0.5936884936491684,-0.46941107326477627,-0.8255552520939533,-0.5304746191377887,-0.35924223634848507,-0.2225615551134945
936764.0,-0.6587940467559046,-0.6460538646186025,0.5666371586426455,-0.6921747005023879,-0.13734636791512211,-0.669518485452065,0.22539260455436083
936765.0,0.45487394698629036,0.6771302092621774,-0.4808856406065356,0.22905226117629462,-0.6685570983733871,-0.5637939172077404,0.07521876601616762
936766.0,0.811320440397377,-0.8688348499990326,0.18086123217024475,-0.7258162530581092,-0.7036158070854772,-0.9419461268586038,-0.17181767928131375
936767.0,0.0915323591836461,0.2314727985584466,0.9184492680518068,-0.04336817753950539,0.7863702250905682,-0.5476160435243549,0.10912024686886257
936768.0,0.7245100104316755,0.877441058180521,-0.1888779239228764,0.8653091286446362,-0.11203728139204783,0.8143190159980875,0.22695911256849954
936769.0,-0.9827298581515267,0.42588219858644427,-0.7896573630545878,0.3033371240567795,0.4609635943126835,-0.26840207381598846,-0.6161127944078011
936770.0,0.9028736547533047,-0.5842161946624769,0.04949866618127419,-0.767377724589454,0.8522384608633029,0.6268154872629359,0.9405376283145594
936771.0,-0.14211588239609663,0.3122801668460138,-0.6182806413897906,0.9417665602287675,0.42257884950317326,-0.14067330612532603,-0.562243600695133
936772.0,-0.040132334614852994,0.24651715537845553,0.8425309107352321,0.3391533326289258,0.7951103755401763,0.5020801077511587,-0.3275996505936274
936773.0,-0.8799045655214677,-0.7965480565587901,-0.9669174974578236,0.5989429196848497,-0.2848343813434222,0.6535971354703889,0.25740570422646036
936774.0,0.6313561017815985,0.05009495624539695,0.3575714257851952,0.9917222801170689,0.7989046875893691,0.22855283801783677,-0.05470488308150867
936775.0,-0.10186893641179573,0.3912619185545194,-0.7022455634424467,0.9415396812527617,0.11550908797901038,-0.17949383713483824,0.18140679003159144
936776.0,0.7083576442458495,0.7182181297224068,0.5823586094199644,0.3454578648800659,0.8732849040268167,-0.9147817091021164,0.7711073460944422
936777.0,0.29036296972881814,-0.8955889160141615,0.7650807835671998,-0.9759576868412634,0.4668115171235059,-0.6729639838524837,-0.26360410678715795
936778.0,-0.13571801335400702,-0.5503029379960294,0.5221471182961683,-0.9689062132656336,0.3352021485313734,-0.9170621926437892,0.7600921408598302
936779.0,0.9942787922387812,-0.34831975241475654,0.6940572010998873,0.6322541135434325,0.9973149039517164,0.5746336233014642,0.9200926848764348
936780.0,-0.8280729549183499,-0.7465290041138042,0.0018320252398555947,0.1415393808006753,0.07167810192909263,-0.4307906292964492,0.9247938351667115
936781.0,-0.7303538421362177,0.5431580761258568,0.7996349742510283,0.43509258486636093,-0.08992965739443237,-0.03713424358965489,0.9040254218414068
936782.0,0.5111881921930697,-0.7934378324543574,0.0697071098045885,-0.37568800713114214,0.6383776847023661,-0.24638887701898926,0.4152998028397321
936783.0,-0.9865223955429228,0.2637518602518256,0.24374376667377318,-0.8863122946656183,-0.12508015484677681,-0.5727591901681295,-0.5644774696150054
936784.0,-0.505471596991274,0.15490236967343107,-0.6269631463414946,-0.9641005303878769,0.25250676495458935,0.3749507216800394,-0.12201858577375546
936785.0,-0.28341619153641817,-0.3912397683373061,0.2560910123577089,-0.9953266359758544,-0.7629500927960564,0.2450996997603625,0.9643851335017612
936786.0,-0.7051805016173747,-0.8453984829563093,-0.9002782621985099,-0.35334101334635215,-0.167446960113518,0.9592331976497921,0.0033083149876731444
936787.0,0.054544670700651166,-0.3334355586514586,0.48763982057241817,0.7253264330529607,0.40115594221325557,0.8075474690465496,0.3487897837589127
936788.0,-0.7801057377299898,-0.6087759939094952,-0.10468022151112488,0.22644032353244525,0.35913315521682754,-0.7587160299380424,-0.00826569650875375
936789.0,-0.523752550587351,-0.42628186039784866,0.5719522469835889,-0.13793436433773532,-0.5691395975534663,0.7437926593158954,0.08817842868985748
936790.0,0.4769451236057862,-0.10818079804782887,0.3156520787508965,-0.35510247915661997,0.261218172540302,-0.9429456229524646,0.780163209776128
936791.0,-0.7370212951947497,-0.5821736105048876,0.056724643552169995,-0.5234259817744911,0.43210418731634936,-0.5534099682400822,0.8805808456500093
936792.0,0.4078064522640694,-0.9067146588938741,-0.9852377137195403,-0.8828732008947049,0.07158509694706305,0.34263754824524617,0.5951789577260957
936793.0,-0.36869949700040605,0.8874305958580753,-0.3043095957955855,0.021451689159855736,0.10803341611546102,-0.08938655670621509,0.8243236217069079
936794.0,0.014682647833991647,0.34866536155126626,-0.3602765253884317,-0.5546649296025519,-0.8500927411616725,0.8094403328397861,0.45272774892145184
936795.0,0.17338446808444807,-0.039700584944008854,-0.27671217008035764,-0.5338122041374764,0.1367552005240733,0.9684641681291111,-0.555267611850313
936796.0,-0.6954036307022613,-0.5300260764890503,-0.2699066083601869,0.9387642934989568,0.11054816656487465,0.8000935393251689,0.09857869575634304
936797.0,0.14164942984187023,0.3901326029277046,-0.8251088523584993,0.1420726030707069,-0.3754624396142394,-0.8325401139092274,0.42138904091108054
936798.0,-0.3839659164112439,-0.4544435575773125,0.06270129564805615,0.038605050699560106,-0.8749392708922521,-0.7975654915238988,-0.6405168020248964
936799.0,0.5472485584266462,-0.9586100769146304,0.9708892334906778,-0.6360387025584089,-0.6237541633313881,-0.46137404789426784,-0.6087001229721252
936800.0,-0.5930891315265703,-0.8854273454285042,-0.0002238052043592731,0.05681665786928991,0.2713106308613049,0.8275950772725735,-0.11892379023446553
936801.0,0.48332998937504335,-0.37233285819006023,0.016389279969231563,0.09056409271443178,0.14565470999688013,-0.19847169734771053,-0.11352539261198857
936802.0,0.14291641769439623,-0.2612427403918054,-0.5557073547391449,0.2241076015846315,-0.580120317478384,-0.32672276763927655,-0.46045416951802043
936803.0,0.6564015339597133,0.9216964110626154,-0.34420348766032727,-0.36800373683424814,-0.6393750941723253,-0.18021806196749823,-0.48727347726829073
936804.0,-0.8927600493117493,0.31004541553146026,-0.5471041589700458,-0.711846746545918,0.19476565309177518,-0.5043204109466413,-0.7897887381841036
936805.0,0.49341923858668335,0.36503461427801187,-0.39459932658442987,0.7388081113474783,-0.5712916760002675,-0.7923128464191309,0.8190654885290183
936806.0,-0.24589639433834498,-0.6782621583089563,-0.19299782408066224,-0.9446774041745141,0.9528725915320222,0.8646222812469129,0.8031752530046372
936807.0,-0.45191760844201956,0.04670419052843777,0.5422622070037144,0.2189263684120104,-0.18970486140604215,0.01686443909377,-0.2893893001983965
936808.0,-0.979981040339716,0.4034167986666459,0.03771931771611814,-0.5800676175976578,0.37721784102929545,-0.8813681790912091,-0.9074030257715877
936809.0,-0.370502376696223,0.17462064278779543,-0.07198487297179601,0.545933491226055,-0.2504345719837102,0.467531038821112,0.7005205450830632
936810.0,-0.9572072610572253,0.11350175662507023,0.033396755807125755,-0.20394399669724184,0.8831050506121336,-0.9117256434114485,-0.26180106101238354
936811.0,-0.17048147423917648,0.520415093208545,-0.6849097813085123,-0.5192800501837558,0.9945122920868856,-0.4460251464764524,-0.48274889669603893
936812.0,-0.43745650342472686,0.9659370541347503,-0.07927083443709626,-0.12467581981956544,-0.6984831487406633,-0.027486445307834284,-0.9003469977337035
936813.0,0.31105930044670127,0.7648418983644447,-0.06945475346249363,0.636129618883182,-0.12492458535721207,-0.48105227605561907,0.8369940555332758
936814.0,-0.33968199114103426,0.43018782085214124,-0.5988883009499093,0.41766272749842526,-0.5881997418239071,-0.8669325035390116,-0.9991444340589255
936815.0,0.6082666140489301,0.274727628951003,0.5054091097006475,0.22322805882329222,0.7711437189150661,-0.32041913570239,-0.76858072820294
936816.0,-0.8618055380122982,-0.18783254534238925,0.1378383476993792,0.46048137267173295,0.7286051933579083,-0.8534752927366394,0.3206819357083388
936817.0,0.08888625960114949,-0.3789025609031622,0.48586400806775454,-0.4645622628064443,0.5931877055690813,-0.25669959241767293,0.9081956938230746
936818.0,0.6408501642394409,-0.8723263317693977,-0.8436163803022916,0.28204143379762114,0.2305395555982077,-0.39084057285769647,-0.530613135602942
936819.0,0.7778982098321208,0.27133705642649186,0.9744827745922309,0.8338212236168521,0.9470506852589766,0.7528091704829636,-0.023759590421417842
936820.0,0.8411573193727655,0.7332927951211226,0.4516601189118661,-0.6104566193396486,0.5844222490001665,0.7676749131493903,0.4636948751076484
936821.0,0.5970322756865127,-0.049783081147691144,0.7428931576123043,-0.11670569512114293,-0.41161256685948167,-0.5787182931342234,0.43226173685575686
936822.0,-0.4258050875512318,0.2438466050297008,-0.8032431544486545,-0.7109410525942788,-0.6594449494616128,0.6598103276491838,-0.5562657369319333
936823.0,0.6669860524225257,-0.2380411441682282,-0.8494057909289823,0.17699521077325686,-0.1926995166681793,0.1519660876656701,-0.9363696497159333
936824.0,0.01680093888497347,0.39559471409139535,0.8232560737734531,0.4831119531994854,-0.6551655322033061,0.9727937538993019,-0.015503808144640807
936825.0,0.7127698759564376,-0.6186849326475792,0.6744144772145861,-0.8722852560648926,0.3921168213941366,-0.32173967472739684,-0.6399895629645718
936826.0,0.6513279198131743,-0.8981795642146491,-0.892676315772553,0.36747138397835677,-0.8139078023362336,0.6318503419650423,-0.04115614964542291
936827.0,-0.42669250265166725,0.026557049440824487,0.09193128157625075,0.9762966944915139,0.15384829955260404,-0.3784242533745503,-0.09497234327389648
936828.0,-0.494877852484916,0.08219199973937852,-0.9322070417887822,-0.24339588826988523,-0.5428418557910837,0.31853370327257124,-0.8639868177797452
936829.0,-0.9943853838396159,0.6172075850325485,0.9406221215226809,-0.02215880059392994,-0.9964450114926273,-0.41019287533437,0.939688260282544
936830.0,0.38788333721279433,-0.12487804809256975,0.7712383300567913,-0.09550209861575065,0.773422254054652,0.46936531216886235,-0.6631696574446215
936831.0,0.43364494629943295,-0.29234681427826037,0.9975478216533,0.978454459476239,-0.9184527423559166,0.8985862301513552,0.6239876341312189
936832.0,0.07947704546449885,0.034574085126072074,-0.6301469609832258,-0.0246838666734166,0.9655491953753708,0.7976551584806189,-0.179257201001634
936833.0,-0.9705456996602979,0.1782831633525397,-0.711703597243331,0.573387853843262,0.8807992836516629,-0.19891973610834568,-0.1613287729348929
936834.0,-0.626994383981168,-0.5082093315266407,0.7444707867398517,-0.7204091978030285,0.061468288774167545,0.2950126446880281,0.7006454412321153
936835.0,-0.4916600264118307,0.18781643224644573,-0.6944637876782576,-0.27593556633037863,0.08000507732389184,-0.6634807987018589,-0.6334651317188931
936836.0,0.9253893215853302,-0.6105529926198574,0.12769392440384175,-0.5911710561188208,0.7656377839980306,0.050791225969523124,0.8999061117002292
936837.0,0.3681331105551191,-0.6930670498187623,0.4347971196205609,0.349279279992744,-0.6775202556289295,0.590432376368321,0.8275593213400789
936838.0,-0.18719246648346854,-0.6889917019280911,0.0902160185541172,0.803372653911129,0.48428677375735174,-0.909091124824513,-0.4637212097983128
936839.0,0.4531636274116011,0.3298180898847909,0.1672577559495767,0.8868590712019293,0.534676067544775,-0.6038115712439045,-0.9512570163549898
936840.0,-0.5176938878707549,-0.9348238708874239,-0.6583275322702578,0.5867734650432586,-0.368454581589182,-0.45591263614875954,0.4725614473937636
936841.0,0.5190603619486835,0.7852414735219775,0.48721227888464314,0.6533674716996196,0.25142603577461475,0.9687818378041053,-0.3756204351707093
936842.0,-0.6205036890839706,-0.8789937032779425,0.8420449673571031,0.8266749091782608,0.18685052583560413,-0.43843118178317364,-0.524821407894154
936843.0,0.9163399678404702,-0.7245494950955558,0.3475693028610367,0.8429164579038861,-0.41579801343383416,0.5774653114380364,-0.8854613987885755
936844.0,-0.5918421135106064,-0.8318838046083996,0.2612110388540241,0.5314785279755403,0.0673512277556394,-0.2751490406808228,0.4766239627810607
936845.0,-0.795681433757198,0.9963844715099635,-0.9031760019502164,0.610748812125099,0.6308369126293105,-0.9629811312153047,-0.9057650297013387
936846.0,0.6405252226263891,0.786998436057843,-0.6748031370371905,0.24025108138763684,-0.682980638487467,-0.8635181590325247,-0.8808269838140317
936847.0,-0.3226189630439482,0.12358334038479968,0.5083046712470314,0.3901888806480709,0.20195750146561608,-0.2515079178345445,0.06215412951734978
936848.0,0.5836630251365478,0.6923757490661966,-0.43212975808518594,0.9824841204821249,0.6062814340730613,-0.3857949512879679,-0.11490645434216318
936849.0,-0.4664319481062198,-0.30904556925817106,-0.7468640668108666,-0.4747937763351022,0.19496223417032454,-0.3258103969854742,-0.25616574177697227
936850.0,-0.7031783988818483,-0.47925746683426973,0.44941892536598127,-0.5874143241883936,-0.9692877734337597,-0.5774091530853951,-0.1940827037243409
936851.0,0.5394998538546598,-0.5178254772439284,0.9152794676379201,-0.3983641825009925,0.38511405621058414,-0.7932810423829413,-0.6189369864066896
936852.0,-0.872049215761572,-0.7524264015974189,-0.8802059866595315,0.37139144181019956,-0.7169429421525344,0.8052891468832435,0.6190333447821059
936853.0,-0.29031043741187235,0.545704741474448,-0.056080765063406535,-0.4784670381134768,0.23301772635327267,-0.31767565966276634,-0.8956854070741571
936854.0,0.0005257490240115903,0.8298860698685588,0.568430670006201,-0.26706474224323706,0.601638482463966,0.5022444705976834,-0.6591258414592827
936855.0,0.21583418564678136,0.26644066253243626,-0.48383090309832055,0.5790957764160916,-0.19665019714372867,-0.8464084055367518,0.20030603685532222
936856.0,-0.6684853124732144,-0.9019526719518121,0.8443777379293242,0.25846601701535765,-0.980795802881862,-0.573083032551982,-0.4025191245451405
936857.0,0.8525880693036223,0.15563647422495297,-0.03745692896367481,0.6627076821821467,0.9455766825651031,-0.590342052920394,0.9747904135473016
936858.0,0.3973555636681747,-0.2951161721936171,0.38319674194761477,0.8997368353104753,0.3212722392104379,-0.4658103609157389,0.42788778721661447
936859.0,-0.5068662658232403,0.4971687460642822,-0.8897855509077419,-0.7005656204443318,0.6318204969330281,-0.679668827961345,0.8798038020896299
936860.0,-0.6968495514753519,-0.4260348962668645,0.011905643281499234,-0.4283372621605641,-0.7262662376877884,0.16211893494350327,-0.27166025376045644
936861.0,-0.031620836622919146,0.16268351362276157,-0.29542813362426834,-0.8611684733058727,0.8698652526485637,0.5931332641106573,-0.4564380736156366
936862.0,0.31652924704729735,-0.9380979937858995,0.3295099262135206,-0.3975592236392338,0.38977808208651177,0.6392969865506348,-0.895448471288139
936863.0,0.038684479132565786,-0.40752687100979657,-0.15911337089014554,0.1577165430199572,0.5222457915978942,-0.9951776917977613,0.8094302328277798
936864.0,0.5125323902120416,0.8253169398983866,0.05926141838287946,0.12094909985124769,-0.22622343298813585,0.7740688222811325,0.2773470228803443
936865.0,-0.5502247561892126,-0.12657681931409814,0.0942016095716951,-0.7810042658050376,-0.8326904154761847,0.7408067073146887,-0.4189832990474971
936866.0,-0.8198509761237653,0.029387699323425442,0.20256727729479795,0.8523016875113021,-0.5745652105200634,0.7726225193405276,-0.9889945059482661
936867.0,0.8280416073232928,0.38526935277769936,0.23940528149090157,0.5417104909064094,0.5264197461195954,0.7985697463020027,-0.9054923886740656
936868.0,-0.4953274387834601,-0.5374595168697798,0.13359915652813759,0.601808687691785,0.7649929766434211,0.8006258857394175,-0.4459568014200621
936869.0,-0.9439879747625508,-0.22692635430248242,0.9119595700278971,-0.5830021701142376,-0.24860756489942504,-0.8718449811193358,-0.538834977007578
936870.0,0.8289500008261901,-0.0355989412504385,0.5267474155958212,0.7057934140093725,-0.6343805991984388,0.6199702841675752,-0.15448466905488822
936871.0,-0.013952394154846282,-0.5821288611690609,0.5590497694587269,-0.7366415120999463,0.349204295674735,-0.9758189928475698,0.32077474952510254
936872.0,0.21908389863406152,-0.48919835741047235,0.023017087789386936,0.8752935651613791,-0.09409490420486333,-0.8104902884895002,0.38339122538253845
936873.0,-0.1497395446003209,-0.39458217643973126,0.07940940874592628,-0.8922524266153491,-0.022995851931071787,-0.7934845280714695,0.1648404500128462
936874.0,-0.0058710108179882425,-0.7065043885609623,0.26189940387700106,0.6831254817868666,-0.058784182411278474,0.16374125157142116,0.6442960611475723
936875.0,0.18767143354901572,-0.2610695069030946,0.658209921118166,0.42211298634846073,0.8497098556348761,-0.07158474763979128,0.9691761539295587
936876.0,-0.38074011333899094,0.6600363689475977,0.41644113260418414,-0.8004830918895194,0.6895520894424989,0.8354479887931359,0.9524656347251346
936877.0,-0.32389486594297034,0.2729491220169953,-0.9459376281761938,-0.6068502002162623,0.3748968488253053,0.19967013751489682,0.8229778530123564
936878.0,-0.8821467973052246,0.5194705942752826,0.9815102737799533,-0.5816252932684467,0.00339876065351441,-0.9602367490514403,-0.19928105610054225
936879.0,0.4925721071913327,0.6998472388495558,-0.37062028668441815,-0.1462566523818445,0.5950164468954686,0.07145830158966571,0.07878761100626996
936880.0,-0.6233282745473023,-0.882260069259589,0.1376037663009495,-0.5575402999463541,-0.597794936779092,0.7089062980180394,0.5051710794064606
936881.0,-0.09783561976075905,0.5917232131210206,0.4290455212382873,-0.8938475621484749,0.5127149429714601,-0.5723731211075058,-0.22299826570700887
936882.0,-0.6613113545623224,-0.34476324111030365,0.8906421374851157,-0.8546862093007792,0.35232029463080283,0.5315228842515729,0.27299252998198376
936883.0,-0.8570878567456406,0.39070284797774457,0.9987004837631883,0.5832511042559376,-0.3048866203279772,-0.6326162847970425,0.8821229678204345
936884.0,-0.8403668697696673,-0.4561133490659315,-0.6322450898203709,-0.610483198530704,-0.34653636750777617,-0.3265958647740903,0.9171509386010943
936885.0,-0.8442390258457764,0.4053621656312829,0.976435334279846,0.5534663328573406,-0.12049725883211915,-0.21802245587503255,0.02743932460772447
936886.0,0.7807149982390977,0.4800250251913283,-0.6904259760042952,0.44458000047696267,0.019539804101279312,0.7948924234806556,0.11939089428648919
936887.0,-0.7808454302610994,0.4977688270937288,-0.8393028857617659,-0.776000427452807,-0.8084640699657026,-0.9964424506391951,-0.5844476565212682
936888.0,-0.15390046071278296,0.8592332385442463,-0.6129135030004331,-0.940344637784412,0.48028773285216064,-0.2631197642326093,-0.8202100891036355
936889.0,-0.3413251301579041,-0.6069578044450814,0.15001097301198318,0.7603067961336765,0.922728048142069,0.992517453865573,0.19693981795608684
936890.0,0.3832477978266404,-0.3277522550302887,0.7265923530149154,-0.17543748816438653,-0.15271400752074982,-0.5842475743021893,-0.10265284096674065
936891.0,0.0837395102362386,0.5022467797724715,-0.24925693526411274,0.042980139177393406,0.7502920952066925,-0.04504396128102961,-0.5986813120305623
936892.0,0.3382498458820926,-0.8076598214322506,0.63652740916105,-0.43918071509932033,0.5507112408288304,-0.5163158553998815,0.6688725931377613
936893.0,-0.4579324365900117,-0.15701135647015585,-0.12327084800556332,0.8458021890639169,-0.8081757952242443,-0.5050601889120594,-0.45468254216865445
936894.0,0.12032854558134431,0.8689669877879969,-0.38844135831748305,-0.9255538543913073,-0.7700420347683332,0.6724997158192434,0.30721172912488126
936895.0,-0.03607897972509422,-0.9842105497490468,0.8030918617853071,0.3234234398403759,0.06786235974695676,-0.19985082537752108,0.17714816305322634
936896.0,-0.534165624596699,-0.7898538913422732,0.34004257912114966,-0.8437757701039161,0.6359648246717888,-0.9137357123453902,0.017587187813996596
936897.0,-0.49761523036892563,-0.7717432437021903,-0.8753336142831767,-0.8073510129465267,-0.6859383614763941,-0.8885304676219516,-0.36247047639922947
936898.0,-0.2175767933874131,0.9449735936277273,-0.9505354336310268,-0.9161725010273996,-0.8716816617556162,0.8231636881380759,-0.9540119146608632
936899.0,-0.9091051753372008,-0.3730017256667115,0.22939628935702472,0.045609541861874714,-0.5539606812016329,-0.4844734743150383,-0.8121492909395305
936900.0,-0.30459089222878655,-0.9828094717083289,-0.7743772105014175,-0.7085413093513628,-0.8548729967129536,-0.594182343179001,0.4535827767211795
936901.0,-0.4665627805146755,-0.0030169610834684946,-0.5910569307897398,-0.4897074745063157,-0.3926508685022714,-0.97819637135237,0.8071092973966048
936902.0,0.8989987901087575,-0.02888074875058111,-0.608170048256413,-0.9781091144178737,-0.6630264008306537,0.39301570058099533,-0.3265095536262783
936903.0,0.07715489519649243,0.12234446356533346,0.45903850078096076,-0.8663566412690742,0.22825961114412618,-0.32714059090976955,-0.6745234864664975
936904.0,-0.03945485611563315,-0.523627376153714,-0.46913093548885554,-0.21426639720825658,-0.9235439972444195,0.16696471360191056,-0.6409385513565864
936905.0,-0.6384662692542518,0.5266472704635778,0.9022838273750609,0.9292810585913636,0.7787488100626287,0.007692962007954662,-0.06925202998219682
936906.0,0.5647874275848872,-0.3983355469737586,-0.944978866615094,0.29047257413656613,-0.4836223151081398,-0.07511528492997543,0.6368821135945195
936907.0,0.4017157367684294,-0.17179470384540663,0.5842389447042766,-0.6960369084911238,-0.4877999234343955,0.24013566155879706,0.9561816579345546
936908.0,0.7467729953476634,0.7923032842261601,0.9005614310022663,0.8630978601589463,-0.3753565122517937,-0.39507790737770665,0.0748865176770821
936909.0,-0.6129904282295169,0.28295982152089527,-0.7738296427538485,-0.9721175964521913,-0.16424527851829485,-0.19454153879488456,0.5942702817582965
936910.0,0.928876269612892,-0.14501741199283602,-0.6110857420092983,0.9985304168553579,-0.1127647210474918,0.7030356622244394,-0.12849083061312272
936911.0,-0.5480049679020349,0.5358916034572831,-0.00953069751658564,0.3247604354785345,0.7908668307816207,-0.16414916837656612,-0.3149442335400974
936912.0,-0.2114033014099832,-0.373838612569672,-0.9410661425734892,0.049769997253825915,-0.9613273995868632,-0.7064410945637611,-0.7071667698467929
936913.0,0.6173316755707638,0.8952034772996444,0.5648707207744279,0.8789252965202405,-0.3875547114965274,-0.3941526625574947,0.3558923793544888
936914.0,-0.40569178350765234,0.9998754837047741,-0.42553383903662256,-0.230312429000475,0.7541599434720634,-0.798172147575057,0.35836617131123916
936915.0,0.9831910236660801,-0.6122554645976326,-0.8951979874814782,-0.8636730070290675,0.4910039295096442,-0.28142346674269003,0.7368892701055241
936916.0,0.7647500050850682,-0.9759557316137686,0.3189444754558899,-0.999236855761144,0.36736809714002994,0.41323456517713275,0.8857929608023143
936917.0,-0.012014129353581149,0.5742643942336707,-0.3612810832222917,-0.29464018967412264,0.9981812958756433,-0.45339080165795,0.0871225714824313
936918.0,0.20726961345462036,0.23938910394161073,-0.34206930973250826,-0.16755179672552312,-0.027409875552355523,-0.9086338686412758,-0.044168901393981885
936919.0,0.639519218070542,0.6939054352866003,-0.3009209505602104,-0.7894984783503853,0.24458410387905216,-0.6671102810595357,-0.2814387096616857
936920.0,0.9412303168153551,0.550420284262132,0.8762077103291763,0.8028784975940491,-0.6170151681470395,-0.855845148421225,-0.7137769445470259
936921.0,-0.8426152816498693,0.4271808976922822,0.0794582952019045,-0.8236877315641902,-0.8884301322393413,-0.7068916336417141,0.2764410841591538
936922.0,0.09116330863174693,0.6204446367049345,-0.8419395224873198,-0.2019718117314131,0.03383788217244654,0.780352457700273,-0.2856225032303963
936923.0,0.21800300508078974,0.7746781325457923,-0.47605466422776477,0.7937506597230726,0.8959605461477091,-0.2570668257366606,-0.3670313949823849
936924.0,-0.24803425145628544,-0.47926394744106404,-0.5641987208559596,0.08044690512050301,0.3345887650794894,-0.8151437902149163,0.17754858794261685
936925.0,0.5777495191706852,-0.6281705571944467,-0.46327416711159186,-0.2909845817052157,-0.13184825281297585,0.9844667216214307,-0.7265588239498997
936926.0,-0.2708492995121956,-0.3548187992262548,-0.3137535176541688,0.3831698310275682,0.6423430739196871,0.23583678267872954,-0.5551257913055416
936927.0,-0.5335216361557713,-0.9349207162796016,0.8331746956687498,-0.8710875087839174,-0.21603758332833256,-0.7361940295764109,0.5427206879862359
936928.0,0.3366898182655309,-0.9117043550407928,-0.5218028549174816,0.392582425040809,-0.646145726848063,0.6865387174938711,-0.12127161631843131
936929.0,-0.6658793677402479,0.2060927935629855,-0.22881073486871162,-0.11979707937033024,-0.2037108726530792,0.8929904111529539,-0.15960663014338938
936930.0,-0.145008532152751,-0.8810415875662678,0.42029659943343134,-0.48724975267651205,-0.9903491872943575,0.053198980836324905,0.4392429231375503
936931.0,-0.4342286864381817,0.8099566989649063,-0.49166364508293126,-0.4278749705789251,-0.7736340551342447,0.48690087752224387,0.5550199954750692
936932.0,-0.21327569167513283,0.3066968423984682,-0.4683480646921534,0.5403867385666068,-0.3295031184511874,0.892090136020008,0.043181277226423065
936933.0,-0.1170454295662322,0.33823747411331095,-0.16900140116169404,0.38209613439830914,0.6641132021862977,-0.6782813889113122,-0.6899629032113941
936934.0,-0.7719341801548922,0.3546127748976555,0.5365214514328891,0.973974655156651,-0.028071028730897396,0.9821265466946496,0.5403293308668511
936935.0,-0.758658108432148,0.05458329242585491,0.5489510368305128,0.7965260431237473,-0.9517252771795484,0.7189885018212847,-0.46207018305947467
936936.0,0.25325013075893477,0.01665543095812816,-0.06391946860966513,-0.7847121969917157,-0.9202430450109504,-0.32338167898759207,0.21001966443309628
936937.0,0.7481914763417599,-0.9363754249678071,0.6459730601616216,-0.02086960861630538,-0.3985473547603062,-0.286858817172025,-0.04015386884661365
936938.0,0.6362134796822088,-0.2876818916768906,-0.2268892268531837,0.5683776727866894,0.5222486761929406,-0.15053432854866666,-0.5539263376207231
936939.0,-0.007114329869671643,0.22648164441120366,0.11954170489834337,-0.7414429797605051,0.4058167689834753,-0.11091914361723476,0.5164314836352744
936940.0,0.4045467297728871,-0.6046131127111831,0.8680499730100428,0.856409360717197,0.6007061851865796,0.44907948134161835,0.6166311934811357
936941.0,-0.48686459711486463,0.8094391854816811,0.8444055983287055,-0.09799309670698753,-0.8543579247953881,0.5534641492037722,0.6125419233004408
936942.0,-0.6846078633277843,-0.01616732837672652,0.3945033676403411,-0.26198662186312394,-0.16155451793440845,0.22624327626150076,0.9454074336225167
936943.0,-0.8558290314011219,0.37569920591326733,-0.4584246214343253,-0.2213037838628793,0.600693551378823,0.3884544597909265,0.853952545784624
936944.0,-0.7443478539809842,-0.20229305679520682,-0.22726886194590135,0.4503621661065682,0.43868062820373477,-0.0652818532883932,-0.09885902573242711
936945.0,-0.689202716989118,-0.5075941202428054,0.7553126684557223,0.957669510730129,0.8695104119826886,-0.7331288213131828,-0.8318810782930715
936946.0,0.28242708967287466,-0.06048570855646407,-0.7468574601299696,-0.5796981350764105,0.9205042930131258,-0.9073126551832509,-0.9282397192859346
936947.0,-0.8713588122535816,0.37190088033712687,0.26133317823200897,-0.7966716755797238,0.6255018365936722,0.3885378261912942,0.127014427951454
936948.0,-0.5676327476304712,-0.007550726371086336,-0.6218891767711048,0.18629451660552432,0.8177131804644822,-0.46811964060475053,-0.0009820707624987879
936949.0,0.18589279279518012,0.7271326854409306,0.19319908695944887,0.7086073754489488,-0.43661643468169453,0.18903318420392767,-0.07431112821247221
936950.0,-0.681108816595873,-0.29255185448843446,-0.9904278049595086,-0.3471248326297609,0.8386583928949445,0.8052247422469692,-0.25871413321488723
936951.0,-0.03583170442571548,-0.8466444190846707,-0.24344728079633127,0.45252810073593763,-0.5861813352515717,-0.11379605289144124,-0.35415369071250913
936952.0,0.6755182064979701,0.5255830776593899,0.47578411730675474,-0.1397226710798105,-0.23655117122160108,0.7667407107313626,-0.2012831254948415
936953.0,0.32398705671611294,-0.06603087422924592,-0.10319283085196962,-0.8939312106527819,-0.7792621904886501,0.3395790450780791,0.8550905161187263
936954.0,-0.3462234719101669,0.8144578656969708,0.7440796589182959,-0.9276192702090227,-0.21304270275148984,-0.2557247574424133,-0.6780586221971427
936955.0,-0.46002547524328974,0.29413274401241907,0.21174565282491042,-0.7165832826112355,-0.8857304934122527,-0.2058900527062142,-0.337982108028158
936956.0,0.5704205287129058,0.5832660558035634,-0.000285066124144695,-0.9034042274580392,-0.6660887827835704,-0.42563929631197506,0.2653703558558831
936957.0,-0.6544428261794106,-0.11924899395360256,0.4293008585723981,0.21267474592878877,-0.3702299178679911,-0.6447967181342811,0.5792196921884052
936958.0,-0.9667950889069243,0.9258906621791638,0.42478626078239556,0.7191361887865526,-0.6788117320092761,0.7916895349077795,-0.4572139392208239
936959.0,0.6150014784100382,-0.7292165093162011,0.8821746057370852,-0.4160300378003545,0.4186253351039535,0.10464150263658722,-0.9991755874705359
936960.0,0.027767334223897322,-0.8144833179676383,0.8094007952069171,0.6136739041863402,0.08551793201012514,0.9897601192856595,-0.2867341186210868
936961.0,-0.19167357171608868,-0.14084296952974662,0.6027323847319244,0.13997352250719652,0.8240606949689959,-0.8833782700876867,0.04866687397806224
936962.0,-0.5939906739838607,0.9034292831207458,-0.5343152492275587,-0.17871176926983323,-0.42265822034180456,-0.8096621584320449,0.33879510199684404
936963.0,-0.909505661959989,0.6266294415885292,0.7484706403003707,0.2782962702011842,-0.8642894305279649,0.45431833754815587,0.5866425952843333
936964.0,0.15820580394504558,-0.6900188040669044,-0.7862220830214233,0.4664834794983004,0.4474362963909708,0.9376714867259415,-0.35847724655162017
936965.0,-0.939669721888658,-0.23365094158555433,0.626505578660514,-0.7686232675991298,0.3796314813779509,-0.6834464233218127,-0.49543852857120263
936966.0,-0.37378851612813424,0.11582483270561617,-0.594331132745717,-0.4571469173910372,-0.8105484547982738,-0.36203983419833774,-0.45600544308021784
936967.0,0.8902583810451095,-0.008212509188825656,-0.17348853325605673,-0.022810111601517802,0.18979175705576323,-0.7649074417865043,0.8427099171094612
936968.0,-0.010600885590252185,-0.8193428183100524,-0.8498986747469204,-0.9474580288583265,-0.5605805467639515,-0.4797423109178025,0.44547424313103146
936969.0,-0.2070985758350714,0.5900140034217731,-0.42364374286359907,-0.9499360874455283,0.1576743131878695,0.42137053883562614,0.5500055395923595
936970.0,0.549637336960553,0.773312747266913,-0.4098883381202616,0.5394343614996959,-0.6965327206748189,0.7812705771582482,-0.8355392221637952
936971.0,0.6690610804367876,-0.5451144072662013,-0.7889068303653193,-0.6377702112621417,-0.04855739174166418,-0.9178785159771057,0.387111210695974
936972.0,0.03572584829124237,-0.3720897142128927,0.1474969399519841,0.7487663156214504,-0.529163660570626,-0.29096575325251584,-0.12036989396135711
936973.0,0.3045363339698608,0.5699233802208146,-0.31604421269999006,0.5320803390282058,-0.7425161585840694,-0.14068343736865718,0.8772203160765617
936974.0,0.36486610784581197,0.6368431620087145,0.006199077694332145,-0.3793355733985524,0.49867055270932537,0.5569358652957159,-0.5342669743820361
936975.0,-0.6947567999528024,0.8724381849437621,0.07603549432422496,-0.0023097800658118395,-0.08642286956346279,-0.10030123428120619,0.26202382273972846
936976.0,-0.477944536307916,-0.48144120282991065,-0.3731273671506692,-0.8779145804926489,-0.39318507334476016,0.12467422039507992,-0.8706618241062016
936977.0,-0.7105869436991004,0.4207809785493577,0.1999550232669789,-0.6273718284821146,0.8152096177385983,0.9143077616855695,0.4008777158203751
936978.0,0.6450980279504936,0.7976050037094988,0.7891131828882822,0.765303245627486,-0.6554516314075043,-0.8731881634140648,-0.05297127437497551
936979.0,-0.5453821464920114,-0.3700744444997863,0.2965667279436781,-0.9429776934164884,-0.21214612279042844,0.7070188747336743,-0.5651784863816964
936980.0,-0.5143459379523787,-0.3536263937666262,0.21798938734752094,0.8607986654102193,-0.6733130880420259,0.6865045223036497,-0.3181348562225632
936981.0,0.8108808530381701,-0.26267026007112393,-0.9491458413641529,0.9735713670882309,0.9820339530426636,-0.39414852379576026,-0.21437131605172066
936982.0,0.2361310090580202,-0.05067938188795762,0.6830582045316393,-0.2966639402106812,0.8074946468330422,0.9511112367581285,0.48946222307484666
936983.0,0.5615653618098511,-0.6525733523687829,-0.11624611407071916,0.6183587515510842,0.27469877765271655,0.38630049866103433,-0.03232901087469653
936984.0,0.5176946764428476,0.5384547919963776,0.06561439670275071,0.004947017749784566,-0.6005522016960743,0.10050645933309799,0.3515498073095824
936985.0,-0.08102437013003594,0.2511171398607006,-0.8107321079591128,-0.5498102946154297,0.5640700277999604,-0.05113232336159057,-0.15537547226858317
936986.0,-0.5978112751166968,0.41137326011228303,-0.47030691758602017,-0.02074169371510126,-0.8098731540636299,-0.3077076533807803,-0.17145561012179766
936987.0,0.16547812399585826,0.753074625113352,-0.9754554563133357,-0.8587858130817325,-0.4501602658780297,-0.2120201547191345,-0.5576925295353108
936988.0,-0.5447084382539484,-0.9202904735334618,0.7443411260281823,-0.26361778753588316,0.5333203179667751,0.9518782528957417,0.32221891474717546
936989.0,0.6961491787980236,0.8401114599803827,0.2869794772760563,0.7102937430257754,-0.7221291708091473,-0.42582620476051414,-0.05142129476542223
936990.0,-0.5869557761215887,-0.009480082065654205,-0.31733306267057704,0.7707971891593659,0.5835307422294818,0.46906170521871293,0.07124169865513519
936991.0,0.46192455702560853,-0.24883763311870744,-0.9696165007040987,-0.9548884957912338,-0.7491169484741891,-0.6257048931185802,-0.7822683477533496
936992.0,0.8390674913384149,0.829119169328113,-0.8403568016749794,0.5244658608472657,0.852852539020404,0.5629495748859477,0.8096264852666908
936993.0,-0.16272109096672538,-0.24832256274840891,0.6860458434128114,-0.8039593041615958,0.27757969949838057,0.10945253900511687,0.9785778878469287
936994.0,-0.12315118003858094,0.2722627474179178,0.0634222921588179,0.580765968345005,0.6530560970502819,-0.9193238504532775,-0.7150084865001363
936995.0,-0.7337679539306508,0.08379497501999511,-0.13390540426945208,0.9864639382384788,-0.7217879130995093,0.10889725848712772,0.7752271940525162
936996.0,-0.03737817383409858,0.750400903122711,0.19715308227283024,0.4284596170902373,-0.6701705110345462,0.7153475114281496,-0.37042913945123135
936997.0,-0.9707504660609623,-0.21757885277585376,-0.8182592083968052,-0.5294087205146345,-0.7710120424738933,-0.28679775841092114,-0.49018101726156527
936998.0,-0.03543032277261604,0.29714117629887893,0.6006947886799956,0.1547832582688644,0.3370614647161372,-0.7373385180813719,-0.9543933122425448
936999.0,-0.32441016863263017,0.6851149243718087,0.3351161492860286,-0.7109253401853026,0.3507219704144522,0.06837699272867437,0.5625857003830825
937000.0,0.10406137024934603,-0.9536410554943393,0.06375415430371545,-0.37922445209777433,0.5048975026003872,-0.17895178859794836,0.9082028503456347
937001.0,0.40507397276209933,0.90580712708007,0.21094823121320827,-0.866493435047782,-0.16470337281136183,0.13224784665145295,-0.08716577081087551
937002.0,-0.0020689531330773114,0.2325725840810935,-0.7244180068334678,0.44418789309623663,-0.999407764369677,-0.988623162424924,-0.7241165284463731
937003.0,0.8906159371386075,-0.9788532732760451,0.4801226990854075,0.5406674260801125,-0.3547456342639266,0.13265749437635743,0.36851852708859734
937004.0,-0.6447129363485895,0.9179908486962378,-0.24012870342284165,-0.3518737296360246,0.3977866288961993,-0.25900868471717464,-0.6158540242480872
937005.0,0.44608749461818853,-0.19060492429442455,0.23498814739157092,0.22605195601499717,-0.7231228994008583,-0.612718607767768,0.7678696812791592
937006.0,-0.3926110497014641,-0.9715769918157313,-0.7126442325179758,-0.8599528318486283,-0.1411745554411532,0.005237727330967612,0.01010534568817234
937007.0,-0.8476197475957266,0.8000539647543039,0.5915166871873798,-0.10698669363143143,0.8753030051844797,0.18205140287264965,-0.06581422421089655
937008.0,-0.381678377077348,0.5482577884749376,-0.20113768452143965,-0.1106871301819159,-0.7522407342631698,0.1289520109126565,0.8539116616227171
937009.0,0.4695885830443536,-0.8710734030646927,0.6066932879181144,-0.7897912648122869,0.40768699776987916,-0.5578330732745589,-0.4728782819681352
937010.0,0.8348108412493167,-0.37756868900342044,-0.853112521126355,0.11048266320954325,-0.5487823998252765,-0.8974237996177106,0.8802560071257222
937011.0,0.028794186100546515,-0.8594148822971734,0.7475922424980821,0.10482784291664848,0.6072376975436269,-0.1693448822564072,-0.08649525088624355
937012.0,0.7574531977846053,-0.0871963266121889,-0.30682958018414586,-0.49172137957275464,0.29006374403374124,-0.26837403100874346,0.9808252474418884
937013.0,0.4875810906967659,-0.40234251137942856,0.2347792344994275,-0.561735118676669,0.8602684544424062,-0.8890469865704544,0.9988191583476371
937014.0,-0.012127122831231407,-0.479016289376184,0.26404859953900006,-0.4784559646019928,0.7569361646159658,-0.7615630488751508,0.8493289682540319
937015.0,-0.3292558202017457,-0.8987580002736877,-0.629448319449035,0.4445934642353446,-0.3269433674485098,-0.5135428420940926,-0.23977021201683146
937016.0,0.5302488822519797,-0.5366966967338291,0.9853745520413892,-0.847642531045679,-0.3027186576217986,-0.6098743944175455,0.3748229775738039
937017.0,0.5861090440341428,-0.07080614760853643,-0.264454651707569,0.030107171776959873,-0.49137376477111894,-0.4722413861874033,-0.07620835681861315
937018.0,0.22193686092124132,-0.7282879920449328,0.9110813806965081,0.4113623492533478,-0.4848422201782019,-0.6956846171654831,-0.9086959513084212
937019.0,0.307376887675874,0.12523558467998197,0.24584505426968128,0.5663148735112402,0.5806316882456677,0.8936078300050263,0.34764017530173974
937020.0,0.7430120470853243,-0.8407139527247698,-0.13487662894570152,0.3017535266767346,-0.9439531941905237,0.24280190336068452,-0.3148218380801162
937021.0,0.2326977303191926,0.17475275795941703,-0.8641734972425144,0.17127111440048082,-0.44955311458710634,0.6410738950504422,-0.19267587017373478
937022.0,-0.9006588398986743,-0.7123241462107315,-0.8612041322142823,0.7726794796791074,0.4632441780316068,0.5655321045353958,0.490521216513333
937023.0,-0.6438284273604562,-0.02647419031169851,-0.1770425034140375,-0.5293737762073194,-0.14604695608859175,0.09996585989153361,-0.4695963335184208
937024.0,0.6708018633008488,-0.7435673451623381,-0.6120404295178405,0.992864677268279,-0.20323051496142863,-0.1654342882030304,0.9232587145191538
937025.0,-0.9732970623680446,0.1036169345238489,-0.842249577349965,-0.3921547499652691,-0.8617258299439143,-0.159957910454549,0.4232672581714574
937026.0,-0.832764812622143,0.7850387179964369,-0.22782214940625312,-0.20595933224659246,-0.4973921889741222,0.05589873902370468,0.8428889270525282
937027.0,-0.7355749343982259,-0.5040643650609546,0.23782261186636178,-0.6774808990097472,-0.7194326924382481,0.011407249339860925,-0.8984940831303561
937028.0,0.9986312436417093,-0.4732166428412894,-0.7742429875733543,-0.4574437002457805,0.3989512229691632,0.9088156097783069,-0.44733453550517477
937029.0,-0.8876778282099265,-0.8412035250509462,0.7658608509214138,0.5923578011370711,-0.27577017273034343,-0.8796453546598424,-0.5907443488123811
937030.0,-0.039605658423889745,-0.9813205620371983,-0.8808456042862807,-0.3795044255772517,-0.7649356691984339,0.31565576225614556,-0.21763880622514908
937031.0,0.5805737969875084,0.7592415794671956,-0.6330194601333345,0.25656935209889453,-0.6664302401761073,-0.5765761440599537,0.7563955114529768
937032.0,-0.15614745890220627,-0.4702287243931249,0.5358823777269461,-0.9477122993105891,0.4481432565944987,0.44980437199841505,-0.6936869046368543
937033.0,-0.7792331912357748,0.7338008602242816,-0.23900764098452498,-0.42118641341149,0.1644825974066635,-0.2904249209288532,-0.011077251600367433
937034.0,-0.3810432181856016,0.9602343031739986,0.25025937555416977,0.6256710241181409,0.6191395382007157,0.6295472698754285,0.37381242241025947
937035.0,0.09937749524888018,0.44695085686712277,-0.8745392023425793,-0.5728969311540184,0.069939258485894,0.33689713964905477,0.9198774272056389
937036.0,-0.05934340750321665,-0.8028679207870435,-0.8900785604454431,0.09053917876917073,-0.04136538878426865,-0.1835757151116877,0.4983410878572174
937037.0,-0.8476646821070608,-0.3615506264771058,0.6620999112357346,-0.19883376039159728,-0.35401216758482223,0.1378824548187434,0.6428044562359005
937038.0,0.0007645002229201836,-0.8765315782566665,0.9239786431064749,-0.9567379946428876,0.5375445733257698,0.866880747314686,0.2527017648703407
937039.0,-0.42981833072159525,-0.13904038795793383,-0.19610875662685712,-0.2882629673937691,-0.8244157556518705,0.08790289158130671,-0.6042473549854026
937040.0,0.2732410739409643,-0.14944309358807817,0.0363827560697465,-0.8800742146094642,0.9282625642963256,-0.16586831610423403,0.4962843438707265
937041.0,-0.5758790532903102,0.21546814946049975,0.0903459723026534,-0.22168321990606232,0.8103484331569943,0.19884504116903812,-0.1210756414815326
937042.0,-0.3605912384627006,0.7938250448496333,0.05592091552453815,0.8850533895242758,0.94056532347189,0.13639119988363446,-0.4082095301394646
937043.0,-0.1354411723465574,0.04798243733106,-0.6342516399037383,-0.7855217779273453,0.6669933451894174,-0.5698489694341762,0.2549348755125216
937044.0,0.8266693742248594,0.22796953991361169,-0.6072106794217622,-0.20090729078670067,0.21512253814288163,0.37777533990139944,0.04236269866424913
937045.0,-0.18809397792873694,-0.07630403378992523,-0.9439408342103308,0.5298874306724803,0.07471802521492132,0.28679993878575893,0.7209404818755922
937046.0,0.1645768451991252,-0.5696650838047363,0.5278646544815395,-0.14463341699438015,-0.4930009892026981,0.5448935702882265,-0.7814008832499804
937047.0,-0.1690064783372387,0.021906394147010566,-0.47895281352015795,-0.2426351015743622,0.5804496277065585,-0.6890493045511485,-0.20235901938450418
937048.0,-0.37919945005091815,-0.2679389666508414,0.6434867387195731,0.13458533847464782,0.9402883831117077,-0.5192793791567507,-0.847201393700165
937049.0,-0.004793242051819524,-0.14856805710101595,0.9612315040303401,-0.4808707536209931,-0.3009245161408791,0.6537916145850382,-0.8236940151305576
937050.0,0.32293983523729475,-0.9652580362142682,-0.14330820745172557,0.2584868935728515,-0.9474373654586123,-0.9070155390219707,0.41022282312685454
937051.0,-0.1576186900840959,-0.43276371160459437,0.9809733427190941,-0.49297528804675195,0.2205475907354395,0.5147776812125695,0.0357410671068914
937052.0,-0.6358843428674916,0.39793270525279745,0.2999138878131753,0.40513755137169527,0.268034561582287,-0.6413922565374091,0.6784232791939173
937053.0,-0.7609327747723098,-0.5987758791097055,0.951508692740461,0.6837140643054624,0.02188710171688979,-0.6802316105768351,0.767706678048862
937054.0,0.06981979044428344,0.1743347180402357,-0.9019808733873538,0.6368695039638215,-0.6456459764124312,0.1945967215500879,0.0032475963321556556
937055.0,-0.07130170189695462,0.30642832968764555,-0.7677309256079863,-0.9862418425065236,0.2370671418527326,0.9880962226660457,0.17907383164330537
937056.0,0.35311424052652773,-0.2815196556852686,0.8526649801683777,0.24686964824939817,-0.3033275990004596,0.07782710468826637,-0.6017621020981281
937057.0,-0.07505125531096035,-0.46473827166632486,-0.7697344737039111,-0.7550385060313882,0.18188096831853495,-0.5776342711975191,-0.371769995027861
937058.0,0.6867572361082896,-0.5883527549560335,0.6177922579006998,-0.06691745028190255,0.4662207472170825,-0.022761420780968766,-0.22537319201675965
937059.0,0.6822018125918619,-0.18637396292953268,-0.5105553225655681,0.8827595731253184,-0.6157204600405592,0.16687148068753466,0.6639913933256558
937060.0,-0.8542839586356636,0.01865900056305292,0.4997498287209272,0.6115135679920984,-0.03674878128795078,0.7033490178708159,0.4319277798723269
937061.0,-0.20996856397895813,-0.9990793508567573,0.18056688320410497,0.29385721185816593,0.42608052242483896,-0.1710166826941688,0.9158591112845438
937062.0,-0.8895323206396568,-0.2433767272007299,-0.6253962231454575,-0.679202161686774,0.7821620766777975,0.9753113361687513,-0.988776275840753
937063.0,0.7287554184798759,-0.38162824928107053,-0.7126550568536092,-0.6450128626335772,-0.3282559837363268,0.9025649084238061,0.5984586580095754
937064.0,0.7566621906695656,-0.7758450092226303,0.5183405957676754,-0.5489650433846553,-0.3805429270819629,0.6311574960036028,0.008789982565110321
937065.0,-0.7008182253400341,0.8543597527243272,0.8103231116064169,-0.010519716442468185,0.772277146281926,0.6141901953753268,-0.8781572596487828
937066.0,0.2895840773573266,0.17059065549956465,0.6272854737775582,0.9282384626531024,0.7734771632316384,-0.19642397999715855,0.8143393371792982
937067.0,0.3328571666226159,-0.2379201518203935,-0.47896447969764555,0.7269724824373267,-0.4140295899293336,-0.7571993130691423,-0.22768158085610013
937068.0,0.8398640534962794,0.5264870276634772,-0.5482066123958422,-0.9963509677904743,-0.7472349703390628,-0.36583556759622615,0.037035301396900255
937069.0,0.9915733227075196,-0.10956324253322647,-0.33349489124496157,-0.32210981449918585,0.08192342438304956,0.8273772831480888,-0.8462197384314996
937070.0,-0.048794843137302424,-0.6899595301221402,0.19390668098967034,-0.2125360731527881,0.13884692016029976,0.27848257839838664,0.9314411434531518
937071.0,-0.9346588897382517,0.8470193464988647,-0.5562289263675249,0.5258084030598917,-0.32942069953227304,-0.7841269196298462,0.989713842897114
937072.0,0.7654639832670995,-0.27669967409314844,-0.6638111799045114,0.5563442634259266,0.8165028743232916,-0.6746123393274284,0.7509271758225715
937073.0,0.8825983625130278,-0.5693878872620082,0.7858419469642728,-0.8648661686917638,0.14907594674094993,-0.927832197717841,0.6228023785442105
937074.0,-0.6311961768903032,0.38040894006494197,-0.9647930730836825,-0.9130991429602742,0.8826551773172371,-0.0027296873997844084,0.15126302742584485
937075.0,-0.20463645034715383,0.4498566993210711,0.700160098153874,0.8687581993898554,-0.3523367242946067,-0.7903284214520345,0.22858573876493016
937076.0,-0.5858922144554894,0.33919412309983743,0.754316084503883,-0.8099465225727269,0.5331755476805997,0.6600015346270822,0.8569331973963121
937077.0,-0.5463675683356171,0.8865511215493089,0.40737399371206484,0.6427694398227377,0.20634296092962612,0.28310629731979686,0.09267037842763948
937078.0,-0.8669140408427716,-0.8848485770150052,0.6893832125871744,0.9563350403209703,0.8851638754933344,0.5310722901562381,0.8921467045338005
937079.0,-0.14443267385343206,0.8746502688015596,0.5362196224913569,0.9886268108476113,0.27254497345155393,-0.41149928364723,0.42351934633693533
937080.0,0.4299232828489232,0.6511846742768641,0.06456855881230883,0.8366426550423873,0.24262684286624236,-0.9995790920226111,0.03674235012338656
937081.0,0.6444976902043971,0.9413849744707208,0.8434847795699847,0.993521578278862,0.4562780691454449,0.14329791047349927,-0.8503726311774693
937082.0,-0.14807345098387192,0.17463068116482172,-0.9710928383466069,0.11910210154406853,-0.5848275503547478,-0.9514395182175783,-0.7767572842785191
937083.0,0.19602510628173286,-0.8698086188035896,-0.8096386278721983,-0.6141410196534309,0.2875935496508695,0.26204318280054273,0.7013236806724008
937084.0,-0.8409143483478474,0.9430182937161369,0.9478679219259301,-0.8805741420549735,-0.9677953825156507,0.6178142255175612,-0.7371884663125852
937085.0,-0.8042823500364773,0.013129024763428365,0.5879236639294603,-0.8055379443018063,0.2203759265140941,-0.9769872485248103,-0.5924074104322454
937086.0,-0.8780666459468882,-0.7963430633482553,0.18263633732378182,0.577991024307428,-0.9274176295406436,-0.2829977336914311,-0.45786586873018975
937087.0,-0.8113956198667285,0.411231770423063,0.28457226149865966,0.600944858831254,-0.6652268777501629,0.31558690969631886,-0.19219818086665907
937088.0,0.5769969757788913,-0.7708915102262806,-0.6066570743939419,0.6295887758839627,-0.17729355482479048,0.48565994350156805,0.11695388854832367
937089.0,0.12671059596226808,0.8385065303248709,-0.04851008895156972,-0.8338455717339643,0.6349411386970714,0.19836230611599892,-0.9516057972493979
937090.0,0.7143451252015776,-0.16631721268222188,0.9588282900046723,-0.03931492328260289,0.8444854728175644,-0.6902774675552876,0.27789813459672774
937091.0,0.37743693879760953,-0.6890174029841969,-0.4671653889348908,0.2736735964193,-0.8665399781692587,-0.8046369960487392,0.21158775263727958
937092.0,0.24113002510001813,0.05940868196620408,0.4898689859339571,-0.6661487707853726,-0.5402612508279327,0.43102762911397696,0.9433118949124699
937093.0,0.15152561988467128,0.30965141612951186,-0.23068952110667706,0.27686391636039365,0.4311428401363526,-0.6336278685345387,-0.48127389490267514
937094.0,0.1698183800610522,-0.7674814460301502,-0.3016286940987747,-0.369399777322982,-0.6711296777119307,0.8585792093319642,0.9460066810535042
937095.0,-0.47273627650857875,-0.3813193289450527,-0.5951228641210444,0.39406715498162015,-0.08886046021506289,0.5857991632153448,-0.230234742337996
937096.0,-0.07360089728430652,0.38136268716888355,-0.648557293539682,0.5916477820595203,0.09609472091574212,-0.3902947917402133,-0.8390575037082857
937097.0,0.7742907684672522,0.4605129522546101,0.7821435647444193,-0.12846981948486214,-0.2871333657505377,-0.6146663430657262,-0.3208313248758834
937098.0,-0.07178396132109799,0.027432912190451075,0.060797980658983564,0.5448872124158968,0.09762507468825454,0.10365466865776418,0.5417244300721673
937099.0,0.72795155188187,0.6509252893830095,0.6042102976289152,0.32408372287046383,0.417859207015566,0.8915477827093106,0.6921221117036889
937100.0,-0.6724642237173222,-0.4929743352674554,0.5135462988873116,-0.9414547796713344,0.18458681023809853,-0.8654495501063806,-0.3629923053769615
937101.0,-0.45391689183247363,0.10370671936564668,0.4504062973751053,0.126865069259525,0.18584769384254307,0.9688886683174507,-0.628855161312817
937102.0,-0.050640795260650684,-0.24610722136053176,-0.5024251392018768,0.6253547898855984,-0.8797015370170937,0.7815254083001044,-0.9465765537800568
937103.0,0.3242884627001277,-0.7085228908569823,0.3107146871067532,-0.017581052901553207,-0.0023785996490348627,0.3584836656111787,0.32239825850500536
937104.0,-0.4775562473878159,-0.029153732467910976,-0.10222422410636156,-0.4240864128085755,-0.49780494521436913,-0.1567011898619728,0.5856097642599716
937105.0,0.41277032394470203,-0.6161349727160264,0.7085898976478862,0.3055491566413322,0.26050056483641826,0.3930000567034224,0.43330102462158915
937106.0,-0.8461020593455568,-0.8983847206048676,-0.30679960132091355,0.26893353297386735,0.3174440320469989,0.9529016790622917,-0.04567075943859811
937107.0,0.9914411715708595,0.28229279815650643,0.7448740078469156,-0.17453623554188025,0.11616822951049022,-0.4502535646869861,-0.2261286639076645
937108.0,0.3528982569160959,-0.16894823883318422,-0.7062294037839976,-0.05192135385278984,0.5213760503947222,-0.9177586592756823,0.22754215005525236
937109.0,-0.03376962539846695,0.8176341404037415,-0.38595472040101697,0.31876022011926786,-0.6137301989873123,0.8707378787727662,0.10310225612404489
937110.0,0.8818322142061001,-0.8271591547024717,-0.8098825327490635,0.5215550324329119,-0.9822583490966197,-0.14667864174764245,0.350585786051858
937111.0,-0.9154143391783682,-0.06498927360640616,-0.07912642951777049,-0.08846333317782085,-0.4012814573614798,0.0896628577598988,0.8754378441505772
937112.0,-0.3263552242485801,-0.8470706124728193,-0.12067684328824058,-0.4493330523115924,-0.738809561294296,-0.5645439763735853,-0.9121714257769236
937113.0,-0.9294468049091422,0.3215064397156846,0.2158128807572448,-0.2176734751097551,-0.6018723543737188,-0.41587924131605525,-0.3813215025236556
937114.0,0.2554276971057807,0.16472069571949843,0.9596710636102443,0.4678022449764301,0.8128184122568678,0.48306522369452565,0.5045576030291072
937115.0,0.26996749039151346,-0.0460295353774518,0.8971449569973293,-0.801349211740505,-0.5739339809194879,0.4764504868035997,-0.5561558036848115
937116.0,-0.01826999224546655,-0.8765741756193184,0.1618763127595284,-0.672855116530612,0.9913393991037842,0.3710121412909124,0.3275661344746159
937117.0,-0.9450361868405064,-0.7590461038768332,-0.6098714187735546,0.6725072720492369,0.0483878165258258,-0.5825964818610916,-0.5795348807375089
937118.0,-0.10524433681672485,0.6463148959279297,0.4150311567304079,0.9863033718597112,-0.4985409803861631,0.8130663967963159,0.3125687444125418
937119.0,0.4557806960099109,-0.4926005583141073,-0.38384608687272914,-0.9991993766503628,-0.4190535925033525,0.7191629121651586,-0.9161080039356642
937120.0,0.47750685919176505,0.6998905444052186,-0.18443044007538045,0.5240108801705854,-0.9147949366202393,0.9482143984769225,0.1458482336586473
937121.0,-0.8041941794439365,-0.4351934194947713,0.5569372226416711,-0.36837326797769543,-0.48749036061618933,0.07086390133256071,0.44375229074945666
937122.0,0.9211533377313563,0.24654993430218064,0.7049096136283299,-0.34379059065393136,-0.5829271080075826,0.6113172889723524,-0.045486681522456385
937123.0,-0.8590600333432505,0.35459668893458995,0.4035181224498643,-0.953969649013563,-0.10127622962929461,0.9022245383459038,0.31365934100649717
937124.0,-0.5242703998047267,0.9695506896820754,0.8760944109776589,-0.04666366419602341,-0.45634641053522174,0.7462095692850459,-0.6185138078774395
937125.0,-0.3115191224307612,-0.29522050828761026,0.6478057723333743,0.05566596939194279,0.8683433221494656,-0.07284653136469621,0.29732322775694353
937126.0,0.9142483887454764,-0.00856397254293162,0.5748709855555454,-0.34740113622407476,0.39540054998933183,-0.3723788513291335,0.6776877188572992
937127.0,-0.016694822407232746,0.20448645090033635,0.8188274480492426,-0.14617609730610392,0.21057190075996646,-0.6426886261888443,-0.2934555288022098
937128.0,0.9614787327690015,-0.5774633098678372,0.9525724778657476,-0.2247646706313895,0.529910274019765,-0.023894860496892267,-0.9707283731229084
937129.0,-0.5479963084912121,0.7650349951505875,0.20157296921454915,-0.4837204609574912,-0.5978806340291343,0.47138867440961296,-0.9909199198589729
937130.0,-0.6533094485524942,-0.34020094166813153,-0.8000051048020156,-0.20742298485934474,0.24742745237213892,-0.373841168356954,-0.7569573005891783
937131.0,0.6050701267231249,0.5215540890962687,-0.6346401721124337,-0.3717669206086107,-0.4751006944863265,-0.47439179848313096,0.6139282048847869
937132.0,-0.44022676673876804,-0.8246606378832437,0.473917975462838,0.33406905507549545,-0.1368975130678205,-0.8668439264379517,-0.048138022961892846
937133.0,0.7247403658670601,0.34789635615463066,-0.6688758594905697,-0.3555087779811932,-0.7045216038158271,-0.25820200883190325,-0.35845244247314745
937134.0,-0.13847816870180463,0.7135457620545029,0.9827091998221806,-0.19281410865777215,0.11917076836193319,-0.0036254664256847313,-0.457559931335598
937135.0,-0.0015406311911860815,0.7406926206140316,0.8711977921888161,0.07907532233865133,0.15821758331778257,0.6941129525667205,0.35149599960563593
937136.0,-0.4545769396292825,0.09901387943332551,-0.9573192373744999,-0.6341350073355774,-0.6355445231399501,-0.8401086025914013,-0.35786171016947366
937137.0,-0.2134709772598138,-0.11323055009458005,-0.8503409015277719,0.8768425903132271,0.10088547602960674,-0.7975328245084676,-0.563564186304836
937138.0,-0.5906676067955494,-0.5386657664951788,-0.38132503583180744,-0.8134830175115353,0.0801395058151233,-0.14969358866413995,-0.8779828488738297
937139.0,-0.1350037027380917,0.8799355325231941,-0.2758211234873993,0.7502367077318373,-0.7097605569367793,-0.024574133382299967,-0.9998310181878391
937140.0,-0.164605210828207,0.38828804748929846,0.768386225593324,-0.983537836588013,0.7539256233801548,0.395086172918268,-0.9509971142870648
937141.0,0.4860068896076837,0.8001116677395941,-0.3425896229794194,0.9190871100740452,-0.06176106591778696,-0.23655047439216803,0.767532590212828
937142.0,-0.5581088291449072,0.7674506107137811,0.742276800295971,-0.5706578647547682,-0.939483987509325,-0.07732116335791517,0.008547498052746239
937143.0,0.2078960763139226,-0.14287243024754592,0.29030041352417646,0.6044308599062012,-0.08806919475598818,-0.4717166764925591,0.16993842667938175
937144.0,-0.46185392812135784,-0.8154626495606012,-0.2390333314246178,0.9824349263330718,-0.5948181723366546,0.1244192111673561,0.5949436736756022
937145.0,-0.25848774680431363,-0.3637125489292923,0.2424167231266292,0.84488030004674,0.09673307121517194,-0.4249908134689646,0.23242771140040341
937146.0,0.3781240645515933,-0.06279205671991872,0.3105991386169573,-0.44180109584957505,-0.11278211554763007,-0.5321537041194138,0.8017060462177306
937147.0,-0.7976019754413923,0.9323169157951645,0.10548841855699131,-0.595016565991469,-0.7296557776531836,-0.8610296265663622,0.6662502602969467
937148.0,-0.1537678476871256,0.15781939650212706,0.47555653877214965,-0.9872559611481688,6.26514044934634e-05,-0.29469322203715986,-0.7881457795065478
937149.0,-0.787730854175795,-0.4674935071173998,-0.7503073780973109,0.02361148908562649,0.7307598929601513,0.7540847353842535,0.02753304224949904
937150.0,-0.7304454266574276,-0.9645936300805857,-0.685463578146664,-0.16777439999932842,0.46962064015695537,0.29120516801605345,-0.07860813266612965
937151.0,0.3641543662558926,0.37145538546205104,-0.23780335604892855,0.6205268154106793,0.3631936082049214,-0.7641685845269475,-0.564878642088462
937152.0,0.894589438290631,0.5543198635861426,-0.0005700623387157044,-0.8419402428111191,0.5588053305630685,0.3108501592444606,-0.9707445093381024
937153.0,-0.4677608928114332,-0.4509064797899951,-0.8339025362146324,-0.2905703475171404,0.22691326280899338,-0.8188655416837622,-0.8588579960824381
937154.0,-0.49967791682610563,-0.9267473424096562,0.3501461153656318,-0.301394029388653,0.25595268462197907,0.4872930740762391,-0.9815363507089003
937155.0,-0.014347037336748691,0.37637550435221634,-0.08146294479886063,-0.41112820563186414,0.8638905578492826,0.7772526410010565,-0.822318294134732
937156.0,-0.47400250591814963,0.48594427811784113,-0.13565513185867828,0.6317995027428103,-0.9527707763848501,0.36114029207583664,0.08580188796963473
937157.0,0.3573450561427276,-0.6134554280308739,-0.96961621121303,-0.723705729900894,0.003445246067579344,-0.9092646692494655,-0.9390844918214722
937158.0,0.8017942562101481,-0.09770737170066468,0.14359052469863132,0.3609483904178479,-0.8343467555329065,-0.5715892165552974,-0.12929350854725907
937159.0,0.4656204843634939,-0.34934449334909434,0.9207482661890165,0.3062650774436855,0.10468020136050105,-0.4007530086618294,-0.27770136263008705
937160.0,-0.7932287127608864,-0.04650265014499855,-0.3714815098263089,-0.6856689959408255,-0.36961891998388907,-0.5447958611081534,-0.9211704857007585
937161.0,-0.5433033653048891,-0.5002482730261277,-0.7371625695894737,-0.8728940658290325,-0.7005684858165737,0.7173735914141064,-0.49977140995936264
937162.0,-0.7668601023120261,0.3410381601910373,-0.26160927649754573,0.3576932815528904,0.891206832258336,0.2717893004052303,-0.02300947126029551
937163.0,0.6407279960948917,0.2367953280635895,0.7399300811796421,-0.013780670769944159,0.41364054737804334,0.3832786994274975,-0.5472848993915715
937164.0,0.02318835822443588,-0.678603618399501,0.6498657276612148,0.006662557124003987,-0.8173920211896166,0.841841957682123,0.592148941076919
937165.0,0.08599861375666396,-0.5563057486908289,0.15423290934770595,0.4592194877705289,-0.9495730239733315,0.36525037779321967,-0.860342756571036
937166.0,-0.9716164135366505,-0.4856998852905128,-0.5698771461135554,0.31551287697042985,0.4773754788749065,0.8890916913172473,0.6530108935173968
937167.0,0.6916308367251804,-0.6421361469254763,0.7796069367992775,0.9516869623036364,-0.1900514979510466,0.811278444838391,0.9641209744993497
937168.0,-0.5533888317111526,-0.8873320623689709,0.14396485592357133,0.2146991344752447,0.3475827554689652,-0.22766905726004105,-0.5843467942355887
937169.0,0.8956588364537474,0.8411602453873981,0.32457936880111204,-0.7045067032380214,0.715799365822803,-0.623819060426696,0.40196301931437994
937170.0,0.6126390292449706,0.9213588430186834,-0.3897561776847529,-0.9256293826603432,0.06409189305259066,0.29594171085069276,-0.2414808773031738
937171.0,-0.07487986749746822,-0.7640586137971677,0.2312900116633707,0.8799281285109599,0.044812486058903644,-0.38316562613649396,0.5499739285905021
937172.0,0.027577660088620837,0.6428261026305968,0.37720650086714436,-0.6971499406549908,0.7991648258884441,-0.34630036096363503,0.8934923567547322
937173.0,-0.46576706550968905,-0.4450851051366913,0.4388774051658577,0.5061087520426606,0.34465196129140296,-0.021678913346863116,-0.5918226771885733
937174.0,0.09543799110430706,-0.5898746285708363,0.7374059835923974,0.7944968904542349,-0.9405610310067545,-0.7597398957547317,0.7441150405708339
937175.0,0.5880343891650106,0.7385710193060664,-0.10688725263742294,0.7689966964988064,-0.5748577150660474,-0.736859333616511,0.9715583219444159
937176.0,-0.3196952764940917,-0.3900195598456655,0.9620021291438294,0.19582822876022954,0.2941131346499317,-0.9137646486083955,0.7717403549026052
937177.0,0.11854928196556869,0.7740084293410894,-0.7427002376915586,-0.40306087954669745,0.7854689247894164,0.496621153607963,-0.18611271673867935
937178.0,-0.8509425642418833,-0.0514308840271418,-0.9819477204168998,0.44020805117500883,0.9563801971921244,-0.03269488837397683,0.8756354501617012
937179.0,-0.4837357757739793,-0.7931077970583928,0.4852129246062675,0.8593207108691465,-0.7736864348159109,-0.6397203099978008,0.6508191095512537
937180.0,-0.9576796625473487,-0.3184485983420393,0.881867739177733,0.3617263872354999,0.3372397551533908,0.8220513772019926,0.014853758140425777
937181.0,0.33787779081488445,0.7888697561977436,-0.4225354947664335,-0.11217881484782866,-0.8912419986940674,0.974011515755552,0.3149334098554031
937182.0,0.39931497976567654,-0.5793899142041221,-0.14434070678808864,-0.9570376728333112,-0.9963894200850247,-0.446115018206412,-0.14623514154758932
937183.0,0.4036610423886591,-0.789290173468999,0.04657959562492486,0.4380184554332238,-0.15630604353285915,0.6936720550381947,0.8909913486619085
937184.0,-0.6160581238273799,0.2644162846979765,0.6252353938165676,-0.5448694525557389,-0.9859236419033004,0.5290822189050335,-0.103318464165298
937185.0,-0.7211282762911362,0.9138091003140649,0.6070593412832979,0.30024991186736893,-0.2520489082456796,-0.14649026713422386,-0.33301875833143546
937186.0,-0.22450404502030863,-0.702540309712844,-0.7186669020351375,-0.22385307697572676,0.7276060651691165,0.9265713941111899,0.9632013993333888
937187.0,-0.5635506415677962,0.8335838944939762,-0.5211381775663673,0.09599756906430934,-0.9752877331701397,-0.285896696363255,0.695434831813684
937188.0,0.939064575950628,-0.8595100135759193,-0.9965542599140578,0.7715196506181095,0.1946858786267538,0.6158140677560382,0.7632847865055021
937189.0,0.6113610200616033,-0.9539818729251452,-0.8620645830063072,-0.6440402816279076,0.8983466268719522,-0.7007856598536659,-0.2644164798680886
937190.0,-0.3273239060347024,-0.7460739712475084,0.8381361945749461,0.9066204597026011,-0.429476180527568,0.7742405341978305,0.1324447681534806
937191.0,0.5797020404364837,0.27467318474736446,-0.7934891097778767,-0.20492020796336874,0.4392379647579798,0.4712840127981217,-0.36542007317489
937192.0,-0.7417355885913555,0.850741193948658,0.09979086996637743,-0.5623852735746895,0.030519556344743792,0.6573414867234351,-0.9494427753222792
937193.0,0.3402464114298782,0.21086761013152766,0.9246741114856643,0.5393531907818199,0.5285374038154109,-0.9505237501999018,-0.30892668392402656
937194.0,-0.6322961812199874,0.7704138888305299,-0.20404360589349535,0.1619097537117411,-0.44503756741434186,0.6063339806057193,0.8571303561410875
937195.0,0.6056107608259329,-0.31338842326829,-0.5773948496586039,0.6885252310494836,-0.5295118640042289,-0.7246848350077377,0.6356664518155561
937196.0,-0.15764065468379806,-0.5898438857734847,-0.696271295022888,-0.043310976706842474,-0.2122962810104776,-0.9567981859406738,-0.29102400280667884
937197.0,0.5945632929809568,0.34458194650023843,-0.7359502140591809,0.6253412594941299,0.5574212190738026,0.27724824691653094,0.83903921406312
937198.0,0.9716424894758231,0.49951430942899,0.6891399746748756,0.4759746932577751,-0.7485559514092073,-0.8183722194173328,-0.3024196272722117
937199.0,0.050476294656225607,-0.29399066536386287,0.8012917389237761,0.1345543506260718,-0.37151599317684036,-0.5085477777996783,0.5152542194050074
937200.0,-0.21254354694701805,-0.3455493405276273,-0.5549033106224641,-0.9509957094847439,-0.9827618001353671,0.2648055721380176,0.8732717123726754
937201.0,0.3760267282974159,0.9166058798854562,0.9831087208586575,0.7153434800756109,-0.24900910888541694,0.5777594610218861,-0.3982584368331883
937202.0,-0.04910739215091953,-0.6193644602657371,-0.48085481310986,0.3386807191584482,-0.34807458714217177,-0.6798406727831758,-0.7643580841740123
937203.0,0.9165121977027169,0.1517812538256298,0.5200099306631505,-0.5436354038655089,-0.3805231392458419,-0.6376611853752627,0.8771801700657993
937204.0,0.7892822362749088,-0.07913602571894574,-0.8991233684891886,-0.16249014072308632,-0.7385063383572639,-0.8826856325143866,-0.6493632562010987
937205.0,0.7994486148422664,0.9754952599199327,0.1926092194707969,-0.536626221109143,-0.29666962694836263,-0.6329394893083946,-0.46630392192435566
937206.0,0.9018268107866714,0.36032837488724256,0.8453032661419126,0.5816648002426046,0.044461251607794905,-0.5908087995753097,0.2009405612865094
937207.0,-0.13217239334250963,-0.9198514306803844,-0.42742408252770625,-0.6270650703000173,-0.6307079464276009,-0.4170380722323306,-0.7567967919483047
937208.0,0.730688135422646,-0.7390256642142146,0.8728973808961429,-0.8724473293115778,-0.06172755841521238,-0.36265093166245777,-0.9978793125529537
937209.0,0.8334751011812165,-0.710187900882753,0.4168491053344001,-0.9701816558182372,-0.03088484989656992,-0.7337363723403625,-0.8576169558825795
937210.0,-0.49894664659820176,0.05907179286833486,-0.19054111251436456,-0.603522875827164,-0.6294139241406405,0.43386674724287455,-0.006523545207597792
937211.0,0.36406666981407176,-0.8553432041692823,-0.5744938099583505,0.14117391755238784,0.3497659176310386,0.9027817455242331,0.5094955182894445
937212.0,-0.4083022109612049,0.12693031908342123,-0.06581991888429428,-0.03836008090931475,0.678968252890632,-0.17853046309438114,0.25808630490630646
937213.0,0.15360286644940246,0.3577623587484071,0.7626450418975925,0.012481175039929404,-0.7051978787760564,0.5340893923690204,0.9234625612383713
937214.0,0.2851097093566697,-0.1734429280644263,0.7162763531823848,0.07432789522445904,-0.21440351471563224,-0.528357335482242,-0.7512363679864738
937215.0,-0.2803943358505594,0.01951057650339738,0.4806858505697642,0.20473214850604293,0.8451302386525783,-0.3264584582869454,-0.8357142857056274
937216.0,0.15523318877411985,0.32814180121255276,-0.08126153933225999,0.9296313130416718,0.9574029396364467,-0.1501281264168779,0.020084318605921414
937217.0,0.4631656037855312,-0.6847080421954257,-0.13663367550790362,0.6319899328892091,-0.8853598226996819,-0.898431404214713,-0.2725837302436289
937218.0,-0.3235074141304186,-0.4178556666546833,-0.9408052867472256,-0.8310329165799979,0.5327142964767657,0.7278081321001051,-0.5602518711615665
937219.0,-0.4676260713213509,-0.7935554972002914,0.02734220262302922,0.6074106944059663,0.18364218732361848,0.4136355274554724,0.8487136968816913
937220.0,0.5410483733237124,0.5704902964937404,-0.853280407125514,-0.01174828948648532,-0.12030151570750847,0.7405889847878355,0.8641862771883717
937221.0,0.3894587573308319,0.18829543540126892,-0.13016727620505564,0.985020682514512,0.3566688337957922,-0.8745635924935597,0.11428936482115426
937222.0,0.7857518984231924,0.9387644560238582,-0.7992905144055729,0.8905519341671635,0.016510387281061245,-0.35576075435860277,-0.44011316995054206
937223.0,-0.911423909841939,0.8806547336417323,-0.7725123910036211,0.07845334541718185,-0.43655566440234206,0.9702915282040274,0.5712408485776406
937224.0,-0.8578064994163623,-0.08959274997530864,-0.3434244918950258,-0.33585135168364544,0.04584538249830428,-0.45417359128850054,0.6448373837730996
937225.0,-0.44316286670351435,0.5140030512782534,0.817830766685337,0.32699757487565617,0.9815427348261785,-0.1777102238306114,-0.40955012782645084
937226.0,0.643116109346237,0.08571477735176058,0.35156096311227625,-0.19057519199874307,0.5889835104697716,0.9442008776638657,-0.4345742039421685
937227.0,-0.48636458018826567,0.41786430217705095,0.646624855688648,0.6908603580408561,0.2660171404219456,0.699711863610208,0.592109849442604
937228.0,0.9682573497621696,-0.4663713883937839,-0.9795913683906128,-0.28858601460884126,-0.34066445451748595,0.8960891091509424,-0.10333422573499562
937229.0,0.46566083591570395,-0.5028337997119872,-0.8451855336628866,0.6377922207527669,-0.4456468220441252,-0.2762695368534378,0.1778295761923725
937230.0,0.22122524502654195,0.4919076037151533,0.39320856650696867,0.043751649054412756,0.17174546116545653,-0.8863179610120329,-0.5137802343834779
937231.0,-0.42266105302880863,0.6310459411964584,-0.10297631575501787,0.3289848248840799,0.5854738689959473,-0.9140971432481921,0.36953943447148463
937232.0,0.9961862875736809,0.15158220645740195,0.9007544702636456,-0.21831620843030053,0.4255887302115884,-0.0031794486465670513,-0.599292357922546
937233.0,-0.07840065263528495,0.3327062569340311,-0.6196681570777112,-0.5968607010159817,-0.05215098029687559,-0.6827376651709605,-0.09835543274256664
937234.0,0.7400865091999504,-0.4517118846656021,-0.15886245557939538,-0.3775172749076352,0.806598718670724,-0.9993370220144235,0.8140849167871183
937235.0,-0.21059917872368228,0.9276375096550991,-0.018900767494312687,-0.8403264148228728,-0.1794538556748171,0.3915095762243346,-0.8671663499012185
937236.0,-0.8205234223218192,-0.6661210019185257,0.5913781482199891,0.8833389280114408,-0.36114020655533885,0.8025209288967434,-0.6770558930203281
937237.0,-0.5547844172550587,-0.9244927524269861,-0.7776512221150622,-0.8322982214862362,-0.7626962587470831,0.17157709008848077,0.15101585688057417
937238.0,-0.15129489596844037,-0.328908522657531,0.0998818409869966,-0.6553475740146217,-0.42330321690381933,-0.2149917831347148,-0.3415658246831528
937239.0,-0.9479849947073744,-0.6360659057177382,-0.061221054752424564,0.10456288190860485,0.6524529119602933,-0.6901281163919206,-0.43022616445763995
937240.0,-0.48786658083543477,-0.4572646918758765,0.3730327317725739,0.20899096549062168,-0.6392041182572132,0.4093009704456232,0.995972466460106
937241.0,-0.9334365721703419,-0.5765819552672387,0.2314993031117487,-0.4051763136073363,0.9854695438529639,0.6739937951422381,0.7927406755180892
937242.0,-0.8515706054505656,0.6494104036837909,-0.8235030782053039,0.7719522936241274,0.9209894212926735,-0.7236928341266406,-0.7553793459899745
937243.0,0.6549992632306203,-0.744750901930354,-0.5551740363378612,-0.9803242046521965,0.5872564541632861,-0.8995568889790524,0.9119458481668279
937244.0,-0.29424650614446124,0.9335810819960213,0.7369691631418689,-0.882001718312404,0.753346983360182,-0.8736655236377622,0.6148286428340621
937245.0,-0.30296586666682357,-0.7695799814284012,-0.6993654298926246,-0.8504390651758214,-0.15789967568055974,0.03734573741499969,0.4669431936831525
937246.0,0.33366214514758696,-0.33671718247439286,0.12868394516919124,-0.008791681279874952,0.7538150082048063,-0.8223241264083472,-0.8265690129589232
937247.0,-0.345086304874193,-0.35683132386607475,-0.18681562486921588,0.34210314380551177,0.6698330573678033,-0.14962127544919523,-0.555660757073775
937248.0,0.004294165351687473,-0.6685502045438168,-0.7670947762247355,-0.9368906876701701,0.5126749975254385,0.00248818737415224,0.0056816871653462275
937249.0,0.40676752835147933,0.9082709845270724,0.6088181357111848,0.7359539848660586,0.17496814802808713,0.9074293225596781,0.012805138615250344
937250.0,0.09728080947122852,0.9547794807427565,-0.8361281710764312,-0.5233226099204318,0.8000100737440279,-0.08248652247627253,0.2787575824224564
937251.0,0.6513684714478163,0.7370548995687594,-0.5705095169968517,0.2869425472402396,0.003317294701866258,-0.5779905128870897,-0.1405623282888231
937252.0,-0.6838783207805796,-0.31567745100699574,-0.762524396324463,0.8654422907546764,0.3739711855215062,-0.31445351124572296,-0.8014487756780442
937253.0,0.14137848912948647,-0.5452554860776364,-0.4211062309341784,-0.8214798587467185,0.6777778651036608,0.04258344427906624,0.023898051318546276
937254.0,-0.08240580979449419,-0.7700731890662396,-0.580519151129715,-0.13772576560076488,-0.1277453503116741,0.43968482281507426,-0.081331188227598
937255.0,0.10647798062225289,-0.39515450138865305,0.3548803782475398,-0.28494140215854347,-0.9594778871780478,0.8854463081862742,0.8371561357655088
937256.0,0.3160637066791574,0.27881816403470383,0.684338274247196,-0.874012099473011,0.5370960476665345,0.31863907289184157,-0.8062958663741893
937257.0,0.7145287439263328,0.8158995928858135,-0.21342016188033064,-0.11107904193167828,-0.6648450475132057,0.8394813435408635,0.9090357724491491
937258.0,-0.2952913092029281,-0.18694279174399941,0.5910213250587883,0.12090490480484029,0.8087973237176311,-0.36719087297277997,-0.27468801424574063
937259.0,0.8855271035861558,-0.17474395024386657,0.2904815532133207,-0.2917952469424927,0.06674544219233125,0.6924447801515357,-0.03162470680019247
937260.0,0.08911133686583383,-0.22023421505657015,0.8636820620252601,0.34850515318946806,-0.1912028588424597,-0.33219550325673497,0.8155682177614259
937261.0,0.31094487968653284,-0.9416515692552834,-0.8071318766157829,0.22588089603853923,0.3501663782891351,0.005595312188347634,0.6212770821497611
937262.0,0.10491274999814992,0.8272435826217317,-0.3662425830163205,-0.5719105151877366,-0.0743240799206959,0.6139711507253041,-0.9693281229324704
937263.0,0.4768699829014349,0.7421412701802563,-0.46286129170594315,-0.01469780865804493,-0.6249153022814975,-0.18853545810078787,-0.8541098591294078
937264.0,-0.36215744629237445,0.7688973722531143,-0.4288990285186238,-0.7128485492537735,0.3127537508504543,0.7335373036580299,-0.9708274476071239
937265.0,0.9873885463590053,0.15850247662962547,-0.06108517134297342,0.9662533373348472,-0.004809570492987136,0.04798732406877049,-0.3611361339854573
937266.0,0.521663196501116,0.5379287756292181,-0.12331213335215097,0.46156494150220895,-0.42632004304069193,-0.08858588589153982,0.9986565041593733
937267.0,-0.8992446004989918,-0.5217109035208651,-0.06335487289995356,-0.31208801837138456,0.8751504583335001,-0.37560956929543954,0.6720273352902861
937268.0,0.9769038238500596,0.08217424802459239,0.6166921198452069,-0.12107845507115522,0.15760050036984397,0.7171530458309285,-0.9572041431741212
937269.0,0.8670773114232777,0.3804187365698226,0.5057857638319472,0.5801311036380943,-0.9858522718098097,-0.307531771608029,0.018534348071582496
937270.0,0.3400231680021357,-0.5160249377740613,-0.42259204544783513,-0.2312993671422332,-0.1566250491382568,-0.7146143911722862,0.6007646085294622
937271.0,0.3488387800653898,0.7787856155583501,0.14043124009685215,-0.3562052483989304,0.2206528306850153,-0.2831261989605198,-0.806641983592643
937272.0,0.052684504791153275,-0.47060837440677195,-0.043500539209121,-0.10562217109604854,-0.6181170684204387,-0.17296661764408117,0.9624293188142738
937273.0,0.7543854068480831,-0.38454940246878677,0.07096669840239866,0.15918379686859652,-0.4925443258900968,-0.642392434766939,0.06186871134929772
937274.0,-0.33355953152141504,-0.840172171786578,0.8043699354567857,-0.825140808000483,-0.6558617104408386,0.05698815118171652,-0.5267852742358774
937275.0,0.11722407304026605,-0.26774541731062573,-0.7242474815522888,-0.4470822540980848,-0.7783935546578842,-0.002900868451153338,-0.8294069238099608
937276.0,-0.720399433806542,-0.8805265194207985,0.9400477891938075,-0.8994961218899713,0.07050990181889039,-0.12199384384968304,-0.6883512749172565
937277.0,-0.1223499594444899,-0.16810312393447524,-0.7766757998539104,-0.6774081184115224,-0.49483743896242416,0.37040348076625973,-0.0812288218196533
937278.0,-0.17144914957503388,0.3118468629051203,-0.45746433764760863,0.33891188378054227,-0.9769458067906303,0.7825015358418654,-0.3098798002362555
937279.0,0.6257415485094426,0.9784798077443069,-0.84248630531808,0.058731904565769266,-0.2985640019164202,0.9573309934216361,-0.8363550870753751
937280.0,-0.152251528141508,0.32829627007421935,0.2801545407284849,-0.9465535366216036,0.9527739864911622,0.038570517363686996,0.16155940541819636
937281.0,-0.11779552390568182,-0.1798040510296297,0.5025747399689102,-0.8667182065107715,0.6052236916469242,-0.021345841755655348,-0.6654438648650762
937282.0,-0.4838641270361934,0.8917251986627701,-0.9059726267050245,-0.017680857246456405,0.9509414237057763,0.12753694296889462,0.38750094936873514
937283.0,0.6538257142190367,0.7225195427812448,-0.8114612452986594,-0.9596355847709073,-0.4005280409379268,-0.056463584069170736,-0.40764085122799965
937284.0,0.4240524711441167,-0.22347237973148526,0.4998564721395131,-0.16316726936200698,0.39558866541788773,-0.746942838756784,0.10862432806267264
937285.0,-0.9795716855924574,0.47140909399134023,-0.11619476263559969,0.08178738720400269,0.861616591352244,0.16504314019540645,0.3164281356600822
937286.0,-0.06181565103482001,0.9095566272286861,-0.42240403822456396,-0.422800929192235,0.3372643043977863,0.22749595531900857,-0.8756960432598093
937287.0,0.9439120364253646,-0.9366550683715249,0.4591970393751754,0.16636369407227725,-0.5470398020534075,-0.5292066480334712,0.006811043741446143
937288.0,0.6652678758737971,0.31580327221009186,-0.43685932232350466,0.8978000798344878,0.20817933807322575,-0.3968132939051039,0.577042155222157
937289.0,0.06411190642775422,0.10688761500420418,0.4677060145975287,-0.9419038972402247,-0.7888501978525031,0.12239204802877257,-0.6668043297655979
937290.0,0.7531899857116964,0.026223320218469404,-0.17706754519186818,0.4017584201003992,0.3764712713573788,-0.2632250217708052,0.9390146134180906
937291.0,-0.41086083318711486,-0.010764879684308282,0.46356728930766566,0.11889874567392655,0.39806744836027685,-0.61559598638915,0.6811747409495978
937292.0,-0.8493303470936966,-0.6953582265554381,0.923138615253325,0.8116413315401971,0.649528004983281,-0.8752417598802775,-0.6256117149246005
937293.0,-0.23672493372210202,0.7458284221402343,-0.28574771840202295,0.9952662751865609,-0.35793958258059,-0.7665366913067044,-0.1119474191867762
937294.0,-0.10382196447702685,-0.7047836196259352,0.34379014297400956,0.7186046897880796,-0.9207286857626162,0.46764241199708856,0.34928346408739896
937295.0,-0.09820523618962906,-0.14051279483544699,-0.1925208545126469,-0.0085105912379968,-0.10741662993474099,-0.23263697026988805,0.9053968201089764
937296.0,-0.5572158050939562,-0.1036365978510001,-0.24698394309910232,0.7808073787860723,0.6444176954468448,0.8888363149384548,0.2884251503758166
937297.0,-0.2652064558488134,0.5257152527687008,-0.09338499258842137,-0.6274504506033773,0.3725236756815189,-0.5377232493491255,-0.11342324402758663
937298.0,-0.5374709727369515,-0.8498768263623777,0.46780141016759114,-0.13812556822492672,0.1399882551885243,0.14890435673060387,-0.054180962079681816
937299.0,-0.9039163784075535,-0.15249530785699106,-0.5571335297462647,-0.25519077816146396,-0.5717233475566883,0.7702015330706791,0.6020544725758261
937300.0,0.1842154865296861,0.5524255827628541,0.8431275705673398,0.13916203324746745,-0.44521198337917367,-0.6120170764364317,0.19299072542036777
937301.0,-0.2175730952524091,0.13450257916197406,0.9949611271526002,-0.2847581707910265,0.562640734174692,0.09557107038811785,0.039102310975893895
937302.0,0.5557615849102133,0.04124240529136047,0.32768298319920564,-0.16272219361797613,0.7739743080838748,-0.8853645339986844,-0.9090947705338763
937303.0,0.0018036397983451913,0.7317758452512795,0.3643172407485331,0.9372823868436415,0.07455341845458774,0.2962217566287968,-0.4627817929201956
937304.0,-0.2904240400061491,-0.08603463247000986,-0.8094044476079134,0.7691877715762792,0.358466484586454,-0.8023089493152644,-0.7327277360236661
937305.0,0.855402026955439,-0.0636189260610367,0.8973231597274465,0.5724153687292466,-0.08063446438880173,-0.17254255948238106,0.0401075555701389
937306.0,0.7010704779150627,0.5384045000164022,0.266463516925862,-0.2126862178470652,0.6804785979801444,-0.5328389572731096,-0.4536157949453723
937307.0,-0.7286768096625216,-0.12513000170458288,0.6859544551279788,-0.9323669175203477,0.22239288076467378,0.26290418939605664,-0.024340925302825278
937308.0,-0.8919691467529243,0.6796566142545031,-0.8440833257522473,-0.5248225314413499,-0.14625322856397238,0.9555193348418245,0.6687634971697491
937309.0,0.3999097452344338,-0.23213524538575725,-0.8956937229424484,0.8106501636825996,0.8235656882736475,0.4348109555666637,-0.33768360365883354
937310.0,0.3372395531847012,-0.47784260752258056,0.8355958039370304,0.3631394295629493,-0.7246263787816902,-0.06880139522925677,0.6725909840820985
937311.0,0.9567240915129298,-0.15898250906087608,-0.4309262027937988,-0.3572659247912482,-0.3002472069982769,0.2026752253481514,-0.13493561476294125
937312.0,0.2258397469891853,-0.04219409974611943,0.2546210061472345,0.9257129407004479,-0.15384383110984245,-0.41257223460616554,0.874083917322638
937313.0,0.375988368789252,0.5321115065473736,-0.4251439333248441,0.42392023633151,0.37925900961073156,0.4292285083759131,0.02853004734998099
937314.0,-0.9310205742633111,-0.2072307332178669,0.40585903653044997,0.9239074812588761,-0.7730125741897003,-0.9715352288298045,0.3456163290678078
937315.0,0.5952326066055593,-0.06644602907232056,0.6109624952553783,-0.9154818214888745,0.9394347941938834,0.053841800004141405,0.05869175650140113
937316.0,-0.012142587596521537,-0.05793893931480043,0.28439074761857497,-0.24006978514111488,0.13136568513973668,-0.5761133678626502,0.02571560368876491
937317.0,-0.3044004863782377,-0.6092138606355846,-0.2808088226663108,0.531211046832667,-0.5434009712053764,-0.34593163667076254,-0.6569201127076814
937318.0,0.07871344605530162,0.647078649980154,-0.09609509270569094,-0.12546135272448855,0.49769753926235727,0.36653457577316684,-0.29067326806846605
937319.0,-0.1567497389913559,0.7483728276710464,0.696067387955438,-0.5059408279839435,0.9394499639825471,0.369543947396217,-0.37127478253701574
937320.0,-0.14963321474317048,-0.2651764857774217,-0.25048278367381793,0.27508428443731026,-0.12218596295778772,-0.701801451387216,-0.2316551126965687
937321.0,0.8958901766042309,0.625024617730795,-0.9914899254247769,-0.5723424620657485,-0.35717979990290694,0.07650703400534864,-0.038888379171434284
937322.0,0.7629761511221655,0.9887953694473892,-0.38905995817949446,-0.6344172293555694,0.6661691734716035,-0.26167264620182973,0.7298741873752481
937323.0,-0.11659700500228731,-0.10362307448934716,-0.09010972846271237,-0.27025472684714114,-0.42539372600832226,-0.9764260683699857,0.3451224817841263
937324.0,-0.7549686959204573,-0.7262770377947705,-0.09624528721569714,-0.1970322103428006,-0.9213513527523365,-0.5113853970557156,-0.5273883620671203
937325.0,0.6978910720293856,0.6648960851599193,-0.675349622246133,0.0587272483861474,-0.18496002961902236,0.8032058035802359,0.2280649953369518
937326.0,0.7831304249731394,-0.7749261235611118,-0.38712829244321223,0.39837659296064754,0.03835024805606335,-0.42048016760247675,0.37510421257034077
937327.0,-0.38597857479551845,-0.14169701498730403,0.12699054607714344,0.5370288043622133,0.10058697109505044,0.7647493757535293,0.23378211769568247
937328.0,-0.6186618894055103,-0.276727475668604,-0.8803752681909869,0.06353769424933353,-0.3488032129783376,0.317554302257552,-0.7993904049680851
937329.0,0.5504040627364988,-0.9771475318828295,-0.500937632428504,0.6888668705892109,0.6221788616346207,0.7364394486511019,0.5847933447498821
937330.0,-0.591119986342103,0.7371434171691191,0.12772512796089308,-0.8782755881538469,-0.29786439397880726,-0.7996260249868972,-0.12024444498108378
937331.0,0.9242952622942711,0.6440400805058148,0.4811749189364134,-0.13388137260221322,0.9455295022082961,0.0070612797511628855,-0.12703652481216832
937332.0,-0.08638757154786636,0.4347500551239625,0.6126718824518025,-0.15622689777243348,-0.3005590648365044,-0.28955431483535765,0.24603851728322312
937333.0,-0.5608045651084173,-0.31643619416458546,-0.43013657537399075,-0.8096330455867631,-0.5606548966531926,-0.6602258122682556,-0.1753862741712633
937334.0,0.04966025060992285,0.2591017875930557,0.47202598154177466,-0.20961822688397702,-0.030037214970254134,0.05090288032698065,-0.8791162389724578
937335.0,0.043374572322978366,-0.3876709137361414,-0.26349847334925025,-0.9318124637432836,-0.6901019239019444,-0.6629607175748078,0.35979114077567553
937336.0,0.917952141471597,-0.6140296369569067,-0.6306380226210688,0.6277323774880428,-0.9206356272738896,0.6110924766709243,0.3968853354142521
937337.0,0.3950594429314842,0.5179743115026503,0.5890037884408499,-0.8247368886686752,-0.4292264111162434,0.06558341192165273,0.6619532949726357
937338.0,0.36834031535028533,0.9460410828763754,-0.8050334914985631,0.3621147236207536,0.4929320174567633,-0.39455604282946233,0.11023460895208781
937339.0,-0.933466568091722,-0.02640789793310505,0.4033582004853009,0.16252652389942268,0.4854793703494773,-0.6936135375282104,0.5590601950912291
937340.0,0.2531088829196966,-0.7262860635878161,0.9007031955420264,-0.04656210148032236,0.2651684607085367,0.9470977436256824,0.9700593531656998
937341.0,-0.11884318147185624,0.17674318668611844,-0.07851957242472829,0.047287596072418836,0.606460980398569,-0.6180485275619889,-0.18504199753719308
937342.0,0.5096325793832792,0.23367245061020503,0.7933796115018208,-0.3933792869510413,0.7840573620532376,0.0680486474873736,0.5766680225462475
937343.0,-0.8191801378988692,-0.8311756955377336,0.5982830821423879,-0.5054702725151563,0.5599992414207142,0.27511304404680703,0.620149320660579
937344.0,-0.2963662716378981,0.296360461820923,0.8168918417310318,0.5685748633141259,0.7440765869279888,0.5864781767794685,-0.19780369463029057
937345.0,0.07900413782118121,-0.54780411558336,0.8992688889112648,0.2932190299988202,0.23060709051374473,-0.5036392721399994,0.6043790469826473
937346.0,0.8232342707642419,0.26695848739125805,-0.6763967895546636,0.9483636140586342,-0.779383192526514,-0.3141554428583935,-0.5302680019573631
937347.0,-0.01656244610430946,0.494517567166076,-0.9220914755440521,0.6321319261379943,-0.12272616335415742,-0.9035175315537873,-0.11505284757020351
937348.0,-0.44643457450518786,0.7435275229653642,-0.5242155829716204,0.6196593055672901,0.7175455229331558,-0.03931994675683459,0.3380788339794665
937349.0,-0.8194279174946153,-0.22559496979658444,0.3685908467280059,0.38675309848302564,-0.575640505314928,-0.8081653466083192,-0.20798519983216002
937350.0,0.2870624668558406,0.5791564934130573,0.23179705954873886,-0.8813211328953494,-0.603138695394227,0.3537777239945754,0.8465287106916535
937351.0,0.9369327119923743,0.17788129058445645,0.4157541194908212,0.03842967134011466,0.7560078172449292,0.5327091236679025,0.8359184592260649
937352.0,0.10770364283427925,-0.29272926513659736,-0.7305714701850803,0.09312384594703493,-0.5187893535729198,0.050662034149737245,-0.9681642441855731
937353.0,-0.6115094819027986,0.32343903217496983,-0.5307680283177447,0.7139987266897894,0.18222855719744668,-0.26728951362800735,0.9293208860308495
937354.0,-0.18777294057692084,0.9087685018942653,-0.791223196536246,0.2268442047166368,-0.8825694285073349,0.7570944336510588,-0.1145586509155414
937355.0,0.5137775162094806,0.8136546643676006,-0.8696693151065653,0.9104246617108196,-0.4238208288012031,0.342650547133607,-0.6546278079074968
937356.0,-0.8825221100315819,0.8566334761053025,-0.9288586344970331,0.8848054999978505,-0.4177485340819298,-0.8464290813123869,-0.4479361906567041
937357.0,-0.1391863839878693,-0.3960550121529536,0.03920927582164846,-0.04283906325083664,0.32566331485414546,-0.019337407862614064,-0.7881094711174728
937358.0,-0.4021684845244635,0.3826694431765789,0.5305715794495416,-0.9799036861706654,-0.4295326689945318,0.13794124849854694,0.46218971794171493
937359.0,-0.14246478132029905,0.11700126899907914,0.04796637395077186,0.9730392637664487,0.4302081752825653,0.1850602920309703,-0.2995132696353391
937360.0,0.8890274445992576,0.12777149892450002,0.5357718415327903,-0.35241583556207967,-0.6485995232266084,0.8148196678376298,0.5037134041357967
937361.0,-0.4942949685245126,0.24730760294813403,-0.6950684035921277,0.46948301798967673,0.2993626850100204,-0.816959827193434,0.9801320143304428
937362.0,0.02764885932075467,-0.38451885052079104,0.6054570871950309,-0.3244436957892718,-0.056853281787904164,0.8727518848745528,-0.9103787925544753
937363.0,0.5236210768849281,0.6094047782204648,0.24573610920574818,-0.7707657859879042,0.3194454776547708,-0.7737929649624546,-0.5793404679855616
937364.0,0.6684958255931144,-0.4330693172333564,-0.5930964954140081,0.2606860116113414,-0.021958304096816095,-0.3810769047523097,0.8914875112348715
937365.0,-0.07183882542955944,0.47882477999221695,0.8653411178281316,0.680883739350753,0.5645966953314641,-0.27415615858202247,0.312159452756692
937366.0,-0.24827515744534923,-0.3334939388559439,-0.3214240325978712,-0.44781991276098676,0.17223211455207044,0.9995350000161844,-0.5909443771000458
937367.0,-0.7350503423685528,0.8765139095207686,0.7213292978413179,0.1953833068047086,-0.6600181554443416,-0.5051660295807952,0.030703698925941714
937368.0,0.7293096955388534,0.5868151930587324,0.9294268210176879,-0.9602818787188729,0.5992048119499198,0.061847253492603116,0.3901997634421992
937369.0,-0.17199674159915945,-0.36135595375304463,0.03315382046369675,-0.4895430696569425,0.35781569907535893,0.7181424369877336,-0.37072126568756825
937370.0,-0.6585450093745626,0.6023206592669752,-0.584065665738938,0.44255314783428434,-0.5079326179513299,0.41111585291375263,-0.9805677208369401
937371.0,-0.07785191948492831,-0.18610575683432629,0.1606266550633435,-0.7427267661042687,0.9474109406877382,-0.9007242369391772,-0.22280230834280568
937372.0,-0.7710517902070462,-0.1629772695096401,-0.30791578062030345,0.33186744105039856,-0.26570832764885677,-0.6367050382042334,0.3564907309382741
937373.0,0.9539210561543199,0.9731048740335979,0.16526005632401342,-0.05820658430389436,0.8531016423650124,-0.28559537818168157,-0.7456313340685667
937374.0,0.6996472384329386,-0.2603826824730686,-0.9834143166638034,0.4531320982842817,-0.883833245713771,0.3328067070951224,-0.7513402128988964
937375.0,0.8406970386268295,0.8895358864451088,-0.8959557698779266,0.7125267026567763,0.43571241929617055,0.8220880102247954,0.4284356246045129
937376.0,0.4787308414611753,-0.8349785696943492,0.48337538908112165,0.9656767257154071,0.02523358374814144,-0.30694032324296616,0.4506004314324379
937377.0,0.6142102549084922,0.3724134115057258,-0.7203693440665715,0.8312766957069568,0.23447633757130437,-0.258719517319584,-0.5180139307336675
937378.0,-0.6600546015386888,-0.9827371778870257,-0.03587879248156267,-0.939181621741108,0.6332102470876406,0.011398709068596746,-0.10820577459443137
937379.0,0.7859338570498329,-0.9676947247200429,0.46243798082852217,-0.27151030136285814,0.8542806074469076,0.5011514534503574,-0.42823977193399965
937380.0,-0.8699587698328171,-0.5112985607316647,0.4505798262631324,-0.40412972172964245,0.35013709995166575,-0.7477567339652709,0.3270653616538701
937381.0,0.42970309103701587,-0.5428260993844949,-0.8259186811012622,0.43488111529319395,-0.39996214128877394,0.9224909924473197,0.27492061999536976
937382.0,-0.9391389405766968,-0.7692308868189932,-0.981960685742048,-0.9296907937136396,0.552605695003334,-0.6491251842832251,-0.5095020624426643
937383.0,-0.251901702099115,-0.7225932659182617,0.7938542798906556,0.550254385039419,-0.33077703744372733,0.6245348723660951,-0.10845280684189973
937384.0,-0.9128284725294831,0.7753577943890082,0.0418008032035706,-0.07889424339234963,-0.49959966804709643,-0.2688287050169693,0.144574416942443
937385.0,0.9040592390584412,0.08187162100977785,0.17595521084959698,-0.9075602516279928,-0.1704552562979207,0.3966812962876465,-0.23034800542974376
937386.0,0.4795878496942658,0.6802366720588293,-0.6722263216781266,0.8792196825195702,-0.4251908840363441,0.06839518844705239,-0.6939767989267036
937387.0,-0.9458116764965718,0.6238935699751884,-0.8920812637411049,0.41572755974091247,0.29760094530392345,-0.7806258132800743,-0.10191732016181843
937388.0,0.6203111901763092,-0.19144201176258457,-0.562872166231265,-0.3194454668043274,0.4890840025429637,0.5771912421948382,0.8061092889403327
937389.0,-0.8045686640955918,0.2589545963102178,0.3766121211188298,-0.8478202663822529,0.0911751499664637,0.6610489271315445,0.0201238816231486
937390.0,0.27080449498091563,0.3371856398672499,-0.8872287799037384,0.3960580616498941,-0.21334778121644393,0.7687280641160714,-0.33020415981209994
937391.0,0.46501075137022596,0.5672859340846115,0.2551024450457371,-0.4921467364252583,-0.26942060225986864,0.6702576697311811,0.5753980100461871
937392.0,-0.8833780016807997,0.8092772250194968,-0.7283586084571216,-0.35101450382456867,0.18763567349419752,-0.11010133161931845,-0.5679567177122538
937393.0,0.9966992946867244,0.013844385898982292,0.9553112152982903,0.302022032454907,-0.37817460966659744,-0.11497327472880237,0.5852017593856411
937394.0,0.06708932362377173,-0.38240542369093844,0.3535613895857721,-0.09754541939063488,-0.10133571992831247,-0.08242950720326725,0.668833167999842
937395.0,-0.5508273167503792,0.6800939950593754,-0.882509589327565,-0.8291306740205635,-0.41088456072156654,-0.23286153378443908,-0.7787040840145938
937396.0,0.06326255068045827,-0.4971695550629458,-0.8419072898944922,-0.3574769375916489,0.7990739307516799,-0.9824040051368725,0.8880068312741347
937397.0,-0.24798550268828934,0.5462739225703375,0.5162971261115401,-0.7886854099805634,0.030382908708248557,0.2952925712584107,0.42316259620351215
937398.0,-0.8619907850461432,-0.7511315372601015,0.6184984145555945,0.016682361663217016,-0.6603730372248346,-0.365807824454216,-0.9489771375237641
937399.0,-0.5044413245419692,-0.034609610245003086,0.16441272616114255,-0.7299023935946598,0.8000642645109515,-0.13768523868662275,0.32626667978923596
937400.0,0.07014707659225916,-0.7995325720523585,-0.48594243979749163,-0.6093384694558002,0.4240680211206773,0.7357328852130844,-0.08199395491185935
937401.0,-0.17688372356256465,-0.47800721124555157,0.6791689543844008,0.20320417537091728,-0.05807585525012038,0.7729653750902505,-0.7824092457879046
937402.0,0.6368773714325429,-0.6679537889004836,0.25214916277339494,-0.7890146174442776,-0.8874938920280944,0.9005606905126737,0.48747240226810495
937403.0,-0.1758873250765569,0.4672977487023722,-0.8049010664437499,0.3990377946610939,0.7268664760739256,0.035484542506751815,0.4554413022607562
937404.0,0.6925425243523997,-0.8548280976374185,-0.44561246541072985,0.6116496700306544,0.6772132026727131,-0.040117837145208446,-0.201917913854486
937405.0,0.18865736440767855,-0.8811269912675364,-0.9890139159709348,0.8114346844879299,0.806503723044478,0.6194567972187719,0.1835396326670724
937406.0,0.3087684440104115,0.4768366425159536,-0.11403669312638254,0.7435589236504112,-0.9783506834979339,0.8276212447343032,0.15063469477310854
937407.0,0.6968369906638949,-0.22998751737951473,0.03312676303581763,-0.03370899428218932,-0.7715722955386284,-0.2916352696791542,-0.28427323891656187
937408.0,0.6113925219009375,-0.13695042054682194,0.4039843932276377,-0.5001997229809054,-0.4053022028503759,0.8217690960873045,-0.11478608298309378
937409.0,-0.007153843250891301,-0.19189995415201433,0.43522226622325966,-0.19944086373172554,0.5463169948651976,-0.46514340278410615,0.36512242291715835
937410.0,0.18504016025612935,0.3195743656050203,-0.6781378466894552,-0.5616972667256352,-0.5901312213257417,-0.9012381550215967,-0.8274454172372672
937411.0,-0.7376195694263321,0.09546576218263247,-0.39864740801369614,-0.5224656357022601,0.3906470563389133,0.3010745764084275,0.722622834221931
937412.0,-0.5517128766218395,0.6639607204958407,-0.22033817792500088,-0.8800820347222791,-0.7182175353337381,0.6134592254555487,0.31624509776338594
937413.0,-0.49086814781088917,0.605650640251701,0.15318454321770614,0.7474047138989168,-0.5397215960135746,-0.014613188690619117,0.13466840520119616
937414.0,0.019268914816924054,-0.5484918382035089,-0.11398319053224726,0.8190121031158357,-0.5335995840605303,-0.8264607853532056,-0.9938235894856007
937415.0,0.2729165621494012,0.6404278669097363,-0.7995720382432767,0.11888476686261273,-0.37831276492124855,-0.5601705031941195,0.4217986681354411
937416.0,-0.9432583483152357,0.499128922494241,-0.9760304808954829,0.22268871779894361,-0.7958588237257285,-0.6001807199351028,-0.48144023788664514
937417.0,-0.1994501290537387,0.36997210686765536,0.9832161708590526,0.48256543710823974,-0.1309140373659985,0.9069147055091398,0.5170765768831593
937418.0,0.958443961839113,-0.6770039013506133,0.958300589167784,0.0007740889915355265,0.3703948242421713,-0.7009854631394616,-0.7372705741434067
937419.0,0.9906278543951876,-0.10676137961821808,0.4298838370630931,-0.29415868377866494,-0.9223439538577325,-0.01780303236565861,0.1621393286012156
937420.0,0.017925176153743116,0.9891333708335,0.270764673715312,-0.5001444595831397,0.22147754641188744,0.11266181460660385,0.5160450073757652
937421.0,-0.46297762452217506,0.5355853107479538,0.4898762657768332,-0.9589687421643855,-0.5450814038536003,0.7810431290827902,-0.4136141827163533
937422.0,-0.1417029729018464,0.7424477128144369,-0.946636580384917,0.5470510457775384,-0.014814434941740728,-0.15078925691212874,0.4384736168369583
937423.0,0.6036219025835401,0.25353892729400096,0.8388126067987245,-0.21874778890175262,-0.8431393531292655,-0.9500003829069299,-0.40653615450275393
937424.0,0.7684431263443408,-0.8719308184555272,0.608455213527169,-0.9364812160048399,0.4763731865873648,-0.2603851984285763,0.44492217692225733
937425.0,0.3542091088478718,0.5794313994685689,-0.25190936150603793,-0.44503473088492074,-0.6427107945740176,-0.9741057153108335,0.6094571983871484
937426.0,-0.11735666966224834,0.7649184024939293,-0.7831852543604436,-0.466437009974932,0.21423104014219674,0.5458596182195696,-0.5608255445579855
937427.0,-0.6908237568906717,-0.0030435020341998964,0.5445067081420358,-0.6636260999029622,-0.8216491716218743,-0.4711554148601578,-0.7965917858244533
937428.0,0.08931229673809926,0.6247883897800739,0.6186155645513665,-0.20368999066301474,-0.8230534550537332,0.6292474500793901,0.7334749740005722
937429.0,-0.28017198984747527,0.16753088551324913,-0.0996702353482779,-0.2119827181117493,-0.433260717955505,-0.7195609757240262,-0.9518537942425171
937430.0,-0.19642568708110097,0.12644353814862552,-0.7358295901563427,0.5964917377343406,0.6508095631269852,0.5334111793579133,-0.8127062302835855
937431.0,-0.6209147542538427,-0.5215435588742476,-0.07259664672575483,0.5941306784034441,-0.11262489759607353,0.29128467855154394,0.9272612065583581
937432.0,0.678163700070509,0.7452526010641056,-0.5970146712427891,-0.0543804538539181,0.9629614812829499,-0.4838624519991279,0.09744471156011625
937433.0,0.7283323527490579,-0.19316723079681553,0.038952603307530254,-0.2540935204270178,0.8186303917268523,-0.9726547223976814,0.3339192909166877
937434.0,-0.5719063733793732,0.7607770285677833,-0.9265585322003009,-0.45918059117105825,0.5242683122931029,-0.6242090549900345,0.7603529559449884
937435.0,0.17690651736674123,-0.20241407650536591,0.9356398947445967,0.5311590917479037,0.4269068008802219,-0.17430400352258135,0.11696253305410509
937436.0,-0.16446531040642487,0.4620079283971441,-0.42556209271981804,0.43329128850979504,-0.8532379076433838,0.17245460077957953,-0.9421307403032295
937437.0,0.1219554305319448,0.8483040712333958,-0.801286480774569,0.5242774365070406,-0.9911161063160379,-0.19479997219915046,-0.2649937353908203
937438.0,0.15125937975596893,-0.9007484953146971,0.3394803489319851,-0.296782714402003,-0.6477346395056602,0.49659996870396705,0.07210858994303337
937439.0,-0.7384604877196752,0.41104907254515566,0.5663149307452484,0.6190653107920772,0.2207329594567251,0.9095081886154022,0.4501885295846608
937440.0,-0.3616148920701503,0.33924712230484766,0.4561170353691999,-0.10267916767487373,0.62768411439205,-0.025374804516350213,0.3164760270930429
937441.0,-0.4539253317048193,-0.49218876783369736,-0.9156867392777162,0.2678597853096889,0.9574247452553175,-0.22295543818550834,0.6737317269724019
937442.0,-0.6443679557602073,-0.433770349965771,0.8379022800963407,0.12490672120925272,0.19565792017160977,-0.4803660063601092,-0.9560852807838616
937443.0,0.41806475204744165,-0.5982509139789483,-0.7307858360604664,-0.2808920928824252,-0.10419826026280332,0.4058760793383476,0.36949754701861326
937444.0,0.031339819090855814,-0.10169137116441895,-0.926974853556426,-0.14559716197807981,0.8794981809910238,-0.9936266238091549,0.3684647025478631
937445.0,0.8489140042948202,0.12699937891695146,0.693021771836454,0.8724441571288231,-0.9225510556677161,-0.08720507401331612,-0.663800463881175
937446.0,-0.281616457951519,-0.40022450953203914,0.2554748854947677,0.025753234715878648,0.496677799269871,0.078240626237561,0.09937910505066383
937447.0,0.026429366124745224,-0.2666319144616256,0.4519637904024758,0.35702777445305367,-0.3694947213134274,-0.025372507009462586,-0.17365485169838957
937448.0,-0.5338036325919033,0.3632916747052093,-0.3950382661147651,0.5154200584645756,-0.6566133796137079,-0.31756897279734764,0.6885198748029173
937449.0,0.8096874581479079,-0.5537957228387005,-0.6494917217381966,0.9847357934585006,0.6501031972194098,0.01750328127957057,0.9277118557100426
937450.0,0.6458650923652272,0.02709620297940374,-0.536024607791052,-0.3259675582295025,-0.29784878600165143,-0.2041536636180843,-0.2529815251573817
937451.0,0.4048128284886938,-0.8657360311712079,0.471444459584504,-0.5300785332138074,-0.21178721871774364,0.14740441976671992,0.24180969763979143
937452.0,-0.14982740364543612,-0.20689828486389183,-0.020657417135398592,-0.1526697244390538,-0.8686456034337131,-0.11313573814115085,0.5418377082366512
937453.0,0.7834229529879151,0.5340645858548108,-0.2623697470441311,0.8621545320489801,-0.15321351759012458,-0.6082894893540935,0.9443423656843875
937454.0,-0.15199299377206765,0.284482463912314,-0.7942618179992786,0.1073778100884153,0.17078266277100318,0.3136421821048272,-0.8175654888962078
937455.0,0.5066566013726479,0.44996845686945175,-0.47143914915544927,-0.01361344817628618,-0.16094429097600593,-0.0626854795574574,0.3588043455666303
937456.0,-0.523578020518507,-0.14049942294855655,-0.7457888264427508,-0.7683266397088393,0.09968595454175855,-0.9878003983807062,-0.682498412936565
937457.0,-0.5063415830416975,-0.7375526529732739,-0.679342470977957,0.1892241147103919,0.5792140629825526,-0.36552281266758646,0.05942269378049181
937458.0,0.5405278198731214,-0.9305923409401391,-0.1907949804543847,0.8855111845815238,-0.8685069407396468,0.15296683333521477,0.35242883345663945
937459.0,-0.4685824857907541,-0.4322822316137087,-0.19341666745863395,-0.7430530801778144,0.10564915722745183,-0.101531386220578,-0.7445225337074504
937460.0,-0.6380275263298594,-0.41903540074478496,-0.46614692056472595,-0.2379172760535031,0.9643010559366361,-0.2576999488335794,-0.5654560912908255
937461.0,-0.7417629819196128,0.8895516931727265,-0.3203355248587123,0.2264661966993986,0.7818811280225328,-0.2095870911426212,-0.29829131587082114
937462.0,0.040155671851041186,-0.9720134156682225,0.6332244895290196,-0.5402094198249603,-0.6510328777136969,-0.0386982354253429,0.7644897833479383
937463.0,0.11414868613463613,-0.8222403604843509,-0.07860935083323994,0.3863505071360236,0.21969668262837994,-0.8259906992232606,-0.5573193108814742
937464.0,0.9696133995025935,-0.5399111317066807,0.9216611659698613,-0.04014063254255462,0.2401569057799695,-0.8307184006992003,0.41608025059923226
937465.0,0.054917614677066684,0.8392474876984044,0.49456949510468506,0.45551077483186186,-0.6387660940163546,-0.05910220601444238,-0.7162778213012595
937466.0,-0.0035828789547320827,0.2385676352601105,0.9885990907415989,0.5664212541585634,-0.2176498086831511,0.9069816566146143,0.8039583831203447
937467.0,0.5255045574272506,0.49718381846770154,0.845386534160329,-0.5137224534091631,0.0035983661835914393,0.44024519406346263,0.14297794688179066
937468.0,-0.266478114064288,0.8986812466061169,-0.6925037241236143,-0.526508963645659,0.41350060753685614,0.27219010741744265,0.45821425222796996
937469.0,0.33842394928414943,0.6546802581266344,0.6165173646156719,0.9861439371299594,0.5341476032575261,-0.11674305286014075,0.02949790545093034
937470.0,-0.6066386746497743,-0.31901612877899876,0.4044503610642953,-0.4510542481838784,-0.6800502551889567,-0.6963503409494731,-0.4501046978211771
937471.0,0.3335017260829327,-0.3632168831195428,0.7562873175026934,0.10471950269648422,-0.6425450815209357,-0.4876346535522704,0.19924700916085603
937472.0,0.3313602296515339,0.9593985556970426,0.4707648172811658,-0.9932503158779422,-0.9196317564747769,-0.25544465169761343,0.2745132966008166
937473.0,-0.7994369676598052,-0.4297275370844462,0.359761860225533,-0.6275512103302163,0.11551108494151396,-0.5891309195139909,0.9566469043288552
937474.0,-0.5818463183174534,-0.23754040666155163,0.23851718415121126,0.6569405826494901,-0.6831630399520963,0.41822694897862567,0.3944024862201574
937475.0,0.3707891110519905,0.9160846379098062,0.4696681812055996,-0.5734694433993706,0.39990058338082424,0.20238332935777903,0.6711104594287842
937476.0,-0.4191202061674255,-0.9662888460348167,-0.046758682433463816,0.3457953604685673,-0.8153177234089741,-0.2738442533036338,0.9857783973368688
937477.0,0.5545168096013904,-0.2353008320681198,0.6168590763833337,-0.5773462604625663,0.40616609782294066,-0.6921425201633138,0.18583571801727983
937478.0,-0.4314682076800631,-0.16118066001471454,0.7359622626866089,-0.07581136667447375,-0.840109551781554,0.14133314461127156,-0.5738275282957441
937479.0,0.34767399273578703,-0.4428979370546797,0.3086906800369278,-0.6434964092531319,0.34888357908829204,0.1144347346434682,0.8028705288893221
937480.0,-0.6400157882530313,-0.9417648553308664,-0.8378307261630502,-0.15283949589283896,-0.14722308342009982,-0.5613656984267521,0.6421875290874499
937481.0,-0.0983714281649084,0.3339035947302813,-0.6329555216171177,0.007291513565573338,0.036363145761643345,0.46878367142218846,0.7921846017741137
937482.0,-0.6260440141347541,-0.2876586571155819,-0.43187584136646806,0.5241023169001036,-0.2624989007495706,-0.794144090042143,0.25294888483479583
937483.0,0.1753838345985621,-0.3052262793867766,-0.6616349663103962,0.7173544780117611,0.2897109138178029,0.5015833154286098,-0.9905555684627965
937484.0,-0.20145501632346896,-0.7297351066785425,-0.726317426238116,0.7503589832328283,0.8445553158578856,-0.9699052164989848,-0.02080263434717189
937485.0,-0.8265378412906079,0.8648236660923452,-0.1714779166609235,0.5043374232040188,0.16310032122001683,0.9334105148935858,0.6794968798899399
937486.0,0.8375338151181133,0.5953978299238278,0.7792660851492033,0.06253404686806285,0.9677083539454805,0.2661693315193079,-0.3517174747672931
937487.0,-0.3684820023411033,-0.7099623537799473,0.7965332188863856,0.71419316516328,0.37680569775344286,0.07907119391411244,-0.8805288777569864
937488.0,0.006128352871717979,0.7940208700182809,0.004709422553101472,0.07562725833833595,-0.23018810078425855,0.4387319404057455,-0.7349252753677813
937489.0,-0.705496845800035,0.38111416837003276,0.4877767971376097,-0.03487628870623838,-0.6090026834313638,0.6639241097621178,0.570766920421931
937490.0,-0.6866479093970446,0.13052720232111836,-0.32468984751672325,0.2968483212043884,0.11777002806567038,-0.2540536112068552,-0.2228003430334764
937491.0,-0.4464793353802876,-0.5267601181054558,-0.9314928048838649,-0.22750752371635508,0.6529428171563612,-0.5519420880447103,0.5775482082320853
937492.0,0.8564174610816024,0.3145968202852678,-0.772142219262105,-0.48861718909209384,-0.5411081684342309,-0.09771946759512251,0.3535959181727011
937493.0,0.20608177564956787,0.5800978293470547,-0.3064976888443809,0.48096358719368526,-0.9443805299383572,0.5875510107072561,-0.5901626591194937
937494.0,-0.2519177428359649,-0.07008768497296192,0.9736179128892428,0.6335604448202934,-0.3241225407721986,0.6050199908606988,0.07714381179896113
937495.0,-0.15154710662876836,0.9027385497629785,0.23137705985100854,0.9133301733632582,-0.9636578773551261,0.9310932609160709,0.6205009177257472
937496.0,0.5498646621374472,-0.9087748176751527,0.7385843950720719,0.9533947316150275,-0.3872783785649936,0.6668189271926461,0.09468035975792333
937497.0,-0.5489791681923624,-0.6665998327575313,-0.7524920870638048,0.6937884031552362,0.9808114116895654,-0.22159385837817136,0.8445596222321068
937498.0,-0.8350276277942335,-0.9272269549133814,0.6632828817090781,0.0699858709944341,0.7732552581528302,0.9169311228007635,0.48682139161873517
937499.0,0.26575875599179866,-0.5691552086500511,0.0785659522287705,-0.07447765255023175,-0.9172621390168287,-0.33356314886138017,0.3133584784280712
937500.0,0.4478303327188682,0.754986709552951,0.49312040117518063,-0.05696213167532327,-0.14321398038418165,0.0021288040015436938,0.4831789563055686
937501.0,0.2394362010101112,-0.6084455660529013,-0.6081157800036305,0.1719180664689679,0.2604543335520819,0.34586061049483874,0.37402405525945026
937502.0,-0.8265684555613879,0.6100251821669309,0.9783825313719556,-0.4003566377780581,0.22970050212497295,-0.10869738453746902,0.9104549969756119
937503.0,-0.20480908949301968,-0.7342096537542031,0.046630708447135794,0.9678028761839637,0.5015763550444423,0.3818862411456452,-0.013615442693463153
937504.0,0.7358415402502856,-0.04452294453421479,0.47958649544668175,0.03707606821373832,-0.36819670178185704,0.5786389245736154,0.46380128738179427
937505.0,-0.8767611294543971,0.443859104486394,-0.45688981275582985,-0.7626466357553039,-0.6952672669375759,-0.7609763195539816,0.18260569810496974
937506.0,-0.872942908424009,-0.21864212141180506,0.5008832252157123,-0.5263626260796577,0.16020790028267928,-0.1921178456709276,-0.07857091002419714
937507.0,-0.9715488147177074,0.7246500058917458,0.26792870574647654,0.1188134814327253,0.811112487363655,-0.3036361378149053,-0.41132875464179786
937508.0,-0.6215088144007828,0.7075214073135929,-0.8264351860201817,0.9871659385723581,-0.17742764112168152,0.45079107679659836,0.036068301614013754
937509.0,-0.4813190098419935,0.48381801117374446,-0.19037416720294087,-0.5819450154613197,0.7666184741899369,-0.12391129798730938,0.12958594409577162
937510.0,-0.04468788210493191,-0.02877585612879896,0.07951863204142517,0.8691704656351917,0.03104858765012053,0.517374102927376,0.9162325149295292
937511.0,-0.010201956959671632,0.25354285260546483,0.14678297757545478,-0.2306034896413891,-0.8409200472255154,0.8430975948457013,0.04230327179220117
937512.0,0.23762367854421784,0.13196252901635241,-0.4896227597905043,0.5794848869595215,0.12766598006097585,-0.08686302946541646,-0.29089712221199426
937513.0,0.3570622284687768,-0.00967171884537854,0.7219945147424158,-0.1596112485677832,0.06249715846199777,0.1446610952740568,-0.8924700931628544
937514.0,-0.6335348717416975,-0.2100367220462609,-0.05514106923232487,-0.2265365234204506,0.8920823545442571,-0.11410769537541121,-0.2925078465763682
937515.0,0.11094045787849471,-0.7681100323385674,-0.0003604838829638357,-0.20260105516400406,0.6620032051873876,0.9885341243558268,-0.8102772064696389
937516.0,-0.026427826060794857,-0.0011199920645583727,-0.4718323921236507,-0.8524360474961934,-0.1363875832686665,-0.8791324013052038,-0.10347084601257728
937517.0,0.5550802356738824,-0.5066489575839741,0.9287285531413352,0.11483473849119452,0.4329242272071494,0.3410395327851228,-0.41454448579526204
937518.0,-0.9480334540423161,0.15819631218928398,0.38589545507935563,0.07720124533792427,0.5167469525720565,0.3677205968838837,0.7674858368842996
937519.0,0.3586337901805634,0.4255161884866965,-0.7428215496908888,-0.2219948156124658,-0.7054109948824951,0.9060486630999471,0.0233148758593531
937520.0,0.5117569497707477,0.3412420226923678,-0.09847124562798526,-0.10520977023063072,-0.030228813003892796,0.9047849647853705,0.8988708094888587
937521.0,-0.2668084934346304,-0.7780239527519619,0.5869701957099356,0.5540276606198107,-0.09186565957430792,0.594171907545511,0.14154844151403445
937522.0,0.638814559066768,0.7866035259843842,0.26926243757095736,0.10417661385376165,0.4360038385944387,0.3112007922675377,-0.4547960819705208
937523.0,-0.1285363759776066,-0.40790832671178645,0.24620966390034815,0.6096828323419234,-0.14376464705274405,-0.24466135855092386,0.6924818135087452
937524.0,-0.5144686034927226,0.05527019337232675,-0.593592332267104,0.9674995450026829,-0.9960871098943409,-0.37400369701034175,0.482634771539016
937525.0,-0.36835315659189694,-0.2911301859715343,-0.8294804255498447,-0.3928678255036373,0.3014336691356989,-0.357624851056364,0.2502127554943512
937526.0,-0.08442352716703994,-0.3253335807954223,-0.3081275757189439,-0.15000029807401472,-0.38295558963792997,0.49640349416711804,0.19374066559624814
937527.0,0.577738671164483,-0.15840182828512228,-0.6896313762767794,-0.3502174216464715,-0.6297985463846252,0.651311036362304,0.15082282426078208
937528.0,0.6954012077723304,-0.7119169894761395,-0.6600875996620748,-0.042185184698179334,0.7442418814467273,0.6836799623724332,-0.7001691153559952
937529.0,-0.9399387619773798,-0.1272456157063402,0.5743002862056235,-0.0066222565746756334,-0.7682603029581727,0.12537517368932694,-0.6720993582901713
937530.0,0.6385734683149311,0.6074071868777524,0.30807965110694524,0.8415908637248808,-0.40485188627949165,-0.3627374920602153,-0.019626893578358562
937531.0,-0.1168690280960305,-0.2091356320041402,-0.7974370804917419,0.12703188341679783,-0.6003527044966319,0.7471150067022467,0.33922592419477215
937532.0,-0.09496366098236586,0.619164027284772,0.4295506412159851,-0.1595957544003983,-0.43325377090954564,0.9583418945620945,-0.9331965695061637
937533.0,0.7022000560943475,-0.07638329568432245,0.6102109987415067,-0.788325843469754,0.32287213270693416,0.2551292503746998,0.9364547907347054
937534.0,-0.4281007747616279,-0.6590433691530235,-0.9726837303383125,0.25730710811133584,0.8514147919805661,-0.4522153914420113,0.996676195772261
937535.0,-0.6225507331864342,0.20063195545597612,0.44256677417355283,-0.6050069116654362,0.9233941897964142,0.9426742029991775,0.04670463770594324
937536.0,-0.23346507758937385,0.05103710812239304,-0.8779935192008392,0.09987672154927352,-0.7111433390365154,-0.5519177572853913,-0.38415622820712625
937537.0,-0.4111819068643827,0.7227046861544872,0.0177861787415039,0.4030742430239169,0.4418151780893591,0.07276868230528444,0.5241308116511467
937538.0,-0.1307591971601081,-0.9980987822571639,-0.9674166653535952,-0.07852844232619982,-0.27471225191836846,-0.9944307504078691,-0.705881717703007
937539.0,-0.4783048562602217,0.9635226518911519,0.42203249136853205,0.3288368304866536,0.019374347900096067,0.9698529614913534,-0.27872650660027465
937540.0,0.3160524864338865,0.41210673783175356,0.350841702973403,-0.22223178276981992,0.09086016917665773,0.5271374421064126,0.026710998950914
937541.0,-0.112166138658921,-0.4206040730872589,-0.9193708545218218,0.24906524798601648,0.1307664446354595,-0.8993088250519508,0.17022759093136086
937542.0,-0.0583144725516922,-0.28748352029140567,-0.15589096067987263,0.8513883542368696,0.4709992585232492,-0.06191279001112471,0.13407120428354258
937543.0,0.27369312555512115,0.9546267893376212,-0.8483927184849345,0.40845925035631847,-0.981639777564274,0.5715128415891255,0.4333100325845003
937544.0,0.5291175484403792,-0.3413457635067625,-0.25238908304629093,0.7568992670292063,-0.26228302825273,-0.12546547154718857,0.27646925190352145
937545.0,0.0032461353967025985,0.7664895021783398,0.8838695221982809,0.24195533771781608,-0.9572069721375371,-0.9946270865426474,-0.043459580416262966
937546.0,-0.9673983754911499,0.4603856419575376,-0.4511085695474655,0.9427914244348823,-0.8535493479680807,-0.7419169074623364,0.8780107326732713
937547.0,0.07808139929725066,-0.6418335160855368,-0.6197962182760421,-0.9805927291844345,0.38833960266392387,-0.17803195060376198,0.15757109081689946
937548.0,0.010712886438867253,-0.6607656103643442,0.1331215697372956,-0.8685394691663295,0.7017695774029893,0.9382784145965639,0.07130727403119619
937549.0,-0.2795708974380611,-0.4887983341630644,-0.04830524530243285,0.3835053279431322,0.7301333662722409,-0.07387298197452119,0.4876155630232726
937550.0,-0.4560919078555199,-0.5303056218032978,0.37401033128337047,-0.7427150089628671,-0.881942057259302,0.30839082935022333,0.20625507089798711
937551.0,-0.8019404336810363,0.4121159361280975,0.44246851028904866,0.703023274207782,0.40447646615300825,-0.5427137376200972,-0.2875800940733413
937552.0,0.9982982013117656,0.23582649553116708,-0.309834426286568,-0.9563812852872517,0.8864671260725276,-0.6674299661970553,-0.33145087869800816
937553.0,0.9702168482862661,-0.18985459779946656,-0.32839378626592497,0.6953416334228129,0.8693556506460018,-0.9396820825085472,-0.3195408248755238
937554.0,0.02400652224091293,0.9249446958762528,0.6661484336239174,-0.0861108219108826,0.5252925817596878,0.01609031711906228,0.24428326594752026
937555.0,0.7276184514767083,-0.4364690966157163,-0.8923132549005452,-0.6234130346783757,0.10895012419658423,0.028752814436025842,-0.09163679138933345
937556.0,-0.5816751230104338,0.6009883429697667,0.25713402381801376,0.6547565559923134,-0.6064645497946188,-0.7558487221164574,-0.2678780374774734
937557.0,-0.9382265324385344,0.2197950252394203,-0.9644772034219606,-0.41325152052355896,0.7711303203716895,0.12355617523501716,-0.6424047754219848
937558.0,-0.6869731000224994,0.20019686445942098,-0.07101147032880673,0.645571213465842,0.7515458387385365,0.8289218323590328,0.4304617081602411
937559.0,-0.1796354088606369,-0.4599823326674657,0.7194285756582681,0.8610296660960526,-0.1744168374160313,-0.2476847492769454,0.22241477089304262
937560.0,0.33653192411365107,-0.5863537338877973,0.6175749058053399,0.889164117335741,-0.9219162237538443,0.18257303005800152,-0.5769805494983418
937561.0,0.7136104859068075,0.6735906331976631,0.1045526982428242,-0.7285611465910211,-0.5453327134901382,-0.6736406338216987,0.9888601552729013
937562.0,0.6966736843171606,-0.31414449721590376,0.7403756929723391,-0.2421037775675532,-0.013084729513789473,0.14048722490516652,0.4217886122755341
937563.0,0.1592022725993849,-0.42992128347459446,0.6555427483370566,0.9232619469534931,0.8650874016650145,0.3572678619159102,0.8471219519610298
937564.0,0.5565195731205168,0.8542998733232414,-0.07120126388060699,-0.4841200174231721,0.33484367348998645,0.8014601817723097,-0.9104558523291373
937565.0,-0.8862625842916017,0.5684294729782939,0.60901740577307,-0.8966215643161188,-0.2887599130410303,-0.4939757643544198,-0.7642633204837139
937566.0,0.7456606356566946,0.14606454967749083,0.8294988343779561,-0.2986803352866345,-0.41259372520776494,0.8522796738862775,-0.15339401714532985
937567.0,0.182780281773816,0.8151070647332916,0.46143558768529647,-0.6083912048681412,-0.5299719371285725,0.3441107634011451,-0.486362868038656
937568.0,0.23978870110869988,-0.36328435575479934,-0.07862604769459502,-0.11683783696690742,-0.6221673419879159,0.4123656054183007,-0.11804333906523201
937569.0,-0.257882130741957,-0.4281884122802333,0.34548627456151304,-0.8467624077861071,-0.816099970627401,0.7208728328960028,-0.3046392618775373
937570.0,-0.44886976152508207,-0.022018168126457738,-0.6181095220536523,-0.2083761989665669,-0.38060373584958573,-0.75345949591171,-0.6693466991676156
937571.0,0.20427478489838857,-0.9952326685677664,0.18457386193473835,-0.7116910584890559,0.7361352536452666,0.2570236173731455,0.9158535690140583
937572.0,-0.9623470606280182,0.9244066806944289,0.7947751318889131,-0.3890504403242532,-0.7128870301618824,-0.3439817384152999,0.22421489463908695
937573.0,-0.6102425666500855,0.37087753652129907,-0.5416733841722381,0.06294446815254573,0.42693511520266036,-0.3140175225333455,0.6476295442538351
937574.0,-0.36272230990410037,-0.20882068415446997,0.36261920418973714,0.37136375335882654,0.9673796599201296,0.7862432679768891,0.19396925357001504
937575.0,-0.9585794934248903,0.7591916478975111,0.4600915252464892,0.030644774796974916,-0.4405830590463926,0.2033639831369063,-0.7076127999352024
937576.0,-0.16469309859572068,-0.3069959288208035,0.019593311115577716,-0.2083423374372102,-0.5862086589361835,0.30593109899956716,0.19806443421412467
937577.0,0.09695522289496439,0.8389077943306829,0.7901561197832156,-0.22849276816516828,0.06089808645365502,-0.041698565553062394,-0.5494082087069294
937578.0,-0.43689235561980744,0.011853417988236581,0.48534405005729364,-0.688657095482224,-0.08654471531552699,-0.4308696855432963,0.3034058095572847
937579.0,-0.569837692077444,0.8316158444731923,-0.7323091998741955,-0.8371997990495159,0.5510717487101475,0.3929287809574826,0.1053878058460942
937580.0,0.4126708324223991,-0.5582438224214579,0.9988066420398649,-0.20757486155842408,0.7114186594844287,0.7558138094597016,0.19365973576762574
937581.0,0.045442855834721296,-0.9895754132259247,-0.694756855646443,0.12909227206417673,-0.7779497761314083,-0.3796756091953748,-0.08387874308639165
937582.0,-0.9614398345211608,-0.7380830672097209,0.9187481042363717,0.2592280332979071,-0.6206506170567014,-0.8504783807360787,0.5893227376923666
937583.0,-0.6238931653313546,-0.7582094183923267,-0.19200127965990843,-0.5091663078558439,0.7310067154415341,-0.14818137574106616,0.7826997994665932
937584.0,0.7712153553998145,-0.17579023631697854,0.46255687502256393,-0.26969656465447134,0.9243620241337531,0.4767592592725278,0.20938434707602394
937585.0,0.07827700256083658,0.088509572403912,0.43042201779788636,-0.39817712685759843,0.01068270556043971,-0.422809584415492,-0.6853554218161326
937586.0,-0.45851259382467613,0.11422441086770863,0.8421292887645069,-0.00683592505122288,-0.6026705173825875,0.2221039948065997,-0.5829414928158336
937587.0,-0.3545279351919044,0.35423403725178026,0.9425251018659138,-0.7131424995745954,-0.32395667907749925,0.5229318855754905,0.8336373761979918
937588.0,-0.3272027682889278,-0.26639692966501083,-0.672273382566094,-0.8663537183482719,-0.286116044623959,-0.5140347910947964,0.12018642426136394
937589.0,-0.8511916526844066,-0.41824031568767683,0.25269760661072405,-0.986689684612132,0.4400917669563251,0.04201507761387613,0.6803073415259759
937590.0,0.6926591823409103,0.008611411268201197,-0.18807556590185048,-0.04621758146321131,0.4587688864032684,0.5872645214851193,0.43409207836465113
937591.0,-0.8805736680301406,-0.7999673404802456,0.1850493594149527,0.9427832976320856,-0.5066922983327367,0.8673545928319226,0.024295668615528232
937592.0,-0.7885487105600739,0.583271296640967,0.34276360134632133,-0.19380400598044845,-0.9787916919671806,0.1436470472031095,-0.48817609746194535
937593.0,0.5079756326086657,-0.6807638706531471,0.6688069892354491,-0.7834898906015493,-0.1776460941619471,-0.3665708514211081,0.33575051002497447
937594.0,-0.42011062118785514,-0.058765382021195744,0.0092400980444316,-0.998401803559446,0.3528719689758877,0.6316291614365148,-0.5413200654356769
937595.0,-0.6513826266481506,0.24396669730484333,-0.8121596284345225,-0.21414879795529895,-0.07501470109957786,-0.4397658020020694,0.8694122857391975
937596.0,-0.37530253281134107,0.7154220869210806,0.3238262253347668,0.2295772488292449,0.11436839155740297,0.37355349227268553,0.2332386052265245
937597.0,0.5969986543933528,0.4361236579676553,-0.7458893607560317,-0.30902166405728204,0.6380188436467613,0.6944499266107225,-0.9336856410308598
937598.0,-0.595863753831001,-0.15817927871431503,0.027628197445481728,-0.18220995712510457,0.13993420791562672,-0.860961772603346,-0.8586924067037864
937599.0,0.5969456153595303,-0.5367774320846752,0.5452063654629822,0.9333571018894053,-0.5324236185193025,-0.34738946210041965,-0.5552071067644413
937600.0,0.7833603446300152,0.8454391698534887,-0.5694208561241585,0.8538438166484046,0.0834500339920492,-0.9633724020414658,-0.6208838844711915
937601.0,-0.29063040011266406,0.1348399508479412,0.6971529793718014,0.39196564294137337,0.7553326737697257,0.8167603869915983,-0.7073398468901075
937602.0,0.6274932679430223,-0.2427925824182291,0.5350263514713567,-0.11932288603955854,0.8324076633511273,0.2756495070174647,0.5035689536131016
937603.0,-0.9646027843991369,0.03368796493764581,-0.29260024078810165,-0.05780962947835322,-0.34331929069083733,0.23247420309489342,-0.6280262963503391
937604.0,-0.5557704242272057,-0.6439230688875579,-0.5651591211902003,0.5634078454930342,0.4923561275752655,-0.469638843116865,0.8376869556274045
937605.0,0.07623809779283186,0.5225678006999133,0.3521245445735328,0.707733063365005,0.09612393525543528,0.3556947389872609,-0.3097488286359047
937606.0,-0.47537040462305025,-0.1850934215829121,-0.4688852557269856,0.8657001140833811,-0.5455686024522286,0.9084092435680984,-0.4444901055362289
937607.0,-0.33470806913032414,-0.38578521123141707,0.005673593651387421,-0.7193695194005274,0.8346664123664651,0.6543210840667515,0.5165745599855924
937608.0,-0.5896497726538577,-0.8208723893976946,0.9574543556788089,0.15963037190495655,-0.5822273559105879,-0.05941379536236213,0.8255701596433322
937609.0,0.08251610621542893,0.281019485200525,-0.13055208237294313,-0.18105621396228466,-0.04324354891685411,0.9818233758511659,0.5447725373744554
937610.0,0.7881628750294158,0.6162653154011148,-0.289740695203514,-0.40847203089461637,0.8185824691814367,-0.7658899886490158,0.09598217923259988
937611.0,0.5090727670138029,0.7763653058170714,-0.774500644659055,0.5770956073281277,-0.6889070177239316,0.4465215300885508,-0.8626125701764908
937612.0,-0.7799023588606409,0.09954899072673662,0.9034545951884145,-0.9845022471953577,0.5644160541468211,-0.9982097360845923,0.45008352590126566
937613.0,0.1387078841079723,-0.020373502784104547,-0.15369028118219807,-0.6439753345447554,0.6727287265673936,-0.0015383126766699284,0.4545560419799626
937614.0,-0.2837875904660523,0.6677067417253133,0.6486045964138254,-0.7688397389408255,-0.16873182338747483,-0.4982156563157625,0.3665164599304338
937615.0,-0.6714743814184121,0.4173421374007602,-0.7527207038632262,-0.571505088720889,-0.1807105032665579,0.23959836391992506,0.4677462213350556
937616.0,0.2881972663966108,0.5585968950899642,-0.9208315587344775,0.08808790718711657,-0.11931452228162476,-0.5050970532960939,0.7833017282958923
937617.0,0.08148522411345693,0.2552341130219056,0.16047154982302092,0.08745819603069616,0.31074011578066774,0.6289029790272238,-0.7670847488102814
937618.0,-0.8401144594856262,0.19677857690087386,-0.9788682395425881,-0.8063600941374474,-0.6779329185468939,-0.4630582228085274,0.02379764555363373
937619.0,0.5733394825664628,-0.3904294564495927,-0.307428664726781,0.12933080232409178,-0.4646733384680317,-0.5029159968961139,-0.5738977522355422
937620.0,-0.34599948669559044,-0.02799613275292412,-0.3462603563120168,0.05468665169120546,0.25112844455134287,0.994883295633449,0.505883541772989
937621.0,-0.46257479227942366,-0.5944546835334965,0.6768547850186635,-0.8340613657221816,-0.4202470579922366,-0.854991509719691,0.8647164418572473
937622.0,-0.6769209581899429,0.44836755540714424,0.9013615006553974,-0.4263466920037391,0.6469062676555866,0.8723925600064755,-0.1276887955389543
937623.0,-0.20654547587167538,-0.5326589207517547,0.502572760252677,-0.7834216056877059,0.2152786763719743,0.8141968873656091,0.13810901369072326
937624.0,-0.28921695388281177,0.3632961987098915,0.8268298035624355,-0.12846333537373766,-0.5440151093971852,0.6256823561416367,0.7162862568897699
937625.0,-0.9251241841445152,-0.5029329429226497,-0.3878852664422243,-0.6830884042883549,0.788736839684252,-0.53361670335181,0.05568008434431215
937626.0,-0.19045462112595057,-0.42838897208010884,0.6101830239984443,-0.13378467170958475,-0.6983721966137408,-0.3288960235355878,-0.1423432395430113
937627.0,0.5590282826854049,0.013525197630403385,0.09822183028131004,0.18060289231265547,-0.3790605506686293,0.36831942464163525,-0.8708062528586127
937628.0,0.6952880888196347,0.14847837816511533,0.3628757719379927,-0.24729773819430356,0.11290914884358405,-0.7704535506714678,-0.85777112932103
937629.0,0.3821665033441457,-0.6511514357319836,0.9395757041444011,-0.07990335608614374,-0.6541946378706802,0.9458563248049452,-0.48118098377279184
937630.0,0.39700923918611486,0.19772506094074838,0.31618012870772105,0.2724022697384576,0.17643889791470735,-0.24482838727623446,0.8477681463889226
937631.0,-0.6471203017394016,-0.8917639488873008,0.36978279172175643,-0.936947586962908,0.30280166275121445,-0.7945258557589343,0.2140420303978703
937632.0,-0.039762227718295406,-0.03978924789064231,0.6075270173186715,-0.4397877252862672,-0.6848118749109133,-0.9184896112301684,0.2676139265391957
937633.0,0.27119174329536366,-0.7790063631266639,0.6253714331751474,-0.08645399022324574,-0.8066589916525637,-0.7181519929451456,-0.035748169545365416
937634.0,-0.5040737849269556,0.22622014133367796,-0.7963785286590264,-0.08994863814128884,0.22260418647707536,0.6915195136123575,0.3452606914860419
937635.0,0.24743965139337898,-0.51224860396229,-0.08892001558548834,0.31656129720027537,-0.29007950314074304,0.28737116374985305,0.0377866884727065
937636.0,-0.8039558339279078,0.973471388259683,-0.9758639032815375,-0.0991238380185484,-0.5341723527591218,0.35656737795686344,0.7738107396263898
937637.0,0.41205000221330823,0.9294630826440857,-0.22940217339792368,0.16846721115383834,0.5207425698324819,-0.1876150355794699,0.5009784666215138
937638.0,-0.9446752360906128,0.1373814285610977,0.9717361576536863,-0.7103902776148208,-0.14220156558115438,-0.5315618745199013,-0.35227545238162716
937639.0,-0.21134302512471548,-0.5484669386969736,0.7466546366033264,-0.017160704693820916,-0.7903174672755167,-0.6931881458561975,0.44881344803348266
937640.0,-0.026530250015519563,-0.4718262744453914,0.03257619250998589,0.24012029007098934,-0.8951563330577668,0.015960989367684197,-0.9358031629678325
937641.0,-0.3822452586875229,0.8450164085666199,-0.8874687547603637,0.1736030917534721,0.4172832588749973,0.8455292258813296,0.5996052598331185
937642.0,0.46128147374140704,0.7089190431757222,0.8702120610770263,0.9384611013594852,-0.19224119560142472,0.9965025505157641,0.3689596437133833
937643.0,-0.5262205004749918,-0.003777977574721314,-0.7817898313318832,0.9061154833446559,0.12673396561975414,-0.2823285088314009,0.015821127119717504
937644.0,0.18027375413492885,0.4415404407509067,0.6735670813282582,-0.6867471419112989,-0.5511096802963791,0.33397410551844775,0.39764844748253503
937645.0,0.20315499012556848,0.5486713990464376,-0.8902330528930342,0.6606203856954134,-0.48590356676165203,-0.3698664486244385,-0.4519214876291058
937646.0,-0.056173138204348216,-0.0726080110694125,0.8528257791777225,-0.7406401903499336,-0.340681738236267,0.9412416288691523,0.8291699032802025
937647.0,0.24498868898197057,0.1878444341426353,0.741974517682555,0.49943826757499643,-0.40773214697721993,-0.339682009773858,-0.9004016800110313
937648.0,0.9107660399427819,-0.6235095163223154,-0.999619106907061,0.7431934254219728,-0.03312553631822901,-0.18371430524341958,-0.3168850451333107
937649.0,-0.8669277042534924,-0.5527137271309905,0.1960317720503275,-0.9442775513563666,0.4367792021400614,-0.6625813404957122,-0.6392631964926312
937650.0,0.08093041430101766,-0.5231070759257301,-0.8397880293470785,0.6811115354748372,-0.8685059695088915,-0.19799266986228936,0.01701089450179394
937651.0,-0.8397192124325421,-0.9425242889443726,0.9084832247653036,-0.7578664945004603,-0.42720250198622134,-0.5310536919126261,-0.20155911037221808
937652.0,-0.5228980813359592,0.7404968404236825,-0.401490376366757,0.46259715326940265,-0.8056992885006076,0.6184518657218145,0.5302787253381094
937653.0,0.7231746967123787,-0.22685146016547875,0.9895311533733804,0.6378388711885499,-0.11947746693712857,-0.11435638543918714,-0.560474310487632
937654.0,-0.19390935814939936,-0.23021918630983773,0.8274397997645524,-0.1982115080039366,0.3507440685333174,-0.6444111958648355,0.8755614569539729
937655.0,-0.5897441392702871,-0.12427753351039073,0.41526846832604325,0.8007879580626394,-0.33375282086664004,0.060826258593681404,-0.6489652861328739
937656.0,0.6337313463328247,0.24729225593241622,0.36460992992004027,-0.9362491708438674,0.3317967340648662,0.9453623360947345,-0.8353435787164243
937657.0,-0.2795122736409432,-0.5574313666091559,0.9238410841147651,-0.963917137978971,-0.3567315323339464,-0.014645276869267754,-0.6203094540878094
937658.0,0.2734368861929237,0.7379164340997248,-0.19154854912372632,-0.05638960247189018,0.9139319959770793,-0.9034805976187983,-0.5357857166482942
937659.0,-0.2800154777270083,0.8742196595231091,-0.8338463507833014,-0.14832493312381834,-0.44834545572124807,-0.8802003550723299,0.4811731096037355
937660.0,0.7477077535387338,-0.06586073256901348,-0.28432514987130864,-0.8798261030428198,0.8622416079388306,0.7616016047407566,0.40365155306439093
937661.0,-0.6857883225215327,0.8172232856339035,-0.5556988137226462,-0.428983490303968,-0.18166265146150362,-0.4945715453655888,0.9842404500818505
937662.0,0.6069751527367284,0.1155226195380008,-0.8665731381925941,0.7091312592246795,-0.7203123032690264,-0.7193081992135408,-0.0959909039200606
937663.0,0.20127938518351907,0.11665577635931035,-0.09727326014806326,-0.18688864046415832,-0.32074782621698605,0.6589947309844644,-0.04621413868837854
937664.0,-0.9901016097871282,0.39962124546710287,0.33057048623204555,0.7445032805314591,-0.015517856932615981,-0.2887362172807244,0.2500689362339765
937665.0,-0.9741192522153392,-0.7454304713186217,0.3130236232818637,-0.7755249373793489,0.16820430528346475,0.3905956595265816,-0.6359697756760265
937666.0,0.8208854118056386,-0.5702173717542203,-0.2174935468254926,-0.4877708782117136,0.1740326944638766,-0.01626597777497807,-0.4482153306961365
937667.0,-0.6546066191658104,-0.8758814065887246,-0.013290233478313374,0.34653685729913897,-0.6693806128310877,0.43617056524337383,0.026666383215479872
937668.0,0.15388948618936005,-0.5998551910446754,-0.9301028087262819,-0.39291161360266047,-0.48321136628158134,-0.8442862236082316,0.4725199216766729
937669.0,-0.21277710082945767,-0.27735669785143546,0.4925157666866813,0.6857172259711373,-0.6995963718636538,-0.9946129330807372,0.44730933391788064
937670.0,-0.06307632637992455,0.2929362369461841,0.03110697262242268,0.34910050490737166,-0.6116332658606585,-0.5832966590813766,-0.4859716158860934
937671.0,-0.8854302644576064,-0.7977105016699824,0.48866210137680066,-0.8144235767628392,-0.7629879658948597,0.5547674180692592,0.5852189664536798
937672.0,-0.26417597469182574,-0.09470594834477342,-0.4351993723952563,-0.33023623659308865,-0.09018526069202659,-0.23349563856738254,-0.20923249281941336
937673.0,-0.044010222140743016,-0.8837800303484165,0.5638500953285968,0.02369021642810476,0.38981397775662097,-0.05497019381444779,-0.1194897374535433
937674.0,-0.23985677900241464,-0.32383865048456495,-0.2338750118629127,-0.6444209942497168,-0.7863016708046602,-0.7094357072117625,-0.7654088972494939
937675.0,-0.39877359325418893,-0.7363905251059082,0.6392586132208717,-0.004280012937925681,0.539166944341781,0.7567445536773398,-0.7979751595311804
937676.0,0.4196519180465106,-0.29473092841742066,-0.005763782185305155,-0.5169160453493358,0.6267171568784429,-0.5457725912640987,-0.17284319351268995
937677.0,-0.3920367995070966,0.09555955067875632,-0.1533162824600074,-0.2983469731278594,0.9274181885924255,0.1893455908880155,-0.09364948967131559
937678.0,0.792116285538278,-0.5226987330472093,-0.12211023510965768,0.03403308896010038,0.327074840784499,0.4574696942349781,-0.43603868136672697
937679.0,-0.3141901011632291,0.2727153370166122,-0.8688808813376536,-0.10079803233978857,0.6883990983433925,0.7243374173756387,-0.9529368518916328
937680.0,0.6386419837137904,-0.8447043956392424,0.27668391607384946,0.48021580998337754,-0.7611560448941739,0.4884605227603467,0.3073477026774709
937681.0,0.7861126974226353,0.42816532656848794,0.07984208426923978,0.8263081223508655,-0.8915699411867954,-0.3888478831291624,0.7657799556843945
937682.0,-0.6932412901358458,0.5243414505732356,-0.45841834519896096,0.7265485897873047,0.8465898388727622,0.3406437331276373,-0.5843085321326622
937683.0,0.3895122927905179,0.8272408259637121,-0.8840500977808574,-0.011909309071530982,-0.012840479632571178,0.17040920690796457,0.3596979497457522
937684.0,0.23874016102797313,0.8185151647637523,-0.3893554652467046,0.6115568595313319,-0.18689654477553197,0.927785764376247,-0.1823739660797128
937685.0,0.6836089386177084,0.7811608471049241,-0.934568924909529,0.8365490897279217,0.9865436036086079,0.5364332504585401,0.2006917847715448
937686.0,-0.9523962713470526,-0.1604485979084973,-0.47058505812263274,-0.9091916973640415,-0.33477718058115324,0.43409357418486194,0.5798966264412688
937687.0,-0.5218532670514564,-0.8955957772249188,0.18058679258285903,-0.7461821157401853,0.8094359957002337,-0.8049414824934555,0.6043975496186069
937688.0,0.22322964190273598,0.3353073533755637,0.1347002822310941,0.0984499227215776,0.7551322440896096,0.6318112276689987,0.03430057814465237
937689.0,0.8122335714996509,-0.3239939254605104,-0.9989499406453193,-0.011524447004580995,0.2956973184252949,-0.0596312407373667,0.07003078401433926
937690.0,0.7004399785452724,0.2662352708784632,0.4109217546694939,0.42492183047658183,-0.7424163812541402,-0.8751619863317033,0.8387984080752793
937691.0,0.8823640202367706,0.34507301522486444,-0.997545792674065,-0.4725293937006789,-0.11516433547057248,0.7080751162299832,0.40877925002385074
937692.0,-0.7227128739228406,0.684665423430737,0.5295347403147554,-0.23578035264195862,0.4447589357961248,0.09451133868218276,-0.6943057992969206
937693.0,0.9352513848252657,0.20400280107208202,0.9672240775015883,-0.6159532441060718,0.4454555019671804,-0.08169556105149978,-0.07157677458388845
937694.0,0.9115665233936552,0.4100094094095006,0.4243393828172144,-0.46632107830033553,0.7453788835890982,0.30907775474126997,-0.18969242435451017
937695.0,-0.28173620976481395,-0.5475279986725519,0.8596344838877963,-0.385057532248807,-0.6399376194000808,-0.39599857318917264,0.7167010702500916
937696.0,-0.7987988839991293,0.6454123582226132,-0.5148227987865879,-0.6938195560562936,-0.33206203153693803,-0.5917225804853421,0.5802683072947312
937697.0,-0.18905521587852725,0.9877367187096608,-0.6875732677242041,0.5505149708810235,0.8850551935854722,-0.14814457596385755,0.326484540523162
937698.0,-0.8642364972787289,-0.5828185222742124,-0.7335322944119118,0.8565849192437067,0.18536617824274426,0.8816164426430324,0.7324527093998623
937699.0,0.05618659205232479,-0.9583423539066502,0.950191550396015,-0.7904032347028507,-0.024593643954644806,-0.6944042971614506,-0.5374779423639893
937700.0,0.026491536996260168,0.452930383585167,-0.646484906423858,-0.5754831716719804,0.05790527688938929,0.39246348304135736,-0.7610550154004487
937701.0,-0.2670387915991044,0.5519343372549599,-0.7710507492778995,0.8020615834421572,-0.3936640072660873,0.08326553781315882,0.6697196896280742
937702.0,-0.7594847406686946,0.16454070947830646,0.9271029251562557,0.3711669759423095,-0.9726963977494409,-0.0905208763938925,0.9890801551118575
937703.0,-0.7162788797031217,0.7353740012757441,0.9887701789932271,-0.5753393661306421,0.45765166471520535,0.5989195918184276,-0.6610339584697582
937704.0,0.37115482007705514,-0.41944283641639646,-0.2432962989188041,0.7797004998704455,-0.06372191856843079,-0.3742856405906021,0.6261413678208185
937705.0,0.7739110566566292,-0.9962143359680846,-0.5076668281740055,-0.08376185614758103,-0.3829693953001694,0.0720682881699597,-0.6825569922098262
937706.0,-0.38093512812923813,0.031165927549015926,-0.3112838265924347,0.8433939113558759,0.6211420407085593,-0.2819729763659655,0.8556029384237569
937707.0,-0.6681625032818268,-0.2945348576738591,-0.21029516993334463,0.8037874720259583,-0.07767734101787394,-0.34770497622024266,0.9357986693885851
937708.0,0.545989274288645,0.8321695123001116,-0.16726266210783658,0.5438623503326552,-0.9387141804054275,0.9183385531162132,-0.2635460885367855
937709.0,-0.029000702527458122,0.7224888848253486,0.6035391636151461,-0.43653032008966197,0.08124289052715161,-0.5605948808786207,0.1852604666567117
937710.0,-0.2474437532756555,0.7663968946661153,0.8079573319757551,0.403475804857351,-0.001206079219419065,0.9019831753896981,0.7300615147828355
937711.0,-0.9266027504192818,0.7456854231935235,0.9774441069094275,0.28646017643260735,-0.48309921320845794,0.2762559480179134,-0.7797038660007103
937712.0,0.2763244739935926,0.7422550727278974,0.5021549834116881,-0.06739554960788952,0.9056650324788738,-0.7257183848680953,0.7226341710398301
937713.0,-0.6682580876387108,0.6830296997456053,0.20012727271420427,0.07403544120822336,0.30368588574999444,0.5215844404240069,-0.5890261566547981
937714.0,0.5783556275260722,-0.5989571598916581,-0.21285040988609683,0.2623533286744111,0.6360782643150189,0.8088214584646887,0.08099000826801594
937715.0,-0.3216258289578917,0.04345256867526448,0.2024691419174416,-0.45293476314132985,0.6235496237225531,0.9461956866443131,-0.2664037885368704
937716.0,-0.393860286908416,-0.2504559964613273,-0.7494113199037646,0.44083941767492574,-0.29354079710384373,0.6847454837274345,0.9416241670111551
937717.0,0.3869528713421846,0.8533138226607939,-0.8189070872366284,-0.9178853836991641,0.12219135935016934,-0.10778060172354076,-0.8405211127137435
937718.0,0.06533450142433628,0.15313182891298882,-0.6293975706674724,0.5479196237672466,0.7613609322622361,0.5677576961241575,-0.20859107640412566
937719.0,-0.5302486519389522,0.5221853393564941,-0.41962407503782506,-0.49237270457160287,-0.4607495202043357,-0.6458636849207553,-0.3109303175197564
937720.0,-0.3452316195814713,-0.2006971785347076,-0.01644592583443827,-0.7942921962781149,0.047075064861547,0.4710885348166727,-0.06712792045538452
937721.0,0.337387029867962,-0.5529392748796722,0.7333064524341435,-0.8178271507107653,0.5843702480911077,0.9997842874370286,-0.3482411290473415
937722.0,-0.4821162979317646,0.46442521598008035,-0.031549395446625716,0.6950845271970219,0.839308715857292,0.24390839488606453,0.3399810131285044
937723.0,0.013978246434048991,-0.35713132809114234,-0.41744924460947974,-0.702801694467952,-0.988344903095046,0.5941291073249582,-0.5203757425049298
937724.0,0.009870492668357711,0.7085429257331664,0.7339821441999148,-0.8337251032630855,0.11193552527660655,0.1560873787513566,-0.6870753962224603
937725.0,0.32819122400187317,-0.5583296013529888,0.5278302883016519,-0.6030771384233466,-0.9195711522739263,0.770790275240335,0.9296215192087571
937726.0,-0.8793630491848179,-0.38432884656522237,-0.18107672499792238,0.4442424125530482,0.31239642025844416,0.5521624669114078,0.6546463786876082
937727.0,-0.6483520178423203,0.06930367897390188,-0.09551973362830757,0.1194862230876681,0.4793670938285348,0.7478099585527722,0.6564533191555313
937728.0,-0.8460638517328072,0.570867705844869,0.9360277403951429,0.01977529422269897,-0.03489417991480237,-0.3481312123742122,-0.6437530231982223
937729.0,-0.5176685754639636,0.48729755604324554,0.651127855730792,-0.5472553177985435,-0.3342777449182155,-0.16267835731498592,0.6747251125595202
937730.0,-0.14185706040636759,0.9007402047700432,0.0960912886642904,-0.995833917313508,0.641379267743188,0.5039195248744106,0.7672498290969594
937731.0,0.5021058194276533,0.4101148730448243,-0.3748888382898852,-0.9549185412241341,-0.7579598088393418,-0.45735664418131927,0.8129259770995909
937732.0,-0.937517787785209,0.08392125659188165,0.3659387352088779,0.24161353239132577,-0.5776897958227096,0.6575375269741981,0.664969015941226
937733.0,0.49210253764501144,-0.5856296211214154,0.12098788543720262,-0.9165792919567168,0.659890689217943,-0.24780073058396623,0.6786035509517148
937734.0,0.8629674198821264,-0.46139593436284154,0.7730605859470385,0.014183960183144384,-0.2008239548039472,0.9438869743899228,-0.7484495338921457
937735.0,-0.4480091198712355,-0.3391829651803868,-0.49918944546435084,-0.5571282059611755,0.5572545216100897,0.8865805545764456,-0.8838570247508988
937736.0,-0.2923407391376429,-0.9613008382817345,-0.5880391338015523,-0.4339582393448833,-0.2527723834866651,-0.1965500361261432,0.23120403917692367
937737.0,0.0718423340710197,-0.9627905866962994,0.4546412910904929,0.5569519563676402,0.8473852630635612,-0.5518315412480213,-0.877369702006638
937738.0,-0.5934007274244744,0.6373561627034563,0.7622752982473606,0.7939638621750278,-0.9262618304488357,0.2512900290156763,-0.912860924834529
937739.0,0.7241035206786812,-0.8512987262751446,-0.5686063657997102,0.8328145111045775,-0.3458993784136408,0.5080703029698064,0.6447531829299911
937740.0,-0.7144645959512379,-0.11147651282284943,-0.11463413798585154,-0.3326786642579105,0.8873759009754094,0.8005160368583728,0.2952970350942856
937741.0,0.94628793971385,-0.1177900242978529,0.6442269600388262,0.9459463453495698,0.7754032637040449,0.9408821895711641,0.6729111181029122
937742.0,-0.5337852481846204,-0.9424813209575698,-0.27585263738767485,0.41397374635400186,-0.024458071781051638,-0.4206629023119932,0.18863036203015082
937743.0,0.41859908681067437,0.9832358516520365,-0.9118606861155145,0.15529275570059853,-0.7691597382488009,0.9022372041650213,-0.19758545913611125
937744.0,-0.6077723866264042,-0.395963121171353,-0.8846118850435727,0.4259143595710677,0.779856933080201,-0.9450845260706573,0.8228644582459606
937745.0,0.02944460535317317,0.3814950658420466,-0.09511226730392153,-0.1641161332908434,-0.604966121722609,0.354537295403736,-0.7164377833551525
937746.0,0.4828957150278319,0.6677255304866689,0.8781792139193874,0.2534590425967669,-0.7880131390948915,-0.6259684728727184,0.24979153363663076
937747.0,0.8566414082900424,-0.23589134788398325,-0.2868171119197518,0.8956560637325803,0.8526133431618912,-0.03673227077366792,0.3876591084581509
937748.0,-0.12095456118504022,-0.7782573566173652,0.854879859761269,-0.8578765804332484,-0.3464850895643532,-0.7101844879381356,-0.8077992397385965
937749.0,-0.8114039503124526,-0.3615272826735543,-0.5717296117485753,0.8869480398946752,-0.2719963480711607,0.11265955305545705,0.30198440929393633
937750.0,-0.8357741270087979,0.39969485295062834,-0.6103531023136723,-0.04051104692798968,-0.08870958333804002,0.854917948947028,-0.6473009103804672
937751.0,0.02538424970065689,0.15605303177359997,-0.26483923311807556,-0.12443732931416407,0.08945772498492999,-0.8947548929373252,0.11984695628317388
937752.0,0.31606066832854185,0.0218287303905067,-0.9564630865681341,-0.41164577351526255,0.7552499645268609,0.6948115761246976,0.6994909015839785
937753.0,-0.0993348819673816,0.33452039457611416,-0.4662215160480183,-0.7257034323417899,-0.4386927922279831,0.7795184556742845,-0.25402426730268624
937754.0,-0.9730297265028547,0.43631040082460837,0.45349662734003515,-0.23401845975529656,-0.3182509725230356,-0.6133208981090823,0.25485649184448045
937755.0,0.5100506421472069,0.821325887062164,0.7420252191766652,-0.6910083436390042,0.10695678818144527,0.5525294056483083,-0.4607791594908721
937756.0,-0.41996742843968393,0.1688595484091342,-0.3504050997026791,-0.5743169027699451,-0.4485927238182903,0.8291670025688234,0.0607058205970219
937757.0,-0.34454649213602684,0.19994532130430054,0.8408231499603414,0.21335581156781713,-0.09120542556085742,-0.865789173462886,-0.17842318864766282
937758.0,0.8890042394985749,-0.37203951048221584,-0.8956210486707725,0.2943912452644306,-0.28146594863570806,0.39885508625228594,-0.07146966203673477
937759.0,-0.9201678853112458,0.15788702774254082,0.9852202910526933,-0.09536653054197108,0.1552180381652435,-0.4741170735477682,0.04673608633658133
937760.0,-0.5147388568069147,-0.5411312841326477,0.25369063224664945,-0.4875085975259805,0.6867183234847729,-0.15833113115174813,-0.8474726263251597
937761.0,-0.25074541530681427,0.05866894080945095,0.5548295869524043,0.449061343188508,-0.4786451833410055,-0.021860941242340504,-0.16963334975609445
937762.0,0.8958717415100359,-0.5803216213190943,0.8330762348960237,-0.06085228529650388,0.16404570938914476,-0.6340269195389032,0.6115138255507273
937763.0,-0.5344154700833283,-0.8852298252242392,-0.12274588531768216,0.17375024473787315,-0.4296335133487321,0.9335559025081663,-0.06307313010611648
937764.0,-0.20393024881590516,-0.8020797056329028,-0.714125431914461,0.5953669177644099,-0.11221845114476192,-0.9485705703313863,0.52902994497889
937765.0,0.6087463301398679,0.7874523427991149,-0.439010080901471,0.8920909071374485,-0.9103206419953371,0.8703030632579607,-0.1455828570002391
937766.0,-0.6404248157935446,-0.8977193326430255,0.6072896351381167,-0.6140682693929949,0.45399398471862273,-0.013279922192850568,-0.8068708804341427
937767.0,0.8178331477277618,-0.6146254442162182,0.3173621207422117,0.3069633251560957,-0.48199164953827944,-0.9112469663835536,-0.23779371255947868
937768.0,0.48070425626605506,0.8221962418590507,0.12271952924623131,0.9648960682842658,-0.9118465498684203,-0.565643429885786,-0.11204300320373584
937769.0,-0.8525716335325537,-0.9875007787414212,-0.9455296563515179,0.9012020113076484,0.346357681732826,0.34124799794647154,0.14253843763623641
937770.0,-0.2984346601057777,0.015402446255355473,0.7570558173812654,0.2120832489647717,-0.8320810528405835,0.07946419524803883,0.06955828181179258
937771.0,-0.6756469537800851,-0.6881079599467335,0.08046874919230951,0.96406164116611,-0.3174063121112276,0.878145265508897,-0.23156685478463235
937772.0,0.14574515986656378,-0.07171499801958148,0.5946905528129256,0.06739652453738287,-0.9695395720660491,-0.9332014503871429,0.7240544079628872
937773.0,-0.058160281284329596,0.5650736407993884,0.8017798007166583,-0.14554315070594637,0.4377600774424666,-0.16721842239469775,-0.9798430820338491
937774.0,0.8677484271276255,0.8968510231295117,0.24974599071290293,0.9062991901584525,-0.3642312185721104,-0.7018978457377314,-0.8983647187122699
937775.0,-0.4450948330561453,-0.8599716662023886,0.599981934676397,-0.5713139155680367,-0.677120443843257,0.2894322685003532,0.49984719090956764
937776.0,-0.34943285345035147,0.08033024490005647,0.710363391078692,0.724209365266018,0.26554205751034377,0.10844682857341859,-0.3640588203158013
937777.0,-0.6334434793089978,0.5327176223845924,-0.7321376474048671,-0.5411317858776885,-0.02777437725909726,0.3866335433536696,0.2745886578083978
937778.0,-0.7341168910130358,-0.07547544979642273,0.5758437952117412,-0.18304639573857462,-0.25300711398018216,0.6502137461673914,-0.01058649125022404
937779.0,-0.8091901252941873,-0.43086372382351845,-0.6538370515565326,-0.601084470174535,-0.026138677444475178,-0.21007560554702875,-0.9177822794679973
937780.0,-0.6527008149996372,-0.24580373232466024,-0.3372196827218963,-0.7729490940217092,-0.157316282782469,-0.633518252658428,-0.3029134310825108
937781.0,-0.187411325595761,0.4532647186614849,-0.47712065958688354,0.4539861766591262,-0.423932119486774,0.46512206735697004,0.22788704428826567
937782.0,0.4937973279509933,-0.16101144481600227,0.5349232959368617,-0.253872494150291,0.5853733844339353,-0.5423807192591423,-0.8892524448097776
937783.0,0.5996586237098196,0.9930548158221313,0.08965186828916827,-0.8657226321571623,-0.33115269508989154,-0.15781133215582033,-0.906609119436182
937784.0,0.7498718590196951,0.8675220396534207,-0.13746179681714832,-0.2400587230784219,-0.9436709009440518,0.6155027151301566,0.17753591273990432
937785.0,0.29519340983134623,0.1078630428970917,-0.5501174418783523,-0.8135212144706725,-0.8208147288332892,0.9664194197164628,-0.4962234553820588
937786.0,-0.05970124881776506,-0.32450126619959385,0.9146181941085876,0.249036734780832,-0.8211089349260763,-0.8640090037942303,0.7768895332306536
937787.0,0.27458240606035855,-0.7010206369761911,0.48414036052019016,0.037845748888546416,0.3083009945541002,-0.7474388267123844,0.41626678691190344
937788.0,-0.7203095257837833,0.5429175705709777,0.2742741320453439,0.41216159178197187,0.9772473310573244,-0.3025962994571172,0.7776040236273072
937789.0,0.31753173806143753,0.2923227337239196,0.3242355957631782,-0.06267168519628319,-0.29239665601166687,0.9055862439736686,0.28701997288559067
937790.0,-0.9797405580524463,-0.40865453560137355,0.4130814792051136,0.6284674452674486,-0.6004695277932779,0.16637963641784914,0.8639237148423309
937791.0,0.22133844830466343,0.6681702646399039,0.6527597622159635,0.6415361967166329,0.1512009433417294,0.09784178025472667,-0.78319504695947
937792.0,0.7399384667062641,-0.27505142434995267,0.540488231151087,-0.22784379238833408,0.37407933710263896,0.6714843410108129,-0.9605987165603675
937793.0,-0.3627296119494934,-0.9251709534796031,0.3932904999250604,-0.8832590583479834,-0.6163746067538747,-0.41831805268321953,0.436776654492705
937794.0,-0.6949704404296777,0.8162719174583357,-0.6381224749727412,-0.7898405632151424,0.15188804661716127,0.40192746906791443,0.7527362142098757
937795.0,-0.48634687562390155,-0.8309508347009322,0.6065031433998984,-0.7376909773627043,0.3889032035421789,0.9706846769821074,0.5926789228746647
937796.0,-0.9722231683312677,-0.9397958647876015,0.5232015240231054,0.42474491976286943,-0.4427606400492172,0.024917441908851812,0.15778182945075203
937797.0,0.46556158515599155,-0.14262936423432349,0.14490817612544493,-0.9847025091792296,0.1682350548914593,-0.5378864224830342,-0.7442554988399026
937798.0,-0.30828165917104533,0.5666856095216402,0.2970510741613841,0.1648897006536807,0.20305285937046058,0.9107282408837769,0.7398750849373248
937799.0,0.3507864718717706,0.9702591251017509,-0.5318919229008232,-0.5196004202880466,0.7436628831413372,-0.93776722537339,0.30793534586047366
937800.0,-0.45863255215316734,-0.09565189068115476,-0.06774568349349841,-0.2503695097194747,-0.9683926081395524,0.6542693368267363,0.7713244934775789
937801.0,-0.8521765517102355,0.1277101770111171,0.42884900865118625,0.029713160054797738,0.9133481208481093,0.5599809430209959,-0.6503781386577048
937802.0,0.5561529399299101,-0.5359103803656646,-0.3006383858551678,-0.9630271459164923,-0.14073653241008732,-0.3789732565275128,-0.23801057429452088
937803.0,-0.6844500552062334,-0.37821817728203166,0.9027796257159812,-0.8956677723343975,0.9211570271106007,0.5137558360743526,0.25953437208796637
937804.0,-0.5260389913870744,0.5770456672893307,-0.3497095885885575,-0.5483193438053748,0.8193484239914623,-0.9360949395917573,-0.2295893961366815
937805.0,0.9381695735048869,0.37595098741597566,-0.0659894047562335,0.12080430324896985,-0.6270787111902225,0.46264805311467594,-0.729697963586557
937806.0,0.5698539451233688,-0.10297801735985912,0.09086523683259973,-0.9113727385724333,0.1989352187373874,0.2957673045576277,-0.04238086480862191
937807.0,-0.8670806937637783,-0.20572359052483047,0.8789809811713627,0.22225959596841616,0.2022127017423383,0.7315208904015666,0.3948805363920338
937808.0,0.535797137307243,-0.6072443943879853,0.69395647179386,-0.6762485456914433,0.6966185619862288,-0.0205655110678431,-0.7697742589726966
937809.0,0.661722931470399,0.6273420750606951,-0.7375461616408212,0.2635897836959247,0.6862235170578637,0.9160041535652841,-0.4227313729562969
937810.0,0.8105108797297471,0.3162804419739098,0.664355313922919,-0.19584000286309222,0.17668939383702154,0.9652187381995063,0.6330082791848017
937811.0,0.04498393148511681,-0.6169128277289899,-0.432799189356206,-0.7314803276244248,-0.8814328163827494,0.8490423852360998,0.8759551742760376
937812.0,0.5026655636288428,-0.5814115642242903,0.5114819240638313,-0.3262490074179467,0.21461578877788412,0.09813906850137877,-0.14512567582972213
937813.0,0.7417271241553456,-0.5377436413892693,-0.7648199092754269,0.9808355256008927,-0.11432320153879094,-0.2312457058013624,0.9463286242976421
937814.0,0.3973133830399962,-0.4268253585319781,-0.6627437727372616,-0.6924376989233127,0.8216358845867906,0.8359229035579674,-0.47335236981647744
937815.0,0.545648373784084,0.12451693537923725,0.41732033101030974,0.4755460385376702,-0.40673872067855443,-0.5750163549157989,-0.8461269244479828
937816.0,-0.5936291856745033,0.935100165268034,0.8032766165132146,-0.9439877744965688,-0.30116581397132736,0.23829696156230495,-0.6729517704829353
937817.0,-0.026091908011495635,-0.35940619359452564,0.44220032418450783,0.5189930904130635,-0.9665151688286568,-0.18589441881668267,0.36800759545351647
937818.0,0.34083988466971205,0.845873246399264,-0.6424889470560553,-0.5467136772550218,-0.9619696285326731,0.9369273940127183,0.022359873342476355
937819.0,-0.7888627484353443,-0.9228006864706273,-0.6796403514217597,0.7650414764671112,0.474562021164995,0.0671251746435948,-0.6790384838251218
937820.0,-0.8973003578565522,0.6390454873910558,-0.3603154654336851,0.30220915763553924,0.9944688901127203,-0.10844852813600347,-0.6636847204331084
937821.0,-0.9280090002488908,0.972842938322438,-0.5241725381892599,-0.49426154468240147,0.297846165653342,-0.25562295507380206,0.533891164549565
937822.0,0.9475943628459049,0.0535158690347699,0.30525091925898407,-0.4159580162811427,-0.7638879720807878,0.9221150195991379,-0.8932582883103668
937823.0,0.2880709359684033,0.24311349396759696,0.13834190233710464,-0.1280642252684081,-0.6317304882489119,0.41190953680953624,0.675038182227734
937824.0,-0.9136956979533435,0.2181287717029241,-0.4029404169734645,0.49322750009239136,0.8071890476499666,0.49458984552997043,0.12052354174788382
937825.0,0.34782838002956895,-0.7861323279259871,-0.17162894457710132,0.9029818393808087,0.6379331443841274,-0.23494793469633057,0.6596436427570298
937826.0,-0.2926645603607161,-0.09553399325559297,0.462904751632901,-0.9986438069537495,-0.7423818741894239,-0.04848804465385759,0.5523369754482774
937827.0,-0.6034194158996655,0.41853228582528845,-0.4791028851474468,-0.12079543187745512,0.5818738008824418,0.9712354064397231,0.147413154189886
937828.0,0.6273906844187858,-0.6554296053923652,0.06559267779837441,0.40318225369813043,-0.486353278410969,0.5015183782313581,0.7316010352562299
937829.0,0.4432969848032884,-0.4794826940032275,0.7284650919972275,-0.681744111692764,-0.2888590911308364,0.6411623841677407,0.634260534020525
937830.0,0.6714663235611895,-0.4381331445336749,-0.4404856681138285,0.2449335565062396,0.8900193365054692,-0.94073191734161,0.1668911305654397
937831.0,0.6065449467466639,0.11825659103909225,0.7627433986694958,-0.54536509194189,-0.6607600970440826,0.8236058687737307,-0.035286827196838955
937832.0,0.19649321939059905,-0.19505782433154506,0.7468555525226457,0.210869713599795,-0.38706531268144273,0.697985779625921,0.5999450082195141
937833.0,0.16750800153950518,0.09608488488938671,-0.02437915439463212,-0.7856751966230118,0.5091272829757851,-0.13477547836921655,0.06489858286191907
937834.0,-0.7942012995595289,-0.10177131413809826,-0.5538125457518079,0.8368003663743153,-0.6722705830792688,-0.6709852274510861,-0.45372320943139655
937835.0,-0.35190150146615506,0.4840239242175004,-0.26515631489699043,-0.7738593385402057,-0.6437669485683362,-0.4640827917712216,-0.20299354751798093
937836.0,0.18752992969244575,0.22786263985545596,0.2634917499762406,-0.3878200075141893,-0.9342794331450162,-0.27061025751101764,0.14128553411641231
937837.0,-0.922990801712354,-0.8265892116180842,0.5925317506018171,0.1709255347911378,0.05921054795823877,0.38865496040236125,0.1810035159217076
937838.0,-0.057836725847112636,0.6498720478336615,-0.5520408551212526,-0.045495207252530756,-0.28905289254758104,0.24545423288385737,-0.30327775491555675
937839.0,-0.9016151675669637,0.13677121583468677,-0.18147646782536175,-0.2623254326830038,-0.44045895769841015,-0.7032811665249623,-0.5497529572533761
937840.0,0.5870414755780624,-0.7307369690783032,0.00401618660618186,-0.48922098451894813,-0.16254394824476504,0.0718982766573093,0.9047795961789389
937841.0,0.02279538021932548,-0.013906509492778163,-0.38401380857516987,0.08989836382935912,0.2935542055091427,-0.27625373508371776,-0.9662620652119001
937842.0,0.1005045442544441,-0.4793611815123733,-0.5705407914726317,-0.7078045583847097,-0.40861051588506725,-0.6202624290309486,-0.0032761388960345084
937843.0,0.6356088039649621,0.6990062380575619,0.6906203637612984,-0.8565426607996787,-0.8364811665322245,-0.08831049657193124,-0.1083191696533552
937844.0,0.4680283020513354,0.2903810660545072,-0.800352012569995,0.2758509889677705,0.5959254958745734,0.3185325924211233,0.14647705723807158
937845.0,0.1360527867237904,-0.4717944394832516,0.39502263993762976,0.526956747121506,-0.7161382171741155,-0.2365376925737035,-0.3921376930580631
937846.0,0.0695269667757683,-0.6178682153134563,0.7656818205512175,-0.3797906609028763,-0.9953755606170864,0.7821700932589768,0.24955140381906626
937847.0,-0.7021380516571027,0.6779650649769942,0.040393452449841716,0.406425284149166,-0.042406676508993435,-0.09406708394381269,-0.43628403891216627
937848.0,-0.5977545724450863,-0.3828291786387734,-0.6322198559918517,-0.988655330108198,-0.09180491961883641,-0.9226627329977968,-0.9618410715389734
937849.0,0.6156795187474,0.9328704550332607,0.6713921809958308,0.3428110448098476,0.8186751763077658,0.9333091141466778,0.9901518122183406
937850.0,0.5983579543971935,-0.5712193578717506,0.42111823131265647,-0.2009608604658648,0.06040951476052192,-0.543043002201907,-0.25491272675510523
937851.0,0.4775072950298478,0.5664731564243584,0.22846004459674418,-0.8221309149863429,0.8448433093625178,-0.43562259333116216,0.031486066123081136
937852.0,-0.4321664325569179,0.8384609328613732,-0.03796521937847919,-0.23854511325999583,0.7457210102161791,-0.7026046640493386,0.9681640654334538
937853.0,-0.13910328363092894,-0.023160553942133788,0.6838580934282665,0.5322572167413475,-0.3349421916619819,0.9494887528133129,-0.5555764451441034
937854.0,0.19656467697531732,0.9947991504481664,0.8439607387542594,0.020639126454024215,-0.7946058362988471,0.7222131916784693,0.5450650026588901
937855.0,0.3232544657334162,-0.6543647643844199,-0.546645084977293,0.28618877305640766,-0.9786024771462192,0.3534475075318182,-0.7910818257452519
937856.0,-0.3457000520140363,0.05801720150422085,0.1244103823708933,0.8559882175875722,0.9503453993646138,0.5762892142532352,-0.295240522498299
937857.0,0.7588964620256711,-0.63898002734245,-0.027194817025061324,-0.9007676439802512,-0.7887898622031961,-0.6377665320874482,0.45558478039215533
937858.0,0.7881682313231597,0.6788839283078825,0.9413632577799418,-0.12168713519804863,-0.1401945374969329,0.6634746638082489,0.3358733809702261
937859.0,-0.8459307209060021,0.81230925973929,0.9782448882955543,0.5304029834208863,0.6114854438567763,0.4899705904836502,-0.7076227061930913
937860.0,0.22107238375141725,-0.36848075639312117,0.5734359686687571,-0.5437939788457955,-0.770768733124237,0.558097845443214,0.9231529289171054
937861.0,0.22312551381984802,-0.8581252789419218,0.5833419883322761,0.49209993791434337,-0.49972302693959336,-0.5708067295184152,-0.19012735550830606
937862.0,0.6368973914318443,0.03807391876585697,0.12849473309827508,0.48007797543079156,-0.008707525388668147,-0.40085258755003883,-0.8364568438448654
937863.0,-0.2152761763869695,0.094685053002036,-0.8320493650413123,-0.7008554991280833,-0.6727943640758891,-0.3420209634429663,-0.28952920924698033
937864.0,0.7596595960988677,-0.43787189425189665,-0.5907379305427267,0.12394407851916545,0.44466829377718686,0.7641948115858477,-0.69379849789306
937865.0,-0.517875589620391,-0.8281114219800725,-0.3893041983822345,-0.07855497416123303,-0.0031464432291721245,-0.7528360316869074,0.80329595343909
937866.0,-0.26640560755232867,-0.20109075466479687,0.20963382172562484,0.3934622369779377,0.7941359428223378,-0.8744218416905416,-0.3185181331297995
937867.0,-0.1974702312569876,0.916892435796633,-0.4477946772677499,0.1517319410903819,-0.46559129689635226,-0.7848171415378256,0.16501930097835849
937868.0,-0.3907361201373609,-0.8052938569123027,0.046568133582693294,0.1557395684872538,-0.11309255253938955,0.6350283318123426,0.9163392008193423
937869.0,-0.12630971326750684,-0.9316152472010977,0.9809147731709358,-0.6475786774180299,0.8318006471309054,0.8273670852858339,-0.2991175297071451
937870.0,-0.11811176879070762,-0.30516986131651547,0.7056167922317007,0.4464073627721792,0.2459778202895626,-0.5582843377502622,-0.5223485815589723
937871.0,-0.7086264586328286,-0.6249966936511413,0.661952612581689,0.4413526386075859,0.758064961971032,-0.6178134169101943,0.8234039128212303
937872.0,0.9426984783790486,0.5224867376363611,-0.6444682109883502,-0.07548366870316658,-0.3004113699211095,0.8497389128526505,-0.7116124876145247
937873.0,-0.23626122431118213,0.23962702573092165,0.4601555777751176,0.6434039153000308,-0.6939241460256949,-0.05975975132005318,0.16191143199459357
937874.0,-0.9327794640528311,-0.7567916279006217,-0.8221850284148555,0.8897776770193004,-0.7501327218302851,0.5102473082077852,-0.8976586748496065
937875.0,0.4020447007516179,0.8095238732153436,-0.18442596652758003,-0.6706069941528159,0.2670052617343437,0.45521493862368234,-0.08787921691939427
937876.0,0.24046177947442482,-0.41318211743921296,-0.4184926748067559,0.7494753987696381,0.7132406299118668,-0.05285966516985274,-0.7908660698982686
937877.0,-0.6943122871946397,-0.6211694959340639,-0.12602303928025615,0.045655913131629644,-0.9695362367967846,-0.9415705374515384,0.6899860084310381
937878.0,0.5430537445911359,-0.8967327208597642,0.8178903605860846,-0.614007811121503,-0.22156234431996924,-0.8846777241755166,-0.2521894839535972
937879.0,-0.22008080273078856,-0.8007036249388848,0.04264610332103347,-0.22613869808174925,0.8872450970732706,0.15735475481060002,-0.6269377163374172
937880.0,0.7656311533491857,0.4237222086583097,-0.8224211554669352,0.01442070365048953,0.8484868769736285,0.40269741881629684,0.6230782229422696
937881.0,0.38085279700329133,0.47987471829410144,-0.17409151165946612,0.9714541739063669,-0.45823325610649923,-0.727643732628386,-0.19442589469273464
937882.0,0.04548144133519405,0.3685260880859216,-0.1814373779897751,-0.38622689205592176,-0.31115339243708373,-0.5722461248469761,-0.9167877972287561
937883.0,0.2980004792725055,-0.3427830017936233,0.6125834675560842,0.5816749789599749,0.4913703774718825,-0.8321038801745224,-0.9942452676488276
937884.0,-0.44371329621019373,-0.7212271804826786,-0.3573686774658633,0.867690111000647,0.22275789915598976,-0.1979678046784319,0.28588930481329533
937885.0,-0.3829275830967842,-0.37871699748502086,-0.7191339203879372,-0.1983641850200888,-0.9444678466191285,0.12731709273985303,-0.6389316683239477
937886.0,-0.8982810154852967,0.7904385887205323,-0.27393035816786826,0.6306567219421491,0.678999934531876,-0.733148027115528,0.5291709042231247
937887.0,0.553609317216124,0.5800059178089845,0.8381442722299368,0.8351022487724269,-0.42420985288984014,0.8709050017714275,0.310931477919973
937888.0,-0.8437473357717629,0.8784820074257065,0.5132864965181902,-0.618556777408608,0.36493155867933336,0.18215778911849623,-0.5309456173615856
937889.0,-0.1277803514921132,-0.42508542541638605,-0.5883160837974974,-0.5334623831395393,-0.4067284236117674,0.03582014731397831,-0.06482315791623572
937890.0,-0.15505153811056038,-0.8069070022126767,0.05921167436439001,-0.218516049399484,0.1907153801657231,0.6537248347907878,0.4638944180493014
937891.0,-0.8370958210990667,-0.22202751176260915,-0.7700043654491506,0.17843223385568252,-0.06638899355122163,0.5877786223228334,-0.3252056494002684
937892.0,-0.13988534918639228,0.12903235755961084,-0.005653351171770904,0.8804762204969749,-0.38601609667393944,0.9068652319526398,-0.8618796405174838
937893.0,-0.1046214528858973,-0.47454497884490987,0.43502321570439717,0.968746097636229,0.471987439546792,-0.7475257973862863,0.9894504316615502
937894.0,-0.2606522743308568,0.3556044414073851,0.4078669554209069,0.5680899909997923,-0.31005696884847445,-0.005996890282042644,0.3952830322318581
937895.0,0.6460325870945784,-0.1342938854688287,0.9754823781758692,-0.6213892410169459,0.8464897860405012,0.9624089050473177,0.4923389055439351
937896.0,0.6581951720569044,0.5671763472689175,0.7373312398576364,-0.9108615260442843,0.9302138981874517,0.29142960132666773,-0.7655993007883888
937897.0,0.3283214427883945,-0.6349352418627039,-0.8439262146011697,-0.5764089137259094,-0.1612083606428083,0.5689594413418382,-0.4828049884509187
937898.0,-0.35348562602450007,0.2878134763036817,0.9413118126610003,0.6014129876305188,0.1653912318702948,-0.9387123902336805,-0.923357349816331
937899.0,-0.7217504227468992,0.6474807968801606,0.02308882916293742,-0.9704930827035925,0.630725834731954,0.019319684740405352,0.30498322005058376
937900.0,0.28563424889658284,0.5982711082701613,-0.012568294884713005,-0.8232761166355194,-0.9562685418129988,0.8021389277320814,-0.9844313371942592
937901.0,-0.1311280413654179,0.25463894557656497,-0.7882695953642449,0.40554711165608537,0.464885570403367,-0.3320736016782644,-0.2307117259365501
937902.0,0.1564969760193895,0.5128167962738523,0.22344831830369527,-0.30733822528034516,-0.6716227344435823,0.6512302554182428,-0.9970315661847173
937903.0,-0.7614100217043964,0.04063808591415685,0.4938690617326944,-0.05560516390396453,0.2043134191152518,0.4074996445743777,-0.49584099025876416
937904.0,0.36800221858587245,-0.6524997276775246,-0.5070547879816103,-0.5235945362815979,0.8436812106002474,0.08254262474579566,-0.2957127800914152
937905.0,-0.2541439415695772,-0.42595341019736255,0.5291518666816863,0.9183975866704213,-0.4688594886684452,-0.47169842216257307,-0.4744331624072824
937906.0,-0.6745767185506808,0.7736678536525432,-0.797350865397654,0.49783509865345277,-0.5960945073582744,-0.17742762426394743,0.23657504899682658
937907.0,-0.701224690774207,-0.777195771862629,-0.4915855017538999,0.2582625095301434,0.5793437180901975,0.053819483212357744,0.15296374014639413
937908.0,0.0453284910285956,-0.9436128783003757,0.10477626956810537,-0.794413818349377,-0.08810267793770565,0.27214394450209234,-0.14403865843910246
937909.0,-0.9406869792798231,-0.8602632835187893,0.042740038061907404,-0.3188207525899409,0.8533126208588018,-0.7889638609670493,-0.9329840302348242
937910.0,-0.4442684675284372,0.30680681236609364,-0.4195499315687783,-0.21477692599045617,-0.9750172063056732,-0.3357943699836061,0.3173662832332669
937911.0,0.7733241684637666,0.7918688212329996,0.9372236999405987,0.5386718302536753,-0.253464845449378,0.2581061616477949,-0.8388573277256091
937912.0,0.05775584944191525,0.3661478150113415,0.037664734603390926,-0.9362062561601914,0.9278344946448276,-0.7543669025374593,0.8064493427413824
937913.0,-0.5848980250202742,-0.1901683824895679,-0.09513115272162787,0.9751895049679296,-0.3367053692860773,-0.5526512791054237,0.9712705543789142
937914.0,-0.7245209836925792,-0.5448375675228885,0.36591862806621367,-0.49377070278318547,0.1304591193737199,-0.4141850049653515,-0.7522797666530472
937915.0,-0.9975172043531391,0.2219201364293435,0.3917120549130886,-0.8403389517818958,-0.18910746164935,0.25412552646191067,0.7097141924352739
937916.0,-0.8501964806707292,0.5808257781310908,0.041965099811618556,0.25610814097090784,0.8591868296624534,0.04841171046056214,0.4337359166142858
937917.0,-0.5695283859092841,-0.06689424450990944,0.7397193222977538,-0.996196063178,0.49056514916011595,0.13824411012598214,-0.8353328864189764
937918.0,-0.5159652252414515,0.7501649664722554,0.4092348019159535,-0.48017116295421136,-0.6684483737402918,0.6195847177696869,-0.10479148925684467
937919.0,-0.7495902252305295,-0.7069028233242611,0.7753848801416265,-0.7858529199505957,-0.2916868081738979,0.8922580505181343,0.49938545651551847
937920.0,-0.5307559712564256,0.6701678323429558,-0.8411613888911547,0.36343103577186864,0.10422610034578828,-0.6632517908726003,-0.8746612146668358
937921.0,0.11520886695978483,-0.32497938990580466,-0.3363789366124392,-0.9953517548783306,-0.5787814756052132,0.32557683021555217,-0.26116190086273794
937922.0,0.09655221819094972,0.9117473442590673,-0.8259930568496692,0.42760632061722736,0.0498274390485014,0.8572623758075342,-0.6508757208947875
937923.0,0.24029349288553847,-0.06136648308485171,-0.013804466221300382,0.262061386006885,0.5926104823876559,-0.4571186001113665,-0.0948062365692155
937924.0,-0.546045302509417,-0.2246808930307711,0.7395494083228082,0.6768831032820894,0.34890616012712883,0.1753332537037755,0.7990178947212134
937925.0,-0.15240566452114424,0.06959724157998459,0.013353533509177673,0.96682831471515,-0.2767749331626681,-0.5246795017383123,0.34552591909978814
937926.0,-0.23085156022148734,0.33227231480871366,0.3216052168245205,0.32042445856583024,-0.056431829002892675,0.8366746536373997,0.827008705598923
937927.0,0.23874718242125037,-0.7184091230608538,0.9618538892496789,-0.9307079815381067,-0.27905559193848695,0.462875570529903,0.9681073231692696
937928.0,0.03159068119867148,-0.510051446495938,0.3515376012875264,-0.7612438516525761,0.929746249086008,-0.6348240244300438,0.23032951387304235
937929.0,-0.4580586473581756,-0.6689148045692528,0.7615901761010764,0.046569154853623784,-0.9786199571053966,-0.5572956094997101,0.45766877658638516
937930.0,-0.8169340029390602,0.3314564967948963,0.38060625366055545,-0.777678018203388,0.7456919924312371,0.19316871962309667,0.7213957942398088
937931.0,0.6021988770049955,-0.0516098870804389,-0.7410875807271853,0.1740087231519689,-0.9793196518309741,0.005878434323217441,0.7856819665583012
937932.0,-0.09118281935658645,-0.8834842743579776,-0.247944719323262,-0.9423463924557403,0.12516435379430968,0.5605958323947589,-0.2608163997225561
937933.0,0.52971118521455,0.4352929823190985,-0.5448933727152043,0.717866925251444,0.007698359098386343,0.15287638602480036,-0.8729251581111064
937934.0,-0.9759013094790261,-0.3617474270702512,0.8851131937632233,0.2184552642684876,-0.10769937469518442,-0.6521984734330142,-0.8824779499106596
937935.0,0.6336509006410749,-0.6197581719235152,0.42949250064715816,-0.850027162097339,-0.8787545346480334,0.08023155225968148,-0.6183121502077609
937936.0,0.9598128070412779,0.9957766372967412,-0.1003981530132021,-0.056618899711050386,0.47203395360803313,-0.7616069132980796,0.760774843695476
937937.0,-0.46026902943098125,0.011094921010337044,0.5000377480172353,-0.8098274042499389,0.510677109449579,0.5171963969910593,-0.5304747398272485
937938.0,-0.9858309357075521,-0.026726017371660804,0.9568779677330976,-0.6990054945040363,0.38070232540383264,-0.9484240401922623,0.9534944040474949
937939.0,0.4373699109104532,-0.9347146606062384,-0.19002646229854103,0.95994724703127,-0.16593737204123116,-0.8985874036714021,-0.9131280932439447
937940.0,0.9947373153779233,0.6112834475173707,0.540742081865031,0.717736475389668,-0.9327533550704776,0.2954523240426059,0.5090629786512728
937941.0,-0.6006026516837377,0.37007132005934795,0.27597676337444477,-0.23195374143598313,0.3632194376961895,0.9892052460450096,-0.9931083721881524
937942.0,0.5725901850862325,0.714435348613002,-0.08968063485244748,0.9248900984499684,0.028778524002134098,-0.768024504320284,-0.910778484335717
937943.0,-0.5114534755707756,0.6047333095149552,-0.08795990023764877,0.2683748964159067,-0.18533137518833676,-0.6194499238822284,0.20809405030505923
937944.0,0.833649518400629,0.739273006405434,-0.37129407784598567,0.5863491121415385,-0.5100756899970167,-0.04040139675542265,0.599852664375186
937945.0,0.11417716990976468,-0.5973243125205665,0.34479747846751896,0.11826239021824447,-0.35668261835935966,-0.3264079820241874,-0.473400368680418
937946.0,0.6267853304317179,-0.3240790021175748,0.18965134614277224,0.22629351040053636,0.5931953749241738,-0.6697043506118061,-0.7781833412652108
937947.0,-0.5907542041988139,0.28941889432818924,-0.5805160161489415,0.7609362662767953,0.570014463422625,-0.5729791421060932,0.05749853417354145
937948.0,0.7156242771375698,-0.43248052921243785,-0.7073709212461161,-0.7098463139071813,0.5855079324105046,0.6643017364436743,0.676324979617519
937949.0,-0.3799161316059396,0.9061026457169632,-0.33005296582956056,0.9422501767850773,0.46626170301959347,0.11170732292492391,-0.6712466757411908
937950.0,-0.9699967341942701,-0.28119766384541345,-0.24428779906466414,-0.49525857316548794,-0.9861263665101416,-0.15418867412839754,-0.7691984931451767
937951.0,-0.17595032072168348,0.20424593789494727,0.8742725514714804,0.9314588776128572,-0.18613824228871234,-0.8864174360716228,0.10547335120152823
937952.0,-0.49987237885752567,-0.6393787714907162,0.7915739987586994,0.6879080636652468,0.6687917541186705,0.780967872939718,0.09479858530457919
937953.0,-0.8330962522888037,-0.9231276958437136,-0.014507004105511978,0.33650804233303466,-0.41892488660802707,0.45882295971789233,-0.9745419170147089
937954.0,-0.6675752752130237,0.40298717557321173,0.15368034769589056,0.23830129466230776,0.35597358944277335,0.03430650570296723,-0.24112130641141127
937955.0,-0.5022197730150686,0.9137941476932527,-0.9850211945992537,-0.042176416173393516,-0.36000160882792365,-0.09242228679696352,-0.7047763097223132
937956.0,-0.7886161898909563,-0.9741582013234473,0.03107291998826378,0.8239440618373768,-0.38332754294979043,-0.8471158193827244,0.9614566628864456
937957.0,0.43646879470073174,-0.8400811410503881,-0.7046296417801394,-0.19884693100791417,0.42802723005069776,-0.8904477384474956,0.3433218440899408
937958.0,-0.5882834364831762,-0.9912070317158657,0.042529841772878774,0.28458418883164116,-0.616080722153814,-0.16726850916140168,-0.03100189860170821
937959.0,-0.45687290842513106,0.2430557316634625,0.2427177178311144,0.03548150376028758,-0.5740284087207486,-0.8062525198064994,-0.832460863281308
937960.0,-0.694241566477944,0.136642859695693,-0.9214179161731988,0.49912041479222924,-0.0006725002635545874,-0.6783283975243621,0.007040688614540214
937961.0,-0.015433943384110194,-0.7156559043180026,0.2654855921796526,-0.8738278789904375,0.7042937641087286,-0.45568962277423664,-0.8928718009805656
937962.0,-0.39399686033850134,0.19962253114017314,-0.9226952024462809,-0.6301736001793838,0.9919090833179522,0.20205806118277558,-0.39384525245532576
937963.0,0.32601736162093475,-0.5060675688267973,0.8580578032403856,-0.9283090258451345,-0.9632961522753458,-0.20987748761415737,-0.05027818276304408
937964.0,-0.26921221546730223,0.07447340543689607,-0.08745927339028636,-0.6216436897727009,0.889870809086861,-0.15399907554934122,-0.36253693431402834
937965.0,-0.3415124682884405,-0.7542383139860547,-0.936678301672345,-0.8424119333273814,0.006590293870163411,-0.9960914178302367,-0.4147488163949904
937966.0,0.5100060729393099,0.1847461814903144,0.6835279661164471,-0.10938276914691314,-0.8226524698928779,0.33177310594947507,0.2738581426332829
937967.0,-0.9975274375539727,-0.784830478424422,0.16059507823210972,-0.5043151839209112,0.20542390148701783,-0.6352906171943271,0.9846764233088228
937968.0,0.28653125877781416,0.21888374928159315,-0.7482712710419113,-0.615367060563103,-0.26356063808666375,-0.5710236135592506,-0.351332719345955
937969.0,0.1701909707407805,-0.46246086665434083,-0.6210010818928917,0.3921027025987962,0.7955873168176812,0.6434788479641955,-0.3080671398155641
937970.0,-0.2797680056804994,-0.5717775488059282,0.731623283258634,-0.40922554055497673,0.5798626011564079,-0.42356356711650256,0.62889173654808
937971.0,-0.811221717662151,-0.15349007586158891,0.5098156327576269,-0.9168298721927133,0.5381993341917117,0.981688259466363,-0.9448678666513763
937972.0,0.984932588213868,-0.018999083280333506,0.7476311326914402,-0.26393146955196456,-0.13458500095361559,0.951314710562096,0.7273621615974486
937973.0,0.3464407171069661,-0.9440934124599227,-0.5434375972095229,-0.8927847242562772,-0.03919174389260127,-0.7078558047026411,0.19733367220367426
937974.0,0.57518474559794,-0.6928800434296112,0.637463668610762,-0.6417146181805236,0.24606069772629335,-0.8050259536013544,0.12425419943235538
937975.0,-0.9471845872836888,0.4640183370243507,-0.052317553308831366,-0.6983879581988444,-0.027272036782258313,-0.944198668573097,0.6796084980212376
937976.0,-0.40612236578193084,0.9688885547090917,-0.9498781304165043,0.5096866099158366,0.976874737952004,0.012091754638901886,0.10325040263731577
937977.0,0.3631645264006347,-0.5543856816636963,-0.7645389314196676,-0.012467181803426763,-0.6135644061603627,-0.3742352422703734,-0.8887433397245132
937978.0,-0.9765158007849764,-0.1717915767433631,-0.4609797263195414,0.032453331047263445,-0.25395154289489197,-0.24247093145728127,0.77236489862442
937979.0,-0.3899325246247638,-0.1657952532295821,0.8843856540116108,0.040944345156761264,0.688175671280413,0.822412108034297,-0.011373202763492074
937980.0,-0.42427566730597444,0.008516545733468828,-0.5928961941229898,0.1723454542399867,-0.2874363000069169,0.23258028090892124,0.5576263411802775
937981.0,0.30231149038860794,-0.04926628022194679,0.14485853131218018,-0.4697736922678224,0.3692697938149807,0.0716846167145968,0.04225937942523594
937982.0,-0.861239104360146,-0.7432537026697748,-0.12583242940962336,0.8387067496160274,-0.8997274734534377,-0.31824533975921865,-0.8359192490748373
937983.0,0.612025123572111,-0.1950799093003004,0.4281425535165664,0.1787675216937945,-0.9847233608396442,0.8888388823473525,-0.08778260286966488
937984.0,-0.27703494624316116,-0.5078498683629209,0.4821474136324093,-0.4012546925496967,-0.09828209801552013,-0.7560841598291976,-0.7893872492876197
937985.0,-0.8233417405645536,-0.19353832880224497,-0.6764522045223167,0.25973060120554314,0.435176808779421,0.6721341558557841,-0.06171561912078327
937986.0,0.8386846903403493,0.3902860964495518,0.8569670679920776,0.2511845039329501,-0.26186238443576015,0.35436059474294335,0.7385688047487127
937987.0,-0.7521265484022772,-0.22599592026693083,0.3071589927217939,0.7942783155513318,0.9158742960762254,0.2963149519601307,-0.8307661279185528
937988.0,0.7179486166472688,-0.8161874205718129,-0.5767803052525426,0.48257761683373657,0.5757543961673002,-0.3775223940015222,-0.0058304265970015035
937989.0,0.08466593147898549,0.7905609650445098,0.4020712541285545,0.5514636985598946,0.19246519561891473,-0.5457248047438172,-0.9252320231233127
937990.0,0.8147453342845481,0.3789657528829282,0.2668008028160691,0.24802918331378998,0.5425902117054786,-0.3158326303145662,0.061258277720874776
937991.0,-0.2972466995363703,0.38690110951778567,0.8952551895291769,0.9810112198178751,0.19444975763873207,0.06834937364552318,-0.9449750512829433
937992.0,0.24170008471447613,0.18344650136529084,-0.5550476228861885,0.615421228620967,0.0005385570196747569,-0.15921627465473054,0.04283827765111892
937993.0,0.4870720703607767,-0.8357651022280019,0.2529002823636757,-0.22908279665817433,-0.3282207988792165,0.8785705725895048,0.5081953703857784
937994.0,-0.9581405341372617,0.7551906978456451,0.7563113711348475,0.5135555052119622,0.26641577632117874,-0.3322677193258601,0.5906732069043483
937995.0,-0.29293532236936337,0.6955086175972345,-0.4161617013745911,0.19844554687593696,0.7100766566435122,0.5893282695176412,0.6688728228441418
937996.0,0.21061230670362963,0.7330306489087599,0.4813674982702494,-0.5661812914956803,0.6519432311828106,-0.8182414984924895,0.2786437130291126
937997.0,-0.37158522267717786,-0.34714601093630515,-0.2847402583208358,0.4812498818431552,-0.8684080495616993,-0.8432517627804303,-0.40408770012612427
937998.0,0.2712255902479399,0.286331498743039,-0.084453092571803,0.026743682060902385,0.11447957853228385,0.8972341637737811,-0.3122844259867852
937999.0,0.6914185170609268,-0.42346464089568214,0.08590005005259127,-0.41148261529705765,0.5986684968638563,-0.8908254825275121,-0.10563577082178832
938000.0,0.7182873574985391,0.8494058033980356,0.5858557117487262,0.818109759522982,-0.3350183143648158,-0.15053244582542824,-0.22603127981651427
938001.0,-0.6135682141162164,-0.1354886235600965,-0.3803231429333358,0.006228902407379833,-0.28477942167102555,-0.06405759464635752,0.8630927539887425
938002.0,0.7499866173327228,0.11018890639927403,0.44663323009652434,0.42867057763695704,0.4300289001473261,0.0030022850055255734,-0.5554423263833437
938003.0,-0.7772928862471666,-0.554746261290151,-0.9667396074066228,0.997506914083893,0.9112984026783499,0.6701924636547067,-0.5457824959409223
938004.0,-0.5439521573482529,-0.5515141524307485,0.010423694141400652,0.8760872607775658,-0.9739099434628915,0.39936011203025323,0.6130576514874098
938005.0,0.6994392518268788,-0.3341266782627421,0.11975643053824969,-0.5792822313693122,0.03200205982650717,0.3543273409009322,-0.08729967681768724
938006.0,0.29350592370019846,-0.11374193887508866,-0.5648650409103504,-0.666116119192772,-0.38947719724669816,-0.32916406653034547,-0.8589956634563471
938007.0,-0.8252719197949763,0.9464421572467765,0.3708720347434884,0.7520215735927516,-0.5353543402740364,0.2586791908607746,-0.13807818808723527
938008.0,-0.9683189419306855,0.28683711649595023,0.07677001514319737,-0.9235340570213386,0.3814250101295016,0.8379514919502276,0.4291784749166585
938009.0,-0.29415696019432636,-0.6797680618164583,0.881322977423652,0.5312370220407763,0.9395317405864085,0.22638759288872135,0.768188485462489
938010.0,-0.30827704710532844,-0.03314095667404571,0.35935973915273345,-0.8832235808780105,-0.29300189376344576,-0.11290974878952387,-0.9299129717498051
938011.0,-0.4596966880883482,-0.6271214720472742,-0.4838783573393961,-0.7483585285780936,0.5515115951764484,-0.30697339370231247,-0.008884885004424525
938012.0,-0.8918017382402772,-0.03623208540661116,0.5699851899401973,-0.3684295722486417,0.2604139068099458,0.8400680606421005,0.2918743701620303
938013.0,0.954329099571507,-0.9655631887146612,0.8257354297950161,0.33421887988719123,-0.9305264943869545,0.5228241734792445,0.14187175853748268
938014.0,-0.10113639589568924,0.7083981674156574,0.2154745632192907,0.5488151831505466,0.03086871163645455,-0.9578203753392156,-0.808149203646501
938015.0,0.7880582143265458,-0.8893175754914278,-0.25584148907729776,-0.5046227835941022,0.8253352854875462,0.24637507079676935,-0.1676042337084238
938016.0,0.2729718049205607,-0.7761903722896708,0.33985865738014476,-0.8505943333964996,0.011720580992930829,-0.41180867702574053,-0.23907175466262376
938017.0,-0.04320815632275776,-0.6223890210599479,-0.9186594760612845,-0.41492375360773903,-0.7450462420082433,-0.5982183116285678,-0.8112066356304861
938018.0,0.009620685435207665,-0.8715305210130715,0.6345189105087659,-0.9191200694297004,0.6753390040164517,-0.9895536100418496,-0.8053573338293876
938019.0,-0.5759279265950077,0.8721962604554905,0.553863710065083,-0.2943799150176296,-0.6164651291542809,-0.3422023423994207,-0.11581517175759504
938020.0,-0.7839945291735042,-0.16188059078290729,-0.08441385946151958,0.3183629569764812,0.9193095836413572,0.7758123103661645,0.5297049237139899
938021.0,0.7472256163005968,-0.830225557732335,0.7658803947494712,-0.2737660832818938,-0.06392736025113877,-0.956092474478277,0.014479847486923658
938022.0,0.7986995902593117,0.6507338638331643,-0.8120941347525115,0.5831770762492998,-0.5480720694978778,0.2696722648293457,-0.14891060923213373
938023.0,0.7415522362956966,-0.27327678052709636,0.12923573520711362,-0.6098834771619994,-0.929611343193403,0.5128135355281387,-0.9238718009759823
938024.0,0.49339715400126516,0.6966420774654973,-0.27908553686897575,-0.7128608075301404,0.7347046069409404,-0.8700440945738335,0.9919983716611516
938025.0,0.4820230101157781,-0.41980105574383053,0.5043835658778169,-0.34397428104118144,-0.8785753988280105,-0.033727071564339184,-0.38081529734436526
938026.0,-0.26360677650355546,0.7603356726431183,-0.7796023108036101,-0.5989272479185015,0.4189596032733809,0.7972141867425189,-0.43657415038806535
938027.0,-0.3702049989736036,-0.08352627795030365,0.30834557383991945,-0.5578714724204736,-0.7863471552416728,-0.6508427997303514,0.8118209056675458
938028.0,-0.07692593601068753,-0.10659031048451473,-0.7086806440329454,-0.5773658909225139,0.9710187528449794,0.4742267180098061,-0.12735855685552422
938029.0,0.7922305532734728,-0.4997879311300679,-0.08970986536511183,-0.9440278449313888,-0.37419644809917973,0.49890480887549926,-0.961775939473082
938030.0,-0.36128691010438363,0.5599822771501104,0.38397857047619266,-0.3978506221255649,-0.31226977789091626,-0.6235442504526774,-0.7933312392071115
938031.0,0.9060031717692862,0.34495181659112006,0.7055719009828771,0.006212992369354131,-0.17348656478311675,-0.4575589516888279,0.05512448770817202
938032.0,-0.11019430546686015,0.5088423707075644,-0.38608654496443306,0.34492085864575084,-0.2270294740153893,0.8808196772534966,-0.07613930201045216
938033.0,0.23898085681269277,-0.5479344820844163,0.7557083160673725,0.719764556613476,-0.10530884025615417,0.37210531496291055,0.5498499521011111
938034.0,-0.5785119355652084,0.10369848731199172,0.2328359281443848,0.14069649051716815,0.6496697459220049,-0.9726868801689004,-0.9067616860250489
938035.0,-0.333931652589297,0.43294050248497373,-0.48579361401297017,-0.06847395175498527,0.7961448008287326,0.18981950386510404,0.6844116382828829
938036.0,0.5940677939836359,-0.23564790366703892,0.648461390640831,-0.6277542074698792,-0.9012308408275749,-0.8032140311655231,-0.38417024889874507
938037.0,0.7692100152669423,-0.40906402502199635,-0.2898957677657832,-0.07396151339657253,0.8147530995971914,0.6818696384523144,-0.6192282772711382
938038.0,0.6127738622213452,0.7934650630948912,0.15228273379540136,0.3543442150398268,-0.6289903990245196,-0.9341347933814577,0.656171624194531
938039.0,-0.20913635505599726,0.4345465885609423,-0.655138394034428,0.8232521916779039,-0.8361812923590317,-0.7081688957651173,0.19529143212092426
938040.0,-0.6558749612776296,-0.5851468163094999,0.8982851479198803,-0.9255975121185143,-0.7185134854586372,-0.8676981420566001,-0.47755607256312316
938041.0,0.5774692103176429,0.82409028824905,-0.6502094242040919,-0.9843358245370828,0.568293948753354,0.5151992325342407,0.37877762193250275
938042.0,-0.9456422623491285,-0.1477548976707186,-0.670256350849153,-0.56309273548021,0.15123181595537138,-0.6186174688592898,0.42918350527546556
938043.0,0.3392678001959035,0.09997031976359327,0.7599190521597419,-0.21548958519790995,0.538962968102819,-0.9446689154249308,0.5857623026952554
938044.0,-0.675145722130067,-0.7994528995603309,0.7805276265426988,0.3741358402742152,-0.3417773800433692,-0.6055963891707772,-0.7254058992392673
938045.0,0.2811156399263499,0.9048515198169,-0.7062822958706949,0.9400273645534918,0.8320111548532934,0.5982285160389389,-0.5915885329122117
938046.0,-0.033218372189839585,-0.9171509685056343,0.5192530515125786,-0.824359454696554,-0.8640488861198088,0.9518131436531352,0.5917175580872889
938047.0,-0.7387704139435616,-0.8504336390976477,0.8973854041696729,-0.2639631581386559,0.22725463562526693,0.8386108808050503,-0.9920236232981132
938048.0,0.1908753860923733,-0.5938926715249004,0.38829188476881615,-0.8489175150283343,0.5797849402213695,0.43866148997783494,-0.020186954951319613
938049.0,-0.43707618027469164,0.750575461160764,-0.20855957575972695,-0.39335884093879825,0.141902890299626,-0.2202937958266058,-0.7071706506518383
938050.0,0.12229815802979038,-0.6411735187200693,-0.19988445855263381,0.4612913220125694,0.1650010834285518,0.8285991232716405,-0.36713834729023564
938051.0,-0.015508844071629335,0.8003218313468383,0.7426596552571445,-0.7220842635415066,0.058756776560068724,0.7768127897889234,0.9773375654039675
938052.0,-0.5147762963669911,0.971545125768331,0.6954495261919702,0.8983983206269586,-0.7228451473547133,0.5731097954703877,0.00021605668294677471
938053.0,0.9461282243944198,0.3618415762435758,0.06759815532259683,-0.7999631520743078,-0.4647560062021774,-0.592185201543477,-0.44420200451598135
938054.0,-0.6954499407597801,-0.34098610724526024,0.8024621210998826,0.6164922160107771,-0.1730578158800038,-0.38154385360243626,0.9215129746675963
938055.0,0.9862763039110225,0.08473759407908554,0.756268680804085,0.7523137070180115,0.003546224929849018,-0.4662076004160636,0.434199604021819
938056.0,-0.903123683509925,-0.2757686649622235,-0.47619563678991983,0.5907898066497757,0.8174836775121719,-0.12610412790975478,0.9945672963212808
938057.0,0.07698396304584776,-0.9970655709497216,-0.7789955479693726,-0.1211479525469854,-0.6035898596596359,-0.42058099164611984,-0.7258444211180377
938058.0,0.7198424284855816,0.3441301969015942,-0.7224441209006751,-0.46475449769196087,0.3037186789192463,-0.7320166370826795,0.4218057650580769
938059.0,-0.030571528106276835,0.009633681592634113,-0.7709361853681227,0.353023614509403,0.03038817006232164,-0.8496693111206839,0.39498103988662536
938060.0,0.7215790007378251,0.5814930439133859,0.24204348962299083,-0.6293022055878292,-0.11734579214969276,-0.06836532936884598,-0.9385462123462398
938061.0,-0.6504546432562053,-0.26140556225197775,-0.4941057707271297,0.5758396142294231,0.4662449326003353,-0.1895291953650049,0.7332145358919326
938062.0,0.41910423446747447,-0.07287472065625367,-0.6085295589308712,-0.022605155711825642,0.9835522884076588,0.9642197925345797,0.5885121348474041
938063.0,-0.2315009245578108,-0.6626415958771339,-0.41733438278069945,0.08564744371526567,-0.013337965707472588,-0.20668924399136257,0.1217269391753133
938064.0,-0.9965511573800736,-0.7308043121596279,0.14643646992847414,-0.025065787528076422,-0.7295351898741003,0.052851905773726005,-0.8281802042272481
938065.0,0.596917707961085,0.9095707086506895,-0.6248751571603552,-0.22432482780390628,-0.4750274304749542,0.050678236285211176,0.19955324750190684
938066.0,-0.7187602786189928,0.6723344451504809,-0.23893842328348947,0.5471486409096589,-0.5994721235177372,-0.04543440556410516,-0.07083514843948113
938067.0,0.9018335446199308,-0.7991323197115083,-0.22860533099195757,0.49672750461243353,0.47625586314950263,0.85898864543185,-0.5688825901519889
938068.0,0.6681200832073304,0.5351956637174942,0.4150764086099745,0.9217464690771693,-0.6851720928384382,-0.5194607453581876,0.66064223183359
938069.0,0.4089747909681387,0.446018406006905,0.5347452014038898,-0.0126325251599686,-0.6609566273938314,-0.47698993415515667,-0.03541732894103933
938070.0,0.48292041534909114,-0.6372668548251206,0.6541033199169404,0.9992758612310284,0.7698525804937901,-0.48582156930889453,-0.40648154471192965
938071.0,0.13599867641511,-0.7469829038972795,-0.5758005354931262,-0.901553446466492,-0.8007218014806892,0.3884775512432499,-0.226920667419638
938072.0,-0.07428208863662222,0.45583181345767665,-0.8616134477284727,-0.37667456514104125,0.7722772650104228,-0.04043828884769263,0.9242882455970938
938073.0,0.8491591010005899,0.989688271950476,0.5720391885283991,-0.1795412002864194,-0.16658810795880408,-0.038780077086686404,-0.6226081992627128
938074.0,0.7913727341468462,0.1291737072365997,-0.1108496780428867,0.05808191694747333,-0.6974895404654085,-0.7478842590319716,0.27018048577088316
938075.0,0.7542129498769621,0.2971861869503931,-0.5533795888514217,0.32181673774189856,0.7002888363269186,-0.49950294326826383,-0.2931950239763146
938076.0,-0.5526018151630496,-0.8131411913139035,0.7148940769090208,-0.6610888417745593,0.6858434098144848,0.41564818468723996,-0.5513732969637022
938077.0,0.010975285290410142,0.22103881528748004,-0.6443723604447997,-0.2609178344928569,0.890517403669886,0.3992965428405244,-0.3764841069893079
938078.0,-0.5809808698408612,0.2287914034902001,0.46015924713075607,-0.18017211579819237,-0.19700168311067445,-0.05866293500066355,-0.44857669547698276
938079.0,0.23266952808453567,0.002851498674132147,-0.16944418656437232,0.415063576429773,-0.28246171093646755,-0.5376482122387067,0.21267831995291941
938080.0,-0.04982017572842845,0.9642382491605841,0.7035306030642832,0.3031917060762701,0.8303161638117571,0.6568809116911298,0.4496789765456739
938081.0,-0.46542337812749013,0.9526301871806335,0.6970946604332235,-0.8363750949893485,-0.3732266879630164,-0.7444891913567437,0.7484562929410676
938082.0,0.2977145192899677,-0.7320690050658887,0.90361240997563,-0.08554542528667386,0.4428336495493179,0.1278797608270621,0.27493869472029964
938083.0,0.326398957516818,-0.4111880042401419,-0.48185119434070156,0.7413994352681601,0.3162709289804475,0.6134077564403024,-0.5685047045847369
938084.0,-0.1800550048571099,-0.013972310728812332,-0.20116076521497694,0.734339638190646,-0.2668354406695215,0.4265345162824066,-0.573360028164593
938085.0,-0.6774178775427562,0.566081088756891,0.30852592480985974,0.825361450468598,-0.1546079666020337,-0.2898602548974949,0.9107974981444726
938086.0,-0.5167541262607844,0.8392639603775167,-0.7427658491162892,-0.34664650960665,-0.209020183322717,0.6533128564299473,-0.18878987124157875
938087.0,0.7452768169199921,0.9663876254153414,0.8423396266443757,0.5402232888576997,0.013006741237176156,0.2703727803706846,0.35716503762217156
938088.0,0.5930614273053818,-0.8643060761971257,0.8713365487791023,-0.42181928074015684,0.01294636625893042,0.11482766968312474,0.6470097955354375
938089.0,-0.9283585411638753,0.14521558288095937,-0.5214424304021565,-0.13934886080180364,-0.17095211196325533,0.48710358119091635,0.9403479149515424
938090.0,0.6506121799630753,-0.6515378532136586,-0.09707046814163056,-0.47856238238233795,-0.34683664475565057,0.8216835910579743,0.8408872766869986
938091.0,0.9615517078916211,0.8465501682303658,0.33884408891263496,0.6086239140895544,0.8189077091241026,-0.6962233952781032,-0.7048687239255396
938092.0,0.7226531764175879,-0.17802373978586794,0.014003509207737741,-0.9214218098073002,-0.05803167513443208,-0.8850095119568455,0.385690734633233
938093.0,0.5463740518392692,0.5157034058333749,0.1957899281536939,0.5989570651280698,-0.19734541522254423,0.32432811766891434,-0.449765514690319
938094.0,-0.5087579748810129,0.7064260338812591,0.11303373765640079,0.0726913062710084,0.9812022498011319,-0.9754317768289027,0.4564206644998987
938095.0,0.4821693626228385,0.39291275906757517,-0.09197116377444603,-0.6311775968165221,0.8643276275858589,0.05282850511759829,0.29726297007666713
938096.0,-0.7759869477357859,0.23543639792850057,-0.7705029724287009,0.8289018043040886,-0.718575612144656,-0.9527792663262769,-0.9133312030658907
938097.0,-0.16073294925658077,0.34491337953104084,0.20431367340976125,-0.838370324099023,0.9532617012027726,0.4306599410013545,-0.35201736771064795
938098.0,0.5074505616784588,0.6767691713485886,0.6624192870098151,-0.9680544363527244,-0.7886703578216561,-0.9538128517138109,0.7778976321687412
938099.0,0.8029128572035888,-0.14955364993787335,0.5813034428070081,-0.7487085570320644,0.7175009447112985,0.8648903044949583,-0.7068776090029938
938100.0,0.7851803026114206,0.4068943775952545,0.6817011827309387,0.3177211149870114,0.9706388964383454,0.5255559650384394,-0.4823578226367067
938101.0,-0.10746433367006603,0.9556838813770303,-0.015869139398034138,0.6039914158001203,0.9660632060043208,-0.9559515795546822,-0.38096378117637486
938102.0,0.11976373705342924,0.5666754139299948,0.386419900699736,0.7318871214799474,-0.2946811487842831,-0.599025065399529,0.40799693958867644
938103.0,0.054310465725645685,0.6068592227370573,-0.5011654947017128,-0.28520497046222637,-0.49080234662632183,0.13716972664503535,0.01184717030557092
938104.0,0.7417928157827609,-0.1105143462164273,-0.16597100004940946,0.352413205289966,0.035699623171980166,-0.5172301463984608,0.4988988340009446
938105.0,-0.5206933458781431,0.5568048973752395,-0.3428211804099073,0.4182216495459885,-0.5007510964303907,-0.3425122067773674,-0.3320229799596297
938106.0,0.12830362217184144,0.5985439657452623,-0.11281418069588645,-0.7311797086095899,-0.19869271887632456,-0.2279405285932623,-0.6999048616315215
938107.0,-0.7347741470189817,-0.20364391014585115,0.03504099447501985,0.49785669912299446,0.16526169053093875,-0.5078029312503836,0.9721769923812162
938108.0,-0.32965592286347833,-0.7842758212327618,-0.4240787647274411,-0.7781628859791909,0.4080428440552608,-0.24808871305741143,-0.21445291376876985
938109.0,-0.8051420055397609,-0.20888277136045685,0.18293259069065115,0.5655273984109792,-0.6090556734603774,-0.6220376293856393,-0.0780964920004561
938110.0,0.48068112056798107,-0.21196444070908238,-0.715345070612772,-0.15934083081202854,-0.2294541024193395,0.8015001240122759,-0.08281412445888403
938111.0,0.6434393800956837,0.9516681164209031,0.6531278597029264,-0.28407244604524706,0.9947531609212725,0.3051570861629691,-0.8363222846808198
938112.0,0.9509581597912278,-0.7246299470689874,-0.5609495088999821,-0.0015872402980847689,0.4128721594309481,0.4223846606803634,-0.7400839086486337
938113.0,-0.47422681178373405,-0.2003506146286551,-0.611637325672173,0.6404525234980518,0.37666799428137465,-0.7677290827771772,0.8445797521105176
938114.0,0.3191851618881725,-0.21487706443779797,0.11354365549284329,0.2749320069816257,-0.6015494087290705,-0.3509640002850847,-0.16016330359448316
938115.0,-0.7365986961004185,0.9076219829155192,0.7384662789261109,0.6960045327129052,-0.7876146236823598,-0.0721763590815514,0.7260638453535031
938116.0,0.45474426574085247,-0.029754544838793695,-0.698232509043325,0.9061942918673838,0.18469163027759006,-0.9785215498335318,0.21494793014320512
938117.0,-0.5623213499094308,0.8628766023969721,-0.8393751445284463,-0.32000840510457595,0.6481637869924357,0.6238947354550546,0.006866644942096434
938118.0,-0.9864749472540966,-0.8439651523386709,0.9530524994798735,0.9911873347786611,-0.1347351372825647,0.7130188866703402,-0.2992969203748548
938119.0,-0.9138928565210811,-0.0940971325873694,-0.4369973217665586,0.5831733473137193,0.844297259437607,0.6221685253197933,-0.12084575512278439
938120.0,-0.37790938503337146,0.24870338452939977,-0.5196390988086086,0.7672361248015109,0.6971368490186478,0.4710498013063791,0.8662411704521953
938121.0,-0.8725261321065243,0.7813369756624886,-0.9195419097564763,-0.3364386949058922,-0.5023505665460299,0.09357652949159423,0.6738737885136825
938122.0,-0.7370433589262586,-0.37874529391013123,-0.4570312707333237,0.8076327331965749,0.19054569373970853,0.856196267817191,-0.21626345178332262
938123.0,0.9082333743023452,0.2849813408310371,0.2918192715702448,0.335660324596347,-0.7803066332652342,-0.06307572070932288,0.5542284419371404
938124.0,-0.6652532986261475,0.08409544476836617,-0.6903389784742713,0.3461196106437212,-0.33991226927851237,0.5336317963576194,0.3197580158808524
938125.0,0.9499980968708108,-0.06969837267848633,-0.4818643604385362,-0.6864297694189849,-0.9791741531820968,-0.9710200538454619,-0.8990728016976568
938126.0,-0.6408725875701866,-0.31674894824765754,0.9170620846742896,-0.3191037847434304,0.4439097867549959,0.08976257238277507,-0.2050676797515203
938127.0,-0.43897553480942375,0.684553377805666,-0.9786284800296099,-0.7452998150538048,-0.12335151950647805,0.6183220176544861,0.011068177037132365
938128.0,0.6584552752348265,-0.4010885647813254,-0.8846268737760565,-0.35043635408520046,0.6976335418148951,-0.43371245391106394,-0.780643689254483
938129.0,-0.2847936506337698,-0.9867338693509877,0.47861629822913376,0.8961156300478963,0.4851882823040379,-0.05040490337263859,-0.026160109496473405
938130.0,0.3557617344628048,-0.43671976147205016,-0.9647234575894417,0.7471381102881594,-0.14467557693236666,-0.46267686422382925,-0.9598953734595788
938131.0,0.4630330676258052,0.06462940763631142,0.7304532169798879,-0.30465354781434417,-0.24284858140453047,0.3738702855149878,0.6047027725726903
938132.0,0.8084425761154217,-0.6770271493215865,-0.29152401368919234,-0.5899642534635174,-0.12034585855041913,0.0003637053022169656,-0.06649187901727394
938133.0,0.994365225263445,0.8398233504158075,-0.6342925136979505,-0.504359552205129,-0.002073597901905533,-0.6453867979006955,0.5238079542784766
938134.0,0.19896710145270147,0.2770181455464569,0.7703117155200068,0.5400104272899269,-0.013842283149999801,0.9514543008610752,-0.04632844496411126
938135.0,-0.8696561106638305,-0.2034654814457526,0.6008301590163312,0.40322548687405524,0.9729443396118469,-0.12414202553843401,-0.49967264272814926
938136.0,0.7207788227093996,0.1281427280845906,-0.7151950366996069,0.9959211675984443,0.8313593446333676,0.2883722357968881,0.5069866096695528
938137.0,-0.17549750849334678,-0.609240425727793,0.6626312849678158,0.8551293811109333,-0.6545710808699068,0.6575264425173182,-0.03503800839656823
938138.0,-0.6766629568968952,-0.8906058020731484,-0.629800783117771,0.09362331559778214,-0.10631437089089846,0.20639023389773392,-0.1993738826012803
938139.0,0.5612741388961968,0.3191656537910237,-0.4322657425508787,-0.06900665038522003,0.8232092482235225,0.8247987093608968,-0.458639443703007
938140.0,-0.516501939564666,0.9588555910232497,0.7411664943771699,0.3450641685808895,0.8650018687581487,0.47700073166347723,0.8562931236016138
938141.0,0.994051117956875,-0.7520722876254977,0.9478518464265493,0.14214649363312915,-0.884468395731995,0.8335627854502292,-0.18607909649487686
938142.0,-0.06555868892092542,0.5697651056637254,-0.2579456910363196,0.08044484219322356,0.7575797923242134,-0.5065909969996905,0.002167953131819056
938143.0,0.3042684320929303,-0.5939455353011209,0.8063333028497612,-0.26914663484389445,0.24158534266287557,0.6472784131660669,0.80683094056111
938144.0,-0.1230962787087746,-0.01591839833763231,-0.3447058137235488,0.3835093975844974,-0.33797255595398346,-0.04697357797158319,0.8928812083523117
938145.0,-0.20732558605072882,0.21128882513963454,0.5659201362257251,0.126419058692685,0.43662438562694916,-0.20774131299259557,-0.704029607844274
938146.0,-0.022241693244888783,-0.8549936041575443,0.9627766298536531,0.1684578150952536,0.31346627519564274,-0.1947584085569507,-0.06733758649664678
938147.0,-0.2969194225994194,0.4734785271235189,0.7615601981860791,0.1804807279167011,-0.36274337960759917,-0.699992655221332,-0.7613992202499484
938148.0,-0.19129975227157514,-0.08839142841867131,-0.8124161466356639,0.30564013507252574,0.5187533674560467,0.7301778111152226,0.44908310003972685
938149.0,0.03823186373426046,-0.7524914391846862,-0.9708846685562511,-0.2914258445145086,0.5231410435351334,0.7711650632009186,-0.7226314382023151
938150.0,-0.7206648882680218,0.4585138891162801,-0.43068988026546084,-0.3233220990215073,-0.40377532897719437,-0.19640267060389482,0.018846092640588674
938151.0,0.5670860126619619,0.8070213983166135,0.6627418190918131,0.2343504777145029,-0.6728751804606583,0.25169023370594457,-0.5299292299656762
938152.0,-0.47589650051992294,0.4346013088873051,-0.05382266336647068,-0.649241088839829,0.37580720391231814,-0.8963105420631559,-0.44356183313685515
938153.0,-0.49086230137147924,0.2990143215387131,0.860737150657626,-0.9648078739755463,-0.07649204913147112,-0.7219382461012034,-0.39366661523312874
938154.0,-0.5966090415445431,0.23565557021976402,-0.157101925907714,0.13278056898320245,-0.4955586985993796,-0.9613851976550956,-0.056897834150811066
938155.0,-0.33677340832804514,-0.2825123149744897,-0.46664611769664455,-0.19700636787194914,-0.8099071694745852,0.0453675361606114,0.7474479426965215
938156.0,-0.006500816683413957,0.30985413661986416,0.8406044111066351,-0.03964055498423047,0.016671692784239855,-0.04974719979051989,-0.7372223050225482
938157.0,0.9659221586168771,-0.6970020348011625,-0.24961464190059912,0.5299596889513423,-0.6410566192138287,-0.7669797085465537,0.23873486571059677
938158.0,0.2626374022695397,0.06805158217128904,-0.9159134317046993,-0.8390888638210567,-0.11912860315668317,0.7236085202561875,0.6035893853714631
938159.0,-0.7217438277819994,-0.09004396899906153,0.2520474864421929,-0.674381222841387,-0.4654477320316759,-0.09990261411912416,0.7237240124311635
938160.0,0.26142061360748037,0.6352324161682006,0.6047047558840648,-0.7333973984445159,-0.22592765372524704,0.2785365023751969,0.9325510875114285
938161.0,-0.5788642633720447,-0.3734440552125986,-0.39682143710969364,0.7841677044298105,0.8385160088166672,-0.33476028473373876,-0.5306009310088518
938162.0,0.3785689843365674,0.8079109470634827,0.08986887372375207,0.6760302701982155,0.8145137217149954,0.6955804605531579,0.7784875148961701
938163.0,-0.501857264992122,-0.6909343675037927,0.1794629096048037,0.8683361879888549,0.27745030937840665,-0.5565775864089149,-0.6371306801322321
938164.0,-0.7396535843679106,0.49560493251827586,-0.3708682105508516,0.3729278038093975,-0.5580837700606567,0.8876469012051196,-0.8159042114433515
938165.0,0.41896635947207295,-0.28724008891731034,-0.6561248611698873,0.47818983602347176,0.3984442413436575,-0.3020263134421375,0.9079029106407246
938166.0,-0.9260666986934207,-0.5064001405581624,-0.7819274592809611,0.42980366076327625,-0.32959357051452676,0.7539081787829072,-0.8440195102358907
938167.0,0.9386631343017511,0.0646698909315866,0.2791754391824486,-0.5161883348633203,0.06794003814655158,0.5865524702178926,0.6215642651614439
938168.0,-0.7684914770845483,0.9943829805215465,-0.23557907371295372,0.9298892491708626,-0.5070103384234719,-0.7372238987186976,0.4468641259248407
938169.0,-0.20007315411119442,-0.570319937487908,-0.2816833508176879,-0.877084927579475,0.1656569942895456,-0.30228953285661664,-0.26457198348664535
938170.0,-0.3078811357831619,-0.42868725624429116,-0.8449848970787743,0.189600166291515,0.2519389966935841,0.7428206737781426,-0.7983272668672516
938171.0,-0.0902669297208385,0.9842317976130095,-0.15060139534544503,-0.07485859528388605,0.5124623123740777,-0.1825141938799273,-0.5484733757135369
938172.0,0.06459654993606723,-0.3996741288554766,0.9056787725478184,0.50846628391971,-0.9504595978683961,-0.1160539072502087,-0.679002571381784
938173.0,0.6714280869074059,0.7842288679870637,0.665871573940858,0.806836724732171,-0.7716941973399472,-0.5564668890310909,0.986023548494696
938174.0,-0.03826495994184542,0.10410253552761839,-0.8975914774599754,-0.5060786870596035,0.07886451350258694,-0.40740919244360363,-0.46580841230085657
938175.0,-0.7154321897294469,-0.7390947999578257,0.41462760664702425,-0.0919603120643353,-0.33566588566213595,0.6036943464358406,-0.33945776986297105
938176.0,-0.6500272547977777,-0.6576907128277729,-0.5950634562906241,0.7955114934628269,0.8238404048867156,-0.001705328324125066,-0.23114003107027714
938177.0,0.6191448017783023,0.47437668607352856,0.779031474392585,-0.5358509833627416,-0.31360728500430013,0.3749385334423956,0.6199850853127291
938178.0,0.7922860469505848,0.845566450004076,0.36272305745686273,-0.5000430478038413,0.5417139979203345,-0.08926436493658829,-0.7932308745815284
938179.0,0.8337079153076934,0.33840201207000775,-0.39342792258148807,0.3308703467815821,0.4006886213917469,-0.3582211520519618,0.8482093883465858
938180.0,-0.7467765951378775,0.8846934737293253,0.6554657305590623,0.3199466951382648,-0.023074526342549362,0.5489678926475174,-0.5413821220716344
938181.0,0.015089437627916036,0.5515089862985703,0.17304001389849555,-0.29714116799900836,-0.19700568460923717,-0.8401454744350536,0.7269109427762745
938182.0,0.5726984066758936,0.5683897671243598,-0.19497906727587133,0.48523976068186125,-0.5397370894931388,0.35841077743362937,-0.060539552757187254
938183.0,-0.9175835033008457,0.5321332027482322,0.5342754546941475,0.7901056206161474,-0.6114552891996956,0.8232553701981264,0.8005756560060162
938184.0,-0.1745577161119567,0.5681790853412225,-0.11379749840408238,-0.4180013895318184,0.4796602646656831,0.7388503901888863,0.012089575096874139
938185.0,0.6646035925607503,-0.9942163419942414,-0.5891786137571291,-0.11532069301129555,0.732665743045557,0.18634610280966335,-0.5845680717275545
938186.0,-0.07226295237972469,0.8910268795818423,-0.02870515979251609,0.5679444146045032,-0.9589429922253285,-0.5264209070030266,0.856712245499373
938187.0,0.5665963759710924,-0.40489111061096983,0.97430183222398,-0.993035847839705,-0.6880532157973454,0.16420290017901706,-0.20900016049124415
938188.0,-0.2603206463258545,-0.7859669953178439,0.7645203709699098,0.4468709621348783,-0.4823561419559057,0.8128358186604712,-0.4921392197994652
938189.0,0.8252532725147583,0.9250818493438542,0.35909953742735556,-0.725169764023134,-0.6609010825893313,0.1922628789537244,-0.2694223731394234
938190.0,0.4341770442433981,0.7062182901701466,0.9201455635786451,0.4136316785324621,0.5478300169120967,0.7325812951049775,0.0745966628866761
938191.0,-0.41324848139510406,-0.6505129988497922,0.9618063757629476,-0.6718557202535937,-0.9395575546536383,-0.14831616918901025,-0.4329393666379717
938192.0,-0.9733576173243608,0.41490930076969335,-0.14004730040602897,-0.7841257668530053,-0.021907133974573778,-0.44453800852022685,0.6893052013734537
938193.0,-0.7014830953754663,-0.6394550971033657,0.9413403934872155,-0.48274268867694103,-0.2681798720953765,0.28209225585717723,0.6342361391340463
938194.0,0.5754958217064123,0.37285414177999265,0.23140421575114112,0.4248854894596892,0.30055978016646945,-0.3844827164203062,-0.32414160300353534
938195.0,-0.42340683450852934,-0.4668071449840565,0.8794676462653253,0.726432501890977,-0.808276155506154,-0.3270055653669077,0.7685855490009963
938196.0,-0.27988050272346476,0.6420522435574176,0.9647950389282738,-0.9468242432136074,0.6753887797894913,0.31023511703459294,0.5713437715025316
938197.0,-0.17679365881616493,-0.735804193392614,-0.43021344365578185,-0.23322872393364902,-0.2565530857961502,-0.3230771539597923,-0.7309544963347772
938198.0,-0.5326913310679615,-0.4795547369804469,0.2985675925937801,0.37707576359955985,0.5761624524527693,-0.48515873848424795,-0.39997574476022857
938199.0,-0.7091029348384945,-0.5262564067107567,-0.29114918333771445,0.8134136853248866,0.7807578098124168,-0.993016173445328,-0.13604407059025458
938200.0,0.8257921062454745,-0.056255833280407064,0.43242169205812564,0.7632223302157974,0.10137783149388535,-0.45879230832675333,-0.7696384751488641
938201.0,-0.3538826852766306,0.8508633748507652,0.036977236121238155,-0.6992951185589888,0.405433705619197,0.6539190067313942,-0.7828203215192169
938202.0,-0.015283075860656359,-0.8228638655627947,-0.8868573299224098,0.19971139454507725,-0.8583465348334829,-0.8854803074148792,-0.8355273281679523
938203.0,-0.24884298042259423,-0.5103094426281627,-0.8552058723444034,0.38033908326848587,0.035089885990874814,0.8639474228934987,-0.1470042076697926
938204.0,0.2389147369161555,0.2551076169106963,0.48094562667348506,0.5545524515174622,0.968370521203737,0.6473508898977061,-0.5165972819900557
938205.0,0.4319820467101858,-0.833110751588485,0.6906923009796817,-0.4035588494954425,0.5120538609390275,-0.7110864979382541,-0.5431481632694799
938206.0,-0.6269026650371754,-0.7275361032279064,-0.8454694015523487,0.6692655971788062,0.849257649373991,0.9320514405633498,-0.009832082062405822
938207.0,-0.19500417173474704,0.05199477728466029,0.9312030036643517,0.46991091264218277,0.18625664617405402,-0.005464629723250569,-0.8853909618960456
938208.0,0.24793034289920213,-0.8997330824836698,-0.17492840730810388,0.3755432310648692,0.24737667343247938,-0.9218694127919385,0.40050554602306176
938209.0,0.23009467430770214,0.7091254966093172,0.8115128626878916,0.6942446177990913,0.5402070496870932,0.1614089740500253,0.898755176621763
938210.0,0.23259271274681348,-0.07832661683167963,-0.9420374632590536,0.8718124127239149,-0.2994664488957537,-0.6743460460361583,0.135959655126068
938211.0,-0.07402346203611421,0.4150338887894045,-0.9702756914974353,-0.4293934611771715,0.2571071654308954,-0.9280519587989682,0.2850862778530179
938212.0,0.4532224729853036,0.6484368822641946,-0.1698496752867964,-0.2965121250215379,-0.897288745152842,0.06015170255723623,0.7885036188083765
938213.0,-0.9814204705697194,0.7001390726274737,0.7305589440225078,0.25636446384859335,0.5639549717404093,-0.769833945441253,-0.6852137623136452
938214.0,0.2296601487826222,-0.6702174019637457,-0.9386661679276411,-0.46368343921050115,0.8538798637463347,0.9790635321088952,-0.44815968093996905
938215.0,-0.9902156217902247,0.8383743519601539,-0.7796559929564026,0.9473969211544913,-0.5334081336161589,-0.08768323012615387,-0.17545724364482962
938216.0,-0.3855004377777458,-0.5792532905428702,0.17279061670613305,0.3150772712836647,-0.42363757826103265,-0.63878275977107,-0.45506277007921514
938217.0,-0.5429476247251899,-0.3039080910534906,0.6188379652188178,0.6152981678505554,-0.25577450588096884,-0.10748038626975909,0.17070751239606197
938218.0,0.0005827549135057897,-0.13178371131298672,0.16650782592652957,0.1745776621270574,-0.15613171010145055,-0.6906694518697438,-0.9032538900652765
938219.0,-0.26840412340560693,0.07784021709069444,0.3237096102368051,0.998480543403756,-0.1890240903571252,0.5895367516968439,0.4229584240002118
938220.0,-0.342136316360947,0.44312248747431826,0.13057097576643817,0.7907532119441318,-0.2114281546173009,-0.8151756122432987,0.6167336738665792
938221.0,0.6324631554969184,-0.21150462383449886,0.7172920931135152,0.12397435397506062,-0.8882901683668274,0.865107138103028,0.6201283374067144
938222.0,0.7521787971524589,-0.8577121985306353,0.33776237695774336,-0.7117950799968855,0.9968282676449058,-0.9689763849495727,0.16967634704327716
938223.0,-0.08207489157367442,0.7963405899046911,0.08080529508374545,-0.9111790305592327,0.4562924053315949,0.9009982269074939,-0.02974355669958717
938224.0,-0.6193134375825797,-0.07187409057623761,0.04513867785885983,0.9362525779983073,-0.22024488972355716,-0.7062789904934215,0.29480233554106094
938225.0,-0.46669233019900247,0.8656281885783652,-0.2130200305743526,-0.35994663421825535,-0.265839185146046,-0.24359209620848077,-0.3035932060693616
938226.0,0.855213741830193,0.1556628047450952,-0.0788333159381267,0.6836517234800148,0.34214568762017006,0.41018072409394013,-0.7778578010903643
938227.0,-0.776800616831844,-0.10960451185918929,0.8015379161152842,0.7267699445475913,0.6929582732333588,0.8855902463873511,-0.08921089622052825
938228.0,0.5697844111153307,0.9962023112661729,0.8613109821159717,0.10055205395833111,-0.1646492334863512,0.3007093814591444,0.2892692049552934
938229.0,-0.9057505213938084,0.5864541033602391,-0.7809884993930492,0.345028091510998,0.9370002110670912,-0.3173742358639362,0.630484870111822
938230.0,-0.12539374969813677,0.21670124983891026,-0.8718472309562828,0.11513055384176818,-0.257688526645542,0.3152613820901975,-0.6277917148769001
938231.0,0.09492539662851396,-0.6398771048396943,-0.008409631485553293,0.731925806190721,-0.7010375431138915,-0.7432403161740784,-0.23915549188643137
938232.0,-0.4533788049901988,-0.8489007188339848,0.23834563404453846,0.08968240237288194,-0.40129081638931097,-0.1984958902076619,0.5986270700060321
938233.0,0.8603570348709655,0.559200717389899,0.1425827230989809,0.34645476712086043,0.43259644149644405,-0.2411452375180092,-0.8651559976454803
938234.0,-0.5571847512021624,0.9690293485734205,0.7722395960591721,-0.44940415254911503,-0.09770228462794939,-0.4522908965304524,-0.48734688937195036
938235.0,0.15585559848379438,0.004403030195039959,-0.21906587375775932,-0.12270610289369044,-0.7943459603011755,-0.11356240120398065,0.6744429142873345
938236.0,-0.650084629066652,-0.8354089794201802,0.9300666612209729,-0.17096334034478078,-0.84150609022923,0.8319638598323122,-0.9050144645345115
938237.0,-0.03190867047741719,0.649773522317336,0.20443710426899675,0.6373660373538146,-0.4756302793968412,-0.7888956637100843,-0.04755290448354277
938238.0,-0.9802811423735869,-0.8295201989573524,-0.876247476392833,-0.7090197093273081,-0.6239468854787791,0.38059032289025607,-0.6137341964404561
938239.0,0.30952356191781494,0.9425149856246666,0.44490480252210474,0.4548641130418749,-0.7892687099041382,0.9969924164408166,0.676687184448155
938240.0,-0.39157126346419546,0.9309881617060116,-0.6374235291170212,-0.5650145051513615,-0.7634412011135978,0.6127408045751102,0.7489430797556762
938241.0,-0.0308299562988672,-0.5806428130215702,0.6955290994730696,-0.960182220462511,0.0430608064531266,-0.8488806112044369,-0.3668521411944561
938242.0,-0.22737962667199363,0.915659999330436,0.6870825020586637,-0.878884150642101,-0.05194664607589172,0.08032311392738634,-0.8423472967083074
938243.0,-0.4587930021229727,-0.5525750292284326,0.271344839361916,0.445186800690619,0.8075683377328031,-0.4330787669997509,-0.3425944861628454
938244.0,0.17006085866451826,0.33188970206814994,-0.37425393327103396,0.8750817301485456,0.6104432066308676,0.6562430572849851,-0.1984941232774744
938245.0,0.13036897992368135,0.6596619129949752,-0.30552892712365964,-0.7070733846652955,0.8385443543728024,0.9393554083459692,0.7786022769575542
938246.0,0.5806254585026975,0.8285625924302089,-0.8995422905067783,-0.864607168545112,-0.8596802447722056,0.8061996152374813,0.33390362180816213
938247.0,-0.8492958906578776,0.47061319437226334,-0.9666993051272894,0.14360979082537106,-0.017640206752250087,-0.8917619937818457,0.23853612671757007
938248.0,-0.7635521867647352,-0.5685395400089088,0.8348966460413159,0.7183573545234907,-0.3999614382718222,-0.46377707212629127,-0.7370464584826819
938249.0,0.7844246233605296,-0.6247472658428992,-0.3348851959722068,0.9230608663674122,-0.583155518045394,0.29946937926706685,0.10021680001501143
938250.0,-0.8049409882570833,-0.8607505358932457,-0.06881233312624024,-0.69131456337382,0.06884971314065957,0.4126825455426646,-0.8059871677296249
938251.0,-0.3955829297206923,-0.5042382392332609,-0.9101540042069693,-0.06382222259321857,-0.889369776301931,-0.400913864713047,-0.3152971757130496
938252.0,0.35478846971579303,-0.8798212402386214,0.7725138054688501,-0.4958317570316928,0.3715585564023527,0.16153045313860526,-0.6090196450586511
938253.0,-0.5243616508436488,-0.5155191089305937,-0.8570772540931406,0.7607827508757714,0.6425520859520861,-0.6744067377022964,0.15650641301630186
938254.0,-0.7502372058474984,-0.5662745901247364,0.09440804658553126,-0.6840884400960325,-0.04415186216804301,-0.12091861033021645,0.8244282952569808
938255.0,-0.3190055749330327,-0.676930466180153,0.22017043292087068,-0.40732848026554835,0.7854995879000339,0.18763932811595763,-0.43488341486396886
938256.0,-0.8716218941059479,-0.7269280181354907,-0.2868036524452573,-0.8041334139565961,-0.8115888474459256,-0.3406772568178402,0.7347886985192578
938257.0,-0.7368452556877862,-0.8891564468862494,0.8012384018077912,-0.38233818110905005,-0.12637051418655498,0.8398244078311621,0.38530774060375617
938258.0,-0.8013086417396704,-0.4755445413813286,0.962213607721691,0.9092732921167106,0.8080919869439029,-0.9401876804663643,-0.023851173094505906
938259.0,-0.10577290665784012,-0.2558793448929808,-0.35661130223456916,0.575815537143266,-0.28830712435836303,0.3401864811731965,-0.2338354012900512
938260.0,0.2181813264047987,0.06892772328386654,-0.3394177046458442,0.4340176824863451,-0.8912066737741862,0.29960336660763875,0.8146841609498721
938261.0,-0.7623763252068942,0.03215426724202319,-0.6500939552597313,-0.014073573302459064,0.31513120571699327,0.5933652796764772,-0.4390237084366797
938262.0,-0.734276172462222,-0.6194112044044184,0.9157909255014209,-0.1804397938577471,0.3583755764309715,0.27997773841472884,0.4671328323581285
938263.0,-0.8850155522596108,0.5111580356649108,-0.9472921060055326,-0.5651369764107925,0.1475649526096452,-0.7260010062991629,-0.8198129967510657
938264.0,-0.4649469459185629,0.871748215566228,-0.8902535498515141,-0.822866736775481,-0.7327489577839512,0.6677691919343789,-0.395706495584347
938265.0,-0.49584423392871924,-0.8355774198419574,0.7120189304843636,-0.9713133842622932,-0.8001802305534287,0.014614344680288882,0.3005496497697211
938266.0,-0.9591632387449902,0.39250425755837304,-0.07850630673284109,0.3530366219797463,0.13957223577610733,-0.5403396544504644,0.8351586283728076
938267.0,0.9330331220004349,0.09343828465149429,-0.3515351897161696,-0.02490203542664604,0.2566514170993459,-0.5761022629800561,-0.7037582420762691
938268.0,0.9758301128209723,-0.8290038419846515,-0.42065889993523675,0.6033805141899651,0.660296469823715,0.83743351789755,0.17342348839826482
938269.0,-0.5165727034802139,0.35847165472379516,-0.30916713059999035,0.9657851677080256,0.7180000259231838,-0.07850245176738802,0.06639449570172484
938270.0,0.3361629238650077,-0.05733239575130744,-0.6773799515888275,0.23803991605591035,0.5924243582750626,-0.7273704732615485,0.6638843789305879
938271.0,0.9122152983207783,-0.8111044481298904,0.8414828195432258,-0.9047061185553631,-0.9441821180952121,-0.4525589506327261,-0.5205061100461312
938272.0,-0.14976929971355935,0.23783300935164764,-0.12248085704283018,-0.2440737884593036,0.5763137866302963,0.8286226121960922,0.5734291306880261
938273.0,0.9250178265290414,0.42475186613587357,0.9877563840383261,-0.7769884180365967,-0.41960782088319726,0.6186208398061233,-0.770142538542522
938274.0,0.8069274423143795,0.4687625907732915,0.893223335631854,0.9867361856743324,0.2661331108749676,0.5911794865113396,0.7578393313823975
938275.0,-0.535855864429194,-0.13871347712958548,0.5714272427547191,-0.8729239402598927,0.36249156541019123,-0.7833225206319514,-0.9749538039174288
938276.0,0.679321193493921,-0.3335904059536936,0.275901849942346,-0.4173011163669538,0.9697775776229762,-0.6048790589939932,0.9495463223790395
938277.0,-0.008412990349507599,0.6876105281291205,-0.32307104252057983,0.9245362925907341,0.12485811076498177,-0.6426648565734709,-0.17058630733214075
938278.0,0.3429337079286563,0.9992001285317025,0.9438127807614292,0.6606777110730757,0.39975468230678524,-0.20968613489015198,0.44353721551783387
938279.0,0.7764603842805613,0.8815100131410174,0.2383899439877608,-0.9582776761189935,0.052844956121418596,-0.5869003222413915,-0.2902229627943502
938280.0,0.3631050873596686,0.29370638019616013,-0.2010128837271823,-0.8355981142956941,0.16760426505442494,0.15033996288020135,-0.12398160491671595
938281.0,0.494510895078621,-0.7374693792165137,0.13243865427503665,-0.38383420700158877,0.9545054097785399,0.06333504264461243,0.06895597437620626
938282.0,-0.9472030602230685,-0.15155361257217148,-0.1686353671585028,0.3699270887141328,0.47763435854106073,-0.42412362855607877,-0.5510961243118135
938283.0,0.18393494859815562,-0.36225026783669656,0.44140275277124497,0.44928227618539807,-0.8282113662780695,-0.42274317240389325,-0.08536436765784727
938284.0,0.34126003629314705,-0.050409607972601966,0.15228718525489415,-0.886666833851238,-0.5571737203111893,0.486930933245036,-0.1212969470040195
938285.0,0.9457714166270097,-0.5926414071496964,0.461373594363929,-0.32825647833629423,0.26255080172716294,0.15594560545832747,0.0875369587827457
938286.0,0.9697046326895389,0.13023030971138616,-0.16704700344106893,-0.7219075860900186,0.09239923862914123,-0.07960787136706293,0.1840248814841885
938287.0,0.5182388446758928,-0.7115624339583391,-0.7134640254430102,-0.9952618895873708,0.11683086947027088,0.06375480032919856,-0.4638585993980444
938288.0,-0.8607582792480188,-0.1799762530068496,-0.4290459768204533,-0.11541739160293885,-0.41255980701037864,0.24457864149541564,-0.880733123087639
938289.0,-0.539004224761831,0.24450593527387898,0.619817999613181,0.8092339770442012,-0.9928848336561511,-0.28737307176582827,0.006360444359634343
938290.0,-0.45108219534445704,0.6874941431983608,-0.7169559113696036,-0.8994908977657465,-0.28673189678770483,0.989400542750638,0.058943428601459846
938291.0,-0.5144072693337298,0.1061711076666898,-0.5798569716435089,0.07838321224199651,0.651812518814332,0.5036492369465972,0.8818666681672758
938292.0,-0.1696335537387077,0.8277579675309492,-0.010716567824533785,0.5548369338453736,0.6476354039936452,-0.8775618553933553,0.7742497268379471
938293.0,0.6095491257869734,-0.5587604472741945,-0.8473329751376419,0.6414002113579034,0.6228207941189976,-0.22570363388906078,-0.03391829890604936
938294.0,-0.9080500885493517,0.7885398649036988,0.48529243761212904,0.7118544899664505,-0.16759350171148646,-0.5720492594200182,-0.3985570135497625
938295.0,0.8052439162971623,-0.43190302796352364,-0.10173014890244092,0.430822729956019,0.5437377453832775,-0.8812273216738951,-0.5458451828552555
938296.0,-0.34888933342642736,-0.054416729943595366,-0.10042035846730824,0.7379658616027371,0.15737677089908542,-0.2532014926631627,-0.10541872757456949
938297.0,0.5851271638403459,-0.16262266676124404,0.11745115006661244,0.0772229474706192,-0.30511473927381383,0.028950568714544156,0.7481704694935538
938298.0,0.8678509070622447,0.5784331210641667,-0.19610108734180143,0.414886772239629,-0.09382427759085377,-0.7721772479097444,-0.8429054787025649
938299.0,-0.7484722528503496,-0.9573146331598636,0.682280610735968,-0.5356629962062422,-0.5215763325792317,0.689899383014895,-0.12902640113141883
938300.0,-0.13784609727123343,-0.6142968802660065,0.3239322534887936,-0.6066399932851263,0.7172545738105269,0.27527671222044914,0.7054195745466061
938301.0,-0.8785731647023776,-0.8708778372237778,-0.12070966774192793,-0.8497279972083778,-0.6336155835237482,-0.9456509737571415,0.2987274127532582
938302.0,-0.35984240443367743,-0.08220685535744399,-0.7688593458085977,-0.5021748958854726,0.612636370884154,0.6887404594261934,-0.6550746921453101
938303.0,-0.8533472584080122,-0.3616758490522465,-0.3156695635019846,-0.831768511953882,0.5118614130988739,-0.03767771154539967,0.033425153758109394
938304.0,-0.6670563884035938,-0.11895835046119552,-0.4077279163481007,-0.36376656811917085,0.12328360764154445,-0.32472534328525393,0.9494897635174693
938305.0,-0.7473003415378072,-0.1876026202467853,0.24155107440356693,0.6164468860611023,-0.7328797946618504,0.17691810765827154,0.2002935736769882
938306.0,0.5217232629032664,0.8721924287948595,0.46225159409677796,-0.7048559593026651,-0.3915199919072663,0.6330247048274409,0.24657978638917455
938307.0,0.8244896241513424,0.7785552529022883,-0.3210510598399563,0.48575754851231556,-0.8814980987502756,0.451877591372319,-0.2648356734588371
938308.0,-0.26612786910655273,0.2270842824008028,0.4162783804102721,-0.6180306690100907,-0.2799398692334585,-0.5822524999258993,-0.09097837914371776
938309.0,0.4504713146725423,0.9433575825872029,0.9245997580173642,0.8060291395145569,0.9822285407492655,-0.41804280330361854,-0.14252441162213958
938310.0,0.7096535154635335,0.3795800023668612,-0.1343011313147695,0.3369850801614165,-0.7064506014819387,-0.11968212192763295,-0.3428807604834654
938311.0,0.06365664248283087,-0.2192498780719323,0.3456324802060873,0.430622227404605,0.2727386464835888,-0.40789590350749694,0.9061854917498517
938312.0,-0.14823061360325984,0.6591445614120472,-0.39095134867158365,-0.4063455088285304,0.23981085928906754,-0.7140720025217109,-0.3827573103480144
938313.0,-0.08259041932176525,-0.7529871889463853,-0.15966753851999482,0.22052701615063075,-0.609989917878019,0.6300070706828218,-0.37680725225443057
938314.0,-0.23943142285120578,0.23738638932366274,0.19730981102299783,-0.02539683304084317,0.5836449748769399,-0.8491639590428965,-0.08173351055035272
938315.0,0.49953261801113746,0.926149374806041,0.21916721565830555,-0.7639169042322276,-0.9130536180355993,0.6346847065045478,-0.21399998097603223
938316.0,0.5125406330967546,0.5277698180607495,0.27167027618178574,-0.7013786215045674,-0.5516703053313186,-0.9202313712118353,-0.5985765249239232
938317.0,-0.030259427929790306,-0.8420785140785769,-0.339367927245777,0.7217618077741232,0.4077692119769021,-0.7834215951231398,-0.498632625316243
938318.0,0.8148125500246235,0.06130091958680284,-0.885936586029068,0.5222759050769914,-0.10850566084003699,-0.06422724993025208,0.6674898827845426
938319.0,-0.7485043164371801,-0.9578375990152548,0.6180235654948045,0.3389534339684952,0.15280039238908216,0.2575608823509299,-0.9812885291125488
938320.0,-0.1251883128640099,-0.13977674485454483,0.5687324895955619,-0.2414211043421013,-0.2338019643357192,-0.6363986093652914,-0.7552299785414911
938321.0,-0.42429253688232116,0.10949320222855796,0.9886176412243195,0.22799408040231062,0.8389070326711559,0.4206928121620388,0.48570383142434803
938322.0,0.2617073003353729,0.4279052762042366,-0.06465617512888033,0.67547381006657,-0.11513584990530124,0.6867204283117989,-0.25214044946136993
938323.0,-0.44035762830985625,-0.7362941939928909,0.8204058475288889,-0.7918616250388066,0.11950717444339198,-0.066375974298855,0.7445934333509432
938324.0,-0.7233377955519591,-0.5604402646844489,-0.3720917846579632,0.9046101009185317,-0.8494141477248496,0.28340388889968904,-0.8720611713504798
938325.0,0.7012538720385431,-0.7355860448429401,0.8754502987618338,0.10036481905988803,0.03857003976220619,-0.9049918333328291,-0.21322349672639596
938326.0,-0.425379418558113,-0.500607656039256,-0.8461864145088289,-0.3756019151252279,0.37918489203866623,0.6063102093077914,-0.9739224613809796
938327.0,0.11665764846859838,0.7244917242304798,-0.7736275907351704,0.6250841522295114,-0.662794725502958,0.5235894085057566,0.16285517382491488
938328.0,0.5372516700107763,-0.10454130981239529,-0.5518623914353211,0.8337203337833925,-0.3127489869157809,-0.4097915081173762,-0.3937013309929025
938329.0,-0.7095967207295848,-0.04937339968684196,0.2583213404557789,-0.8503961506212909,-0.01925521387397855,-0.6489842993431114,0.2413171652667716
938330.0,-0.9858182438670482,-0.5110153076117387,0.5445024924483723,-0.3680527715554178,-0.6221121585406213,0.2911904505897409,-0.9541305396685069
938331.0,-0.37628668026856316,-0.7951418720789751,-0.9866976351753827,0.8853302138230363,-0.2281010442074527,-0.2141028871532642,0.43160162477013
938332.0,0.2914376807901009,0.35638441952170985,0.4048121147853805,-0.858673784633823,0.2961612906858022,0.24285694969328264,-0.648979642772487
938333.0,-0.4650297379464787,0.5285749591530635,-0.5961268941387201,0.7388574914650075,-0.06794665946770562,-0.21069675704833712,0.4744576339159834
938334.0,-0.33215091140239483,-0.9217197155751224,-0.3324562074039432,-0.5033088568914781,0.5936681513775475,-0.5919141296990136,0.37957172404181927
938335.0,0.5347441217344588,-0.7707670514684124,0.3606986927971023,0.047121005134950655,-0.8847446409469228,-0.6456200838619348,0.6560283921141479
938336.0,0.02546333381198762,-0.5394324835244717,-0.05298842038452256,-0.7578406376006623,0.8496520744980223,0.6558915212010448,0.29158642250357847
938337.0,0.647139679995693,0.43026139990111445,-0.43655483772185555,-0.7909419947725991,-0.307573789395295,0.26917364828392953,0.9355517179069144
938338.0,0.160226292819992,0.03479771178839974,0.18064675846223843,-0.1646239010718411,-0.8308423057572483,-0.6102375264748785,0.18602136675910175
938339.0,0.5543037528069026,0.3831026574437608,-0.5488868750603182,-0.9460347714753266,-0.12284609670835112,-0.251610494810383,-0.2850213006440574
938340.0,0.8896140597309738,0.08432334918332929,0.821967077599169,-0.39400824599134965,0.4985812900382427,-0.9990064398296061,0.8620357045867628
938341.0,-0.6230157711646229,-0.4126123570313176,0.9791729965297575,-0.41203759314644595,0.8635077038856172,0.09323213921934626,-0.7545325107868031
938342.0,0.9061286017713848,0.7691100058414766,0.7172603618682252,0.6607122573150401,0.9038197452895345,0.1672320767207276,-0.06784171631414537
938343.0,0.533040067795435,-0.8855783786821054,0.658743546041763,0.24087740091218546,0.11242469432980262,-0.7934981298920922,-0.12517899401312516
938344.0,-0.8851318310131298,0.3979408946205436,0.7103071201286373,-0.09477301967577723,-0.4347615254445969,-0.5944141823514857,0.7871190750942896
938345.0,-0.48792795579880144,-0.4509408399416859,-0.12769889978852222,-0.3356638963549663,-0.20953452971733721,0.9328249509023618,0.5608782637213607
938346.0,0.6183905342360807,-0.44694537799895917,-0.19311531284727557,-0.4296354555593491,-0.1534161122890476,0.441153747688495,-0.42447146802762625
938347.0,-0.4336255924869947,0.2504407306728442,0.9864658260693038,-0.16209192162203867,-0.9493071989581083,0.7928103803293038,-0.39530249653596594
938348.0,0.9391314940369739,-0.3042390224442548,-0.25475166621232015,-0.18718637860354503,-0.2988613169817984,-0.7070635820080866,0.9644906476921502
938349.0,0.15032035675129962,0.5011084395760474,-0.6108648671793739,-0.5760571752735288,-0.26726825294131995,-0.2535439760941025,0.7852022317818141
938350.0,-0.7830458835622414,0.7478954587267868,-0.011232614399273144,-0.7767310638331844,0.9703638149630986,-0.6960861435207824,0.17632975840531828
938351.0,0.2774743635248029,-0.5698194399564982,0.04335641317392347,-0.6525844591369299,-0.2897774622438376,0.2507825311650185,0.8857440884931307
938352.0,-0.25977537878887125,0.06679337533351615,-0.6662531734066663,0.8626731171167477,0.3202710758880001,-0.3436945486427221,0.006683343186133506
938353.0,-0.22096441970590797,-0.9548442721960195,-0.9693568623331899,-0.6933336332420192,-0.8270419997819476,0.8943635897905127,-0.7526668006391644
938354.0,0.2564655819413244,-0.45124040663048515,0.20228845304785836,0.6570283965220236,-0.3832080063673666,-0.06226623077353155,0.22052534406177315
938355.0,-0.7962293370673172,-0.9670193921452017,0.3509759097024887,0.6943653154999463,-0.27972741151946523,-0.9151856364918531,-0.5905907771888388
938356.0,-0.5539008535041152,-0.19911650928942182,0.017333795173780198,-0.2908350074380266,0.7950412500382862,-0.610348608391792,-0.625835070536134
938357.0,-0.5437109884839586,0.5868556601600603,0.0896334108128869,-0.7150535412182057,0.25369296277275155,0.688731700683052,0.4606609856722008
938358.0,-0.594777148268143,0.08681692028357668,-0.28601709843684997,-0.6091885891777606,0.12653850651411425,0.09432147655684142,0.5181065447905358
938359.0,-0.033912352375703225,-0.6842138215088136,-0.2401657924541305,-0.31048330602290397,-0.08874877024720917,-0.3674024361550978,0.3133877987761957
938360.0,-0.3515158047332354,0.5245439011709649,-0.7273737106818408,0.38972571361229336,-0.832368200366715,-0.7677027326088144,0.29743541133767404
938361.0,-0.019733990654498434,0.9496168752510117,0.13236012654591756,0.8980672599765638,0.5183764848431114,0.8710306176078875,-0.8928534979176672
938362.0,0.19874867943342012,0.7572005703208458,0.15857300493808735,-0.7604338825582548,-0.845664154054732,-0.44646346903327605,-0.2125062020413313
938363.0,-0.961693664274003,-0.06117036334445025,0.003043874606207142,0.4145559968096435,-0.4234878877224775,0.6765202005794189,-0.6476487251870964
938364.0,-0.21997767162570048,0.28659846915689813,-0.9886510589998252,0.7785511590054204,0.3837773158721569,-0.13735731208279867,-0.2857041996120009
938365.0,0.07013516236270356,0.12084466797621252,-0.3152432572150756,0.08998575109406914,0.7607410599703011,-0.5651055738379316,-0.9456106303803153
938366.0,-0.7548215576335042,-0.15047383343670617,0.6430493128084733,-0.17221653115695545,-0.4052401760700106,0.05511393758752381,0.43249286878818927
938367.0,-0.38244923646983997,0.011884238374250344,-0.678855152895157,0.5959666219560189,-0.07629151696697534,-0.40145227403934025,0.3013902076456827
938368.0,0.12060627788703493,-0.3145190771446691,0.8390902635393267,-0.5588115773293665,0.9016949790403799,-0.8520005795773438,-0.2570502376642019
938369.0,-0.3296407633908254,0.49678957521666045,0.1271260586243912,0.333388590240981,-0.06967216896341477,-0.6536729611087801,-0.6624843661565711
938370.0,-0.015719109503796735,-0.392607033088076,0.25826299384709595,0.4969149179706114,0.9172604187417173,-0.9619337306959128,0.15783260384270514
938371.0,-0.6950314129251414,0.9446688784150237,0.4312063783020661,0.20564298163018857,-0.7860213972173886,-0.32498749548421757,-0.03475567312625327
938372.0,-0.7988952599199861,-0.024229729529362976,-0.5607432528672471,-0.8061021694833004,0.02910230941927039,0.0198528350546352,-0.10954029245295893
938373.0,-0.0017720473068334464,-0.6552165735854603,-0.5926103136750256,-0.17716456535757708,0.48812389150397584,0.7257881247266365,0.567900039386676
938374.0,0.42609073747424975,0.5809355795455768,0.5538944889041479,-0.6816249440634987,0.2842980589796178,-0.992437667761662,0.900282553760408
938375.0,-0.2618129012443997,-0.13383815406467536,-0.8475802905633709,0.048126273979374634,0.9473433304800933,0.6848599513334426,-0.2607612201412586
938376.0,-0.5132081078432695,0.3571391818195355,0.5396434626505464,0.5275550202606663,-0.42329924729720037,-0.22585655646832659,-0.7328223490057129
938377.0,0.4813654513389851,0.5124942749460666,-0.7502091104319151,-0.5774218493886751,0.01889613135567214,0.45156552083169577,0.6797519345578549
938378.0,-0.03401576124618355,-0.11698122403678579,0.6952678048946026,0.0112013291322135,-0.7117649599139022,-0.5185796223428685,-0.7761385767504336
938379.0,0.7241909581126764,0.1496759730634154,0.29402046936417303,-0.9102651532070438,0.5363225575859345,-0.8249498837082008,-0.4002500975455232
938380.0,-0.15662493154244594,-0.980715403122018,-0.7215506977737314,0.14763573717607237,-0.00766372956797845,-0.11058238397405806,0.1386925279968041
938381.0,0.885728587359581,-0.7350738221123818,-0.9146814741709439,-0.5726796492256307,0.9337054498087929,-0.7699145292945733,-0.2527037435589097
938382.0,-0.15994928494168215,0.5721454609708494,-0.6709744249349245,-0.8204680073583024,0.016652870356757887,-0.03547860768458433,0.7288760858823009
938383.0,0.4337598343903568,0.9535040508437316,-0.719357179860237,0.49785885796647644,-0.313189270500684,-0.7663791550766432,0.9930875278523923
938384.0,0.7114943379482881,-0.1454446501314035,0.6796688140944334,-0.2229110353934367,0.06460965086332116,-0.6750681028345495,0.6709646810611265
938385.0,0.6330661405440166,0.5928580272045496,-0.8030539097436242,0.1411574931294295,-0.7436586287036586,-0.7796689278606184,-0.8281515962003774
938386.0,-0.5856477066154642,-0.7079425306815776,0.9224484732590041,0.6144880787896023,0.389554750466665,-0.7080139580506497,0.5831092637982163
938387.0,-0.1317603014343498,0.12014834540748076,-0.9029379185180646,0.5341289420796576,0.07407026753224466,0.19962470880892913,-0.46805694760653727
938388.0,0.3836375084796353,0.40449480689762773,0.6273985413539134,-0.4799422071352988,-0.9484664499940416,0.2260145328483214,-0.10422885595458853
938389.0,-0.5473985308426341,0.7026171300414801,-0.818356310666756,-0.4259396740864927,-0.18579598262289654,0.8535311190807999,0.34890916769535885
938390.0,-0.28503041963372056,0.26641313560529833,0.7461643834836511,0.8743641520121657,0.014510222047930732,0.040772012641119515,-0.538950673611488
938391.0,-0.7396959205533069,0.27005391306594184,-0.9506641146352945,-0.1806871832538528,0.7054417973061544,-0.510869181923503,0.19683965500875278
938392.0,0.38200205233022144,0.0626580377324204,0.16049507691909226,-0.48405771981039014,0.986112902457922,-0.9138287878698077,-0.7540839741007237
938393.0,-0.9939944806455439,0.21910676119870698,-0.36733706848991554,-0.9182577707958859,-0.10880827939515125,0.8331136786195217,-0.7708424465828554
938394.0,0.7627835923772097,0.410937080611786,-0.2533582542491346,-0.664227695079395,-0.7539012045082716,-0.8735764593313149,0.3451748174250322
938395.0,-0.48609470717243664,0.37800984252080516,-0.17771843997307513,-0.9404938216650613,0.3222665503323803,0.49789684010587987,0.46401979504652613
938396.0,-0.0673334499647742,0.16437755464116988,-0.20568861559235052,-0.4346144020424785,0.3076590929180496,0.31798136789591513,-0.11029710634347234
938397.0,-0.43989960078263146,-0.6305908346153695,0.9986511638037023,-0.8413006179111573,-0.6883225074500996,0.33692468578217594,-0.6940182899627729
938398.0,0.8832156978598296,0.43887637417855063,0.9900301967689809,-0.3417915840627561,0.4582932860636908,-0.2638565608064858,0.20146406525998417
938399.0,0.8993789393204881,0.9903869575237603,-0.9307608711571498,0.3760154241221174,-0.7722435299928065,-0.9433718473201564,0.6490552651350314
938400.0,0.1500801463528012,-0.802360420973516,-0.764835155193162,0.7694525710383842,-0.8239581663408586,-0.9407967294050261,0.08054727308236354
938401.0,-0.057131590721821945,0.051382615248162455,-0.5550115499818276,0.14846371489349197,0.7783383409827336,-0.22985779977467247,0.029862827870840603
938402.0,0.42615508644086675,-0.19034745965710886,0.6746165358492129,-0.7046592314199231,0.3361840262049085,0.29129246376922513,0.5432845485243678
938403.0,-0.28692002484608436,0.3157612353361039,0.0727348200329554,0.5688226658139481,0.18229125090140896,-0.8102408607202531,0.6191749791439518
938404.0,0.8986434515057695,0.2773428438742065,0.7172590378523367,-0.8070466008846724,0.6937309130264266,0.5013391460108019,0.07036255427517335
938405.0,0.4108399944352741,-0.5063156400755227,0.0518093334456915,0.5924684381749008,0.031671367809440465,0.15765464412312036,0.4168530820009777
938406.0,0.4039491888496365,-0.10964405360879326,-0.7216342959486575,0.008035769786786773,-0.2858037578685053,0.9579277275674376,-0.5695223142039783
938407.0,-0.149254699084159,0.44571142159904253,0.7818551811607797,0.16824878542948452,0.6707250936638958,0.3017452217308545,0.4988867723580035
938408.0,0.253931233109451,-0.5265970794332506,0.561769786556555,0.40953631382302014,0.42991959432162274,-0.35503244047694094,-0.8542926069177499
938409.0,-0.46125351529476233,-0.628071185036396,0.882487286993358,-0.16210002167897342,0.9163292994296475,-0.4980556466428565,0.0840760892682273
938410.0,-0.818034912640059,-0.8293918840572769,-0.2733626733801209,-0.3759176211635389,0.3779031868066691,-0.8787843516104845,-0.5979513084488464
938411.0,-0.3607218331182518,0.0524255901262487,-0.7243305400041447,-0.4665512552409261,0.5532773488867835,0.11112125366441106,0.12265473439293695
938412.0,0.20184842513175338,0.36066841351146306,0.6932448284216817,-0.9860872239190233,0.7780168849697304,0.49361406542962816,-0.010087052825819454
938413.0,0.36586295386243717,0.570023956000336,0.6837820401142201,-0.2510168717204784,-0.3008186475892167,-0.33972630905778267,-0.6795361491932925
938414.0,0.0907216160379094,0.20553165967070974,-0.9460575981128916,-0.4525180788749119,0.948211514676212,-0.7979429906380571,-0.37704775637169985
938415.0,-0.42972327388595954,-0.9496951579257007,-0.46312173002802814,-0.679061656308082,0.3181430298484744,0.36795269021167987,-0.9250713369080825
938416.0,0.8792077370785614,0.4516036793121918,-0.35527334765697627,-0.2660686159907182,-0.6013975982146433,0.959060931886756,0.42375406696717555
938417.0,0.9504044558503113,-0.6493513000398181,-0.8264795461569296,0.038749704804069474,-0.4525418518080693,-0.7488099299851796,-0.7406202331375877
938418.0,0.30646591090003583,0.36168531561431916,0.6701503352017077,0.47918925771288734,-0.9827748137514778,0.4578037945136997,-0.2259451846370768
938419.0,0.9175299230196439,0.4015958824756021,-0.21501178980899938,0.11651476687474549,-0.9203689951476808,0.7380220857269224,0.8104663949755462
938420.0,-0.03173444260118097,0.9296621088633599,-0.5496257221356611,-0.6069863459840408,-0.8558285839443212,-0.30651153169553624,-0.6060505119600625
938421.0,0.6997368825841412,0.49509004368306875,0.8034099533253329,-0.9408129846034043,0.7611308063043991,-0.7225878959044001,-0.6394315765184901
938422.0,-0.6260305577534617,-0.5330233704336951,-0.33386282658252076,-0.11854787968000413,-0.4889447962543263,0.5700988353485636,0.9240568370163875
938423.0,-0.9116896922953015,0.5200598878181888,0.7563662864232961,0.26398872299145015,0.10372125993768044,0.22555045724063527,0.5514809001514742
938424.0,-0.45243620955934727,-0.9413413354932927,-0.5683776284289284,0.11614176760236883,-0.7140583836950078,-0.5018411506922187,-0.2501278879945663
938425.0,-0.9773325775711643,0.02870666526408172,0.5084727353438707,-0.20307121251038307,-0.6567064433162177,0.4934201583127622,0.4003070691096371
938426.0,-0.2604334639008812,0.6439744808341679,-0.08352179890949984,0.33945249215072826,0.8242275405071431,-0.8815777990857991,0.9983290181468649
938427.0,0.6885019900784586,0.8417620402251496,0.5428216301668272,-0.35551153820997916,-0.191154863215522,0.015046522734288637,-0.06935743479575329
938428.0,-0.39517225589327554,0.8056003967859253,0.10713573883986593,-0.4763711437550122,0.13767063305343452,-0.5993993009732135,0.7253637479269246
938429.0,-0.4360849031493974,-0.5522268515167172,0.6376232754950146,0.2780666929690083,0.5450995951277056,-0.1920222666004736,-0.25695495685143954
938430.0,0.4184721251544177,0.10655748349525296,0.10061578039611385,0.2669041498778666,0.31321802835781143,0.9115557672441836,0.09048519214977979
938431.0,-0.18598552988379868,-0.4844296131058312,0.9650205602994728,0.04578454225432993,-0.24023409383699001,0.7568450554171104,-0.6689067492847569
938432.0,-0.3653291072862903,0.09880770332616073,0.43891201532177004,0.5688052605919904,0.9334739325105643,-0.31062014476358235,0.042332794480414604
938433.0,-0.9558027477127664,-0.5864297280143347,0.36054554712800746,0.822815292407437,-0.15621362053481525,-0.7083767678877442,-0.40000216931138133
938434.0,-0.11009610364006783,-0.8194131125010162,0.8012202430016597,-0.8140736532757289,-0.31490998650461055,-0.46941993953714456,0.8021668143675595
938435.0,0.9387159344641247,0.8335065711969543,0.5939859153541818,0.379684187100255,-0.4499176998016394,-0.7446428843813966,0.387408283483367
938436.0,-0.8274371358339319,0.25337211904837087,0.7370870286734319,-0.55836709515801,0.34214628078674436,0.19327739216711515,-0.7216092160460301
938437.0,-0.7728943673073303,-0.27539886316598805,0.3321957730822789,0.022938346864469494,-0.4269519482128974,-0.3964541435649114,0.6395301307214174
938438.0,0.07304084270983346,0.7636976482605742,0.7618157368151492,0.7924780037063583,0.9915725248952421,-0.24773045119335735,-0.36233401507917984
938439.0,0.5575774275168983,-0.4850599917938532,-0.37927799609324686,0.36150672147247676,-0.8057693631062544,-0.44974978032986535,-0.28143460332438064
938440.0,0.194270402416459,0.12366031856438697,0.07809386592122469,-0.7675739547655402,0.3708706263937467,-0.7197994065163915,0.9717837191874512
938441.0,0.546134761987956,0.031291462746710685,0.6500157390590953,-0.7223368229450275,0.45218841519293784,-0.9109930320487531,0.19247049903087854
938442.0,-0.935258213637697,0.5467143108693397,-0.3778555909124717,-0.1992699177723336,-0.2653994228132439,-0.5866984331416709,0.5377019693874305
938443.0,0.8021479178004065,0.2937615857257001,-0.1275363727087251,0.9561952366157518,-0.8558853805166666,0.5085735120314658,-0.44823915848336804
938444.0,-0.16668183157462257,-0.3050266413372311,0.40391897175367975,0.8090397386456141,-0.7858065984472868,-0.34541709021777534,0.9188041812719792
938445.0,0.40076260474802794,-0.6034521654996028,0.5029819540098786,0.8452824484243275,0.05914710488243724,0.340169025629661,0.43515623227340017
938446.0,-0.7928727179025703,0.10937460950821154,-0.6586924862698786,-0.472124813117208,-0.3358309253645251,-0.4189662045180873,-0.6361819143598921
938447.0,-0.5419765292655876,0.6329372226238463,-0.7420336497777915,-0.8379409402784574,0.198526017691538,-0.05258603535954909,0.1071821060927638
938448.0,-0.9373204235589927,0.05032823512959306,0.6518756341077891,-0.03642728672901541,0.4848649121237285,0.2640066191103332,0.5103233094273247
938449.0,0.04987193541529167,0.6471572707625846,0.20858297868938314,-0.3018919833979721,0.42261674787820724,0.3734129759444622,-0.4459020447369568
938450.0,-0.4271310924498546,-0.8450701601274202,0.5821877200014354,0.28027864581063033,0.5734835691791258,-0.3274233733423635,0.6436837793513241
938451.0,0.39341605975983196,-0.059101316725144404,-0.656038891167789,0.21224990271760502,0.12278389028733261,-0.5143740604179508,0.2001529358370171
938452.0,-0.3327925990821572,-0.07719355165085307,-0.1907345751000109,0.8094722309525038,0.018141695439828798,0.40806325932065657,0.5763962271195364
938453.0,-0.6710251071606841,-0.8355737112749866,0.6700273159794521,0.14724990965743823,0.6123165839567561,0.29692060902388984,0.7160059968159875
938454.0,-0.5492837784038891,0.3710776502367379,-0.8607860538574592,0.11773373494143335,0.1119064747454912,-0.8527876224186153,-0.523399803764909
938455.0,-0.9210497861279547,-0.6452083096983443,0.17091764336770865,-0.8698275622137921,0.9176291712751532,-0.5220073451715184,-0.5074408447676892
938456.0,-0.27635552188906654,-0.06437183157759208,-0.34142041204017204,0.4388589887281844,-0.24335814745568785,-0.44771062755946045,0.6945679444905588
938457.0,0.04850908068426474,0.05449301767438519,-0.8715205510047421,0.543603773528164,-0.9334109993973518,-0.680422995640682,-0.5022527950855271
938458.0,-0.7602436290497712,0.5392557388050319,-0.016475715647492617,-0.5720207014098353,0.8704112671216144,-0.2694473385319318,0.2615753248658488
938459.0,0.00918438806542543,0.6894696453141096,-0.3946459460940397,0.601101368090853,-0.5016916734690287,0.7876891739516501,0.3174518068849428
938460.0,-0.6243539325069118,-0.9659184227352728,0.0362183395268032,-0.719848413089468,0.8035066408734914,-0.09849538841129735,0.24425230235389628
938461.0,0.7769949996433616,-0.5046639707784979,0.346156536842837,0.825481103734089,0.08451004719664423,-0.2568235507606549,-0.9546819105261775
938462.0,0.029227754198305034,0.9834777854514714,-0.22488115940497488,0.9367320736404774,0.4694985565129459,0.2319278293274385,0.03810495134510661
938463.0,0.9286123282734513,0.8906586990592122,0.20297571685977855,0.6045757597825445,-0.6494973802978163,0.7375762879137424,-0.4526903832694271
938464.0,-0.5915698313901994,-0.29950750931723746,-0.9425796748401412,-0.6541392119151483,-0.597374476893024,0.23343271901527474,-0.09218828343121976
938465.0,0.07673190282999309,-0.6451223147657967,-0.35612355651367666,0.7768099812275584,0.4104526687039127,0.7845238072546903,-0.8185158357466096
938466.0,-0.4900759693845238,0.49318219188504187,-0.37746448680008626,0.3055936410581108,-0.18631885094860823,-0.4603306471214619,-0.8929151843657259
938467.0,-0.46873268814113955,-0.611360157202486,0.6310130595237118,-0.06285363209980899,0.3911554642682782,0.14362938193653796,-0.41583633619401406
938468.0,-0.06442033455882168,-0.8279496391087444,-0.7806275238197027,0.3183721011431022,0.8220202291607919,-0.810707671988782,-0.006591056563880038
938469.0,0.7884833021468827,0.5170714448845055,-0.8925517261423563,0.053035147850361675,-0.4305008996919828,-0.6390889574965115,0.014123178059319397
938470.0,0.3568490386753709,0.03443261249310403,-0.5802270497198079,-0.26740677936567825,0.8904843268763671,0.16324482907024573,0.6692558779464204
938471.0,0.3543161550033933,0.856175492996244,-0.826853228700146,-0.8934180208133258,0.7680149989042264,0.1677148519012437,-0.8185388826607776
938472.0,0.14449199485564312,-0.42335346190650025,0.4186202413159654,-0.253872696854915,-0.6939936857632478,0.5040348203385399,0.5137519455915696
938473.0,-0.059065643928312817,0.05380186147566546,-0.9610341249075094,-0.2005239607367899,0.9907689787414213,0.5924068412588461,-0.19807036728998706
938474.0,-0.8616215713953561,-0.9926021602089186,-0.08114250590267491,-0.3313836934773289,-0.8385806680861607,0.7673479954489126,0.7529211268143832
938475.0,0.38985633237800577,-0.1935467795961987,0.2932131353313223,-0.6641309258502102,-0.9693408082977018,-0.39075176225327724,-0.46207655722663565
938476.0,0.6250976106385402,0.7664020657502721,-0.36416665350478095,0.2957078651830034,0.3385554046979522,0.9140564275686367,-0.8446799892473704
938477.0,0.974299704524759,-0.6342908314764217,0.44635784438798587,0.8762796480157231,-0.4675602994047743,-0.23614498396776673,0.9188571365015596
938478.0,-0.9966365511731281,-0.021183165700728868,-0.28793941126521183,0.018529432908051424,0.7130145425864896,-0.7075928674992267,0.1418688860410322
938479.0,0.2745620181213224,0.43039778808002427,-0.47457102269544604,-0.7569396494430536,0.019556981364299064,-0.3455117127934362,-0.029658394771355567
938480.0,-0.20077965260387565,0.5806486189743951,-0.25326129433048594,0.925128139919809,-0.8526342261344158,-0.8394857662644424,-0.42520772590318523
938481.0,-0.5337685813933677,0.49757071458548063,0.7910083247718036,-0.7244487986138353,0.9082558078621388,-0.6527473828952588,0.7255384435215273
938482.0,0.5546255825837227,0.9994203196376128,0.7204613319004596,-0.5451757550517202,-0.8544070931043299,0.09821708343367086,0.8210359000692984
938483.0,0.29815813777102096,0.6545027081696422,0.8985914539539939,0.21063521023934184,0.09514607041065837,-0.9886689237595745,0.37989686432461256
938484.0,-0.31401400312227445,0.6651442215189298,-0.7237990911526542,-0.33776465308512615,-0.5758949113429801,-0.1498838255448609,-0.643816835920892
938485.0,0.24411117938071691,-0.567824842394673,-0.393635618618954,0.95278216375175,-0.08710578445260042,0.42857528671335277,-0.6141349627759931
938486.0,0.6982704595397631,-0.21325709743940302,0.48012243430718105,-0.1341679556460076,-0.22075445166690244,-0.4390236507221128,0.5744591089041047
938487.0,-0.6753742341468554,-0.21571131984755687,-0.5510563894696547,-0.8070116264617249,-0.17324617154717092,0.7864080761423524,0.3649795877330675
938488.0,-0.052228877830524656,0.4163466083253613,-0.32842064962317585,-0.4348556591939845,0.19901554808122013,0.5818737794240183,0.9525771755174259
938489.0,0.6927867717707017,0.2889406926065867,0.3175093495468042,-0.49212786012759446,-0.5258822881112892,0.23844216792196105,0.8535404019408268
938490.0,0.702778203699723,0.49264986347972917,0.6074253510943908,-0.9577140012795997,-0.21024037017303376,-0.08747624455540559,-0.42197689397590143
938491.0,0.8277712239124337,-0.24664751552097575,-0.830098358438762,0.14256389421754379,-0.7959913315289535,0.18974680162639945,-0.6733015967299623
938492.0,-0.6549751001684803,-0.018778382741698296,0.7565538973822701,-0.7879183776758811,0.41947722405743604,-0.5090213393034453,0.2033385123566822
938493.0,0.5011199822855024,0.5717395194209565,0.6571652525252922,-0.3103628172892101,0.018541842919560292,0.8778982403931774,0.44544667197696586
938494.0,-0.520506862758678,-0.9831026240851233,-0.4735612737529393,0.1489921975901365,-0.41964685558399206,0.7993364374707117,0.36737063956501315
938495.0,0.8421017434450453,0.609903889374968,0.188866298508781,-0.5037935663521498,0.09267866759475951,-0.9495852358750112,-0.029472536207025612
938496.0,0.6794568834575978,-0.6131113041241274,0.6243410510069729,-0.20669081588091331,-0.7837697797185386,-0.3829606425784746,-0.8969401664885015
938497.0,0.7750674772814081,0.3259457838295323,-0.6010674215342289,0.9120147467861954,-0.4870656566480518,-0.5108635406358351,0.08098512998711982
938498.0,-0.6624254515258416,-0.8796924777615953,0.6041931928750126,-0.9553306847892835,-0.5914561963870111,0.6871410006075178,0.04254724669132903
938499.0,0.3372793915541501,-0.9436884278550361,0.5729697035309167,-0.2687485751967953,0.38228679311339775,-0.9509706290329993,0.16819380005798545
938500.0,0.3695329800097886,-0.9116010267653494,-0.3443210541073052,-0.23712067767508427,0.4507038860673531,0.065944254843471,0.7644616400175117
938501.0,0.4565873966317324,-0.5754326763111581,0.13654084092002328,-0.4986853231406836,-0.35078869674354873,0.2293647061655899,-0.0801103745133176
938502.0,0.47036115889423047,0.07989718016503922,0.8950002371162462,-0.921473314311869,0.317877726749046,0.7168685895566467,0.9546137293010457
938503.0,0.7801832713951891,0.8717821218074513,0.20014212408427423,0.9714926532522874,0.042941376369914463,0.49371672787169185,0.2655772220067967
938504.0,-0.2690401000102125,0.5094896391078738,-0.6715133131961286,-0.10311348050400215,0.13010603471195803,0.6749422630969282,0.5045282183776838
938505.0,0.11153128321956696,-0.5977388089523645,0.18809021463413478,0.1426083770854032,-0.3168918864890349,-0.7447204674159149,-0.42414774858946713
938506.0,-0.2605588681667119,-0.8213693225553977,-0.3099566375025413,-0.11642964048728266,0.6045405637880354,0.7670841412130553,0.8631011243363882
938507.0,0.2760111553686484,-0.39966938835835686,0.024330045416633306,0.5941656575683694,-0.9436621052453218,-0.5516467981056405,0.4435795344822464
938508.0,-0.8034803010582909,-0.5105249551068327,-0.021799308740257706,0.8697071338699991,-0.009322197195004156,0.4722579151257795,-0.7952051239962064
938509.0,-0.2769101354754051,0.9597113050672117,0.35585378551859215,-0.9600920145864151,0.7189378481558195,0.20804140275464778,0.8653723529086395
938510.0,-0.41915523893113993,-0.27783655796430096,0.2620393461174586,-0.698909604008602,0.4616091696548723,0.9588749546033286,-0.5140666456108212
938511.0,0.9784733714861276,0.9030101475574184,-0.40340135747935446,0.453500371689737,-0.812676062432397,0.7689210713118073,-0.9866558611367837
938512.0,-0.22922394972145876,-0.588749149361403,0.3778125233841654,0.88561200000621,0.15065928601349432,-0.27948542145477684,-0.4358716938299714
938513.0,0.4069035062003932,0.16797112321897845,0.3508649048350836,0.8233409399943599,-0.7518245413835312,0.13896099114134142,-0.6469125732453347
938514.0,-0.6219490917226229,0.07395454182126793,-0.48586299587148174,0.9762361288981214,0.8977309107423603,-0.6382905496002593,0.6756091091497183
938515.0,0.5876904233007585,0.7737369938931689,-0.43140980457565314,0.31370121523944805,0.5027815800414683,-0.944148366095847,0.6785693205071748
938516.0,-0.9561706870164752,0.6092148515372844,-0.7194500079501156,0.5070541023822117,-0.322591798349402,0.6294314368531237,-0.859483574195465
938517.0,0.738887393584635,0.7269686083085893,-0.9676269708317597,-0.8910841243510086,-0.09387644220806202,-0.38843676600530164,-0.11583627587067036
938518.0,-0.6608074112319609,0.8472869563372676,-0.9851565498565509,-0.04523077058190328,0.9592348331667453,-0.033891285465070586,0.9547015177883094
938519.0,0.7166211546699537,-0.9764729796293898,0.5961230070825958,0.9704992361474953,0.6813816636840504,0.1225243351594667,-0.6015440074342715
938520.0,-0.21596065015445354,-0.1429299714979062,-0.3528077973419581,-0.7410563696240706,-0.03859028271645326,-0.8789128092876473,0.17924814231485353
938521.0,0.13818044482406822,0.32098963830876315,0.2164553011230801,-0.22700113174549208,0.4478257636850478,-0.9736515283864631,0.3212384614341739
938522.0,-0.8135016908988861,0.6938608888460489,0.3630022744954593,0.2954533198562055,-0.00202044044555727,0.5284572982478717,0.950825048561825
938523.0,-0.17303887660326622,0.19325243933327396,-0.1171969321540347,-0.19317541347865297,0.9822746552048247,0.632735586906428,0.6612245224520643
938524.0,0.5685800865307757,-0.512833574755351,0.3384428661627621,-0.3386230133995214,0.6681138094293777,0.28716130280726215,0.8879302700707699
938525.0,-0.7151746826583043,-0.8292251544133464,-0.6590603348306157,0.4157553929130442,-0.7744989691708202,0.45411565502952755,0.22720770611868857
938526.0,0.46985323889845376,0.22606795322599216,-0.08576769978976584,-0.1213924230246235,-0.7836884906534181,0.502307248093306,0.21819797438425104
938527.0,-0.8647142155793763,-0.572825783497785,0.7608874814259652,-0.13778108976533843,-0.37241249579190994,0.42913175467897413,0.9991858547255206
938528.0,-0.22055990604877906,-0.6904428462626266,0.8336836028512766,0.7754990960509265,-0.907541269460667,0.8373033316733662,-0.2590066291644104
938529.0,0.3923407777301926,-0.14952229885629142,-0.5760576602497145,-0.7558039584448073,0.46040271760334317,0.9202095922229785,0.21452060102091597
938530.0,0.4251717946385438,0.06405285699671648,0.8841739019354953,-0.059342269115685964,0.9248071988815181,0.9044678031534323,-0.25054720492212246
938531.0,0.6674046481655536,0.2675351029188331,-0.1985140455249712,0.14979300592697387,0.5755723468159895,0.5351283758139114,0.9271392915915655
938532.0,0.5811522785266681,-0.8813940402716207,-0.5230402611570406,0.41714354557294153,0.7719510750417067,-0.1409711712497721,0.597281345720313
938533.0,-0.6571955749087781,-0.7559258486628586,-0.254054671458662,0.3785192592932767,-0.26229048351173034,0.4844023892061833,0.035801567674187185
938534.0,0.0024032280027064257,-0.7181053019894019,-0.44448743716395533,0.2641630122262013,-0.4391873845358618,-0.05621278580582656,0.9520362445630213
938535.0,0.881270904865189,0.6294137341575026,-0.1195042373528643,-0.31579812597530177,-0.4092636645190604,-0.7417175071638011,0.19743733533031294
938536.0,-0.3998865134215015,-0.0817209892731865,0.21156934924872384,-0.4802225582067139,0.47879469852621237,0.3919907992280758,-0.7360405668943752
938537.0,0.022848821353123938,-0.2667044069917175,0.09494797178722703,0.33657578924859344,0.2599689850312197,0.27340612288836885,-0.10525356589365997
938538.0,-0.4377426307529577,-0.6709380995683834,0.928146592251567,0.5948575729646006,-0.7460154048016847,-0.6802613884526221,-0.9423922966166431
938539.0,-0.43133520732669806,-0.4812618236379045,-0.06433993502040347,0.48333816299279175,0.8783854064306853,-0.26031494839911096,0.8804792960678831
938540.0,0.525649947450783,-0.11782269572469262,0.28350152616754953,0.9454560145557342,-0.41992089209347716,-0.02717980008754317,-0.9799843812093625
938541.0,-0.7802335892631511,-0.6852036494994114,0.5674523996654133,0.3789821742693906,0.9975836342845297,0.5100632093378095,-0.12347452285220051
938542.0,-0.6968238500858874,0.7673309570003124,0.26552040552680256,0.2553608253748141,0.5503821041218906,0.22858734789274138,-0.3386633590604271
938543.0,0.013492386800032508,0.17153744927972214,0.26367252227264726,0.583830525563573,-0.8672840199109231,0.05676632908164292,-0.4588470652424854
938544.0,-0.9583156359788205,0.45651911591488115,0.18319044098895243,0.6632676511570863,-0.3272966248825919,0.13584428741717014,-0.5061766892148216
938545.0,-0.02841350502278117,0.5635987100027691,0.2125456936064809,-0.6187372272434519,-0.23930971982317284,-0.9445636660996322,-0.6538188813081254
938546.0,0.42262220160583497,0.1322875289064478,-0.5342105189748365,0.20603066642433032,-0.7959729939862741,0.9424866515836856,-0.22761732528388512
938547.0,0.7038685119790404,-0.29359041300698063,0.7998991436595322,-0.861425077970305,0.8422358576737081,-0.07430376763982638,0.7030285960924889
938548.0,-0.3281346327357202,0.23626642490110727,0.46974226379007056,-0.41782848917787896,0.7713303630517496,-0.9808737407083072,-0.43315763110074923
938549.0,0.49201683039884037,0.427707235141068,0.12969712543022283,-0.7013648408863336,-0.5253983267961513,-0.7910039895517853,0.43833061838080756
938550.0,0.8090238946070634,0.1409612343273563,0.2750563933247847,-0.11187767841056773,-0.008970256390792741,-0.10302783213079203,0.48896556050271034
938551.0,-0.3808468715750215,-0.784322175309019,-0.14439974245285314,-0.8127070422106839,0.5435831816304129,0.054334699431114686,-0.40924757048951066
938552.0,0.3708711424606397,-0.14481780205079176,-0.5779095910380883,-0.579184957685468,0.2673203070580368,-0.7129865493207832,-0.8819924982201488
938553.0,0.7989961104058763,-0.0868149237038982,-0.44642595128143725,-0.632389949537957,0.9584426065709268,0.3442408526496008,0.7939851180340907
938554.0,-0.2216493823992043,-0.47250950205669584,-0.8096686771341937,0.2488060883341121,-0.43625845743236336,-0.9476798572021157,0.15317752819809272
938555.0,0.6387477736355829,-0.0329616525047991,0.3020981529441855,0.4893968537849389,0.4342047346199305,0.6328108840718694,-0.5149101454319904
938556.0,-0.2805025917083137,-0.11673309542830679,0.8192597655610308,-0.40919895737881395,0.9875974369745408,0.01683398554322668,-0.25306858335007765
938557.0,-0.80742158843693,-0.5207554628991431,0.2766696814690095,-0.20659817601281816,-0.1420480256254737,0.3794087005112232,-0.06813658179424631
938558.0,0.48192707872743257,0.7170983263325901,-0.8541353867411545,0.061198623240329875,-0.23476589218202792,-0.3380481718938917,-0.7375180171378641
938559.0,-0.02425811636566033,-0.24974314946387444,-0.518813360812866,-0.8381152025964025,-0.10355587617964068,-0.7391989966343195,-0.8780146970578864
938560.0,-0.9141285937747301,0.8045045156552635,0.6529438299905426,-0.2650922375980258,-0.3974908031173201,0.2607829315377759,0.9438500644196284
938561.0,-0.6303622938928268,0.17475696437731214,-0.2906011692468091,-0.2266281651759363,-0.4256465251587638,-0.958603285193367,0.498445768443027
938562.0,0.13776699232262368,0.6051042866404368,-0.1328146504613925,0.9296131827468361,0.5733113429947696,-0.06512902148523536,-0.3221565536174962
938563.0,-0.7489813860751422,0.1565276936818063,0.6209147374943944,-0.9763795052625566,-0.6424596353114536,0.06300049475996183,0.918466840012717
938564.0,0.13296279599380045,-0.12721758236163572,0.9565061145820113,0.9400864539055627,0.06582313783632876,-0.27328618554681117,-0.35823402615985334
938565.0,0.25725741930325463,0.044885294393434805,0.9337555671537925,0.8502447535933344,0.3720816527446418,-0.0704419668000218,-0.7236905852335942
938566.0,-0.3540759979018848,-0.5995279092380086,0.9492091033685621,0.8265318300395124,0.3536368569836341,-0.43902303548963495,0.2085363128078912
938567.0,0.3000748379616409,-0.23126496341316338,0.7017632423874391,0.17774182551745143,0.8556497794504492,-0.5248039438940835,-0.6164139248288556
938568.0,-0.12594462955883445,0.3144773826188405,0.6403045579313393,-0.7468725988644109,-0.04520093017656168,-0.27933889813386825,0.9650327359360418
938569.0,0.004901238353523407,0.1206498487682901,0.6942605837782054,-0.3295472090246905,0.20204119905497353,-0.8352650522482816,0.6670854363395091
938570.0,0.968055134142606,0.4676033479381634,-0.45315075928989557,0.9851813100248124,-0.05328143493834192,-0.9316326815994498,-0.39895991174087886
938571.0,-0.9201378976723471,0.2212940380491737,-0.2615225201365292,0.2303807011638186,-0.6760027633353591,-0.7522234230162967,0.9179600365009617
938572.0,0.2692610681502441,-0.2266680335930713,0.3877359897628123,-0.1062813332260446,0.8051352922292496,0.8592463809713349,0.7718110300477041
938573.0,0.02300711177906334,0.47181372353213535,0.3564556318767771,0.8545760446420483,0.20795769654446117,0.7341607903170249,0.3733423295245637
938574.0,-0.9074709155131968,0.6471708954448627,-0.41079085969002804,-0.8979641097199689,0.773872597594109,-0.03728210809607102,0.8515742983251011
938575.0,-0.437532006602372,-0.16706509903030753,-0.7713130834379742,-0.8838478908018053,0.9801230990559286,0.6940568410066073,-0.22835845830763635
938576.0,0.8309067615561911,-0.8499829200984326,0.3214485255273476,0.22370063284911823,0.7728876859655156,0.4858796181815652,0.18029255989249804
938577.0,0.39974665341823434,-0.1186260718776393,0.6894279397159682,0.13806900050020188,-0.6240545394124795,0.6584414745986114,0.7348432750303775
938578.0,0.1393937192161332,0.9568082963535502,0.43804491281851,0.15131574207585818,0.3941646375988903,-0.14776772328377863,-0.5889239415167733
938579.0,-0.8831272690740835,0.811657396299841,0.8271720564289249,0.49664080830405877,0.7667668989829215,-0.9455536629292649,-0.6964647496003336
938580.0,0.8287482788887988,0.5011718720298386,0.45393686685582413,0.7780886360194135,0.3424091719788034,0.24242388323918473,-0.07768962076066455
938581.0,0.03248952196831323,0.17808360881443797,-0.46081625794965575,-0.09663168285547341,0.7117952910785919,0.28721315753841625,-0.1813039165057737
938582.0,-0.647892848999631,-0.4096718347009858,-0.929855477055864,0.9959811404573802,-0.25139363572179585,0.013974793387942608,-0.7812308261496559
938583.0,0.6334296365241112,-0.7523777200278832,-0.8829867049738953,-0.3807251405276997,0.9732716146692337,0.32591403240847927,0.013008424880870617
938584.0,0.6237575498467236,0.055631638671188144,0.10350214199944352,-0.5939356829962494,0.7310667215439348,-0.15559414960993156,0.4752645180798041
938585.0,-0.46599114157897015,-0.3800828918032837,-0.29701160159513296,-0.049395802370407305,-0.440172866195617,0.780906622556401,0.6840860210893438
938586.0,0.2787601990694728,-0.1334678221526595,-0.17855286281945548,-0.18163826215524725,0.22647473739460877,0.19546960783660694,0.2784738741802919
938587.0,0.6371575695476936,0.48069920639228925,0.7248789682246128,-0.1468521194444039,-0.6738926773027667,-0.4084459916727967,0.2927727838971057
938588.0,-0.6495650046197674,-0.8921549439272354,-0.780696680614148,-0.7390718843606523,0.6589484052008996,0.1416606529827007,0.5728443982742835
938589.0,0.7488687102482654,0.435688200893658,0.44705301349951454,0.6011460017322487,0.3796608698808748,-0.18388527473663463,-0.4426242350634504
938590.0,0.56870220578465,-0.528805844346234,0.039067555752269945,0.3930927372128037,0.1256985509553996,-0.10027062259299901,-0.4382622051554994
938591.0,0.2705742694641895,0.22302064217636386,0.7641501303067522,0.8723431914349755,-0.2517560415293081,-0.7656525025107406,-0.36963539795567524
938592.0,0.7456977699227816,0.04348598248518121,0.9820058594446026,0.8363748502590334,-0.7014264237686014,-0.938275927958476,0.28025972683344214
938593.0,-0.5208024364368813,-0.34336589915726945,-0.08138109694917306,-0.14703363528553326,-0.8664773549780465,-0.38533791706296805,0.0791590315561519
938594.0,-0.8683755140838294,-0.2861058222223969,0.6577866090545779,0.7253035747259173,-0.3880711112524824,0.03772439416486151,-0.8757922802358709
938595.0,0.8666708146119226,0.5273502740433564,-0.7038858110129003,0.507443191794327,0.3279699039267894,0.609675787897302,0.9428440697364175
938596.0,0.5730450238815434,0.5460997195939963,0.8362600882161266,0.3887816420059871,-0.0492077460447482,-0.7764128574289946,0.7712813411470321
938597.0,-0.07057549300272248,0.9877959336008679,-0.41851669828531324,0.3053036670127869,0.564961913954851,-0.29640846965454637,0.14679511209920815
938598.0,-0.43312282355448817,-0.39092321544555775,0.7951924494198717,-0.6640846355744983,-0.923874489310331,0.4998446135120804,0.6535159968336355
938599.0,-0.8136518844673535,0.44991601444376883,0.9444265166542614,0.06446228919441199,-0.22598346968812488,-0.5260143425939785,0.7790827866776018
938600.0,-0.9004393147295802,-0.8301230567129718,0.44263283744045623,-0.5138452748309841,0.21617984924479505,-0.308088197034015,0.9976309468294839
938601.0,0.6191789870675735,-0.9897388283577429,-0.40072251675664994,0.24824994333932238,-0.020525957072826895,-0.4357823948989237,-0.12580241363303069
938602.0,-0.05923923011368992,0.8972148964833868,-0.3538297680922078,0.3523690823060497,0.08272460512236135,0.14698256666687692,-0.5960086883209281
938603.0,0.9549713787547138,0.8121694957184489,0.310375173800568,-0.7839685577107851,0.8935225987822728,0.35737021454035056,-0.05496456753123957
938604.0,0.2332230128906938,0.9620664555562426,0.3302796280063778,-0.28230081172644383,0.23777456780771122,-0.3098602832803683,0.20789834553458886
938605.0,0.14177516967892578,0.34942312619269345,0.05157329003312516,0.35941170770757314,-0.7385405524811686,-0.9245392932465639,-0.6993004244848584
938606.0,0.9976264492491176,0.14946625690808402,0.9405629189488622,-0.5433931990802556,0.016009171030038738,-0.23354771958683807,0.9831820212978117
938607.0,0.2645912525827048,0.08806700546906931,0.9059735805129367,-0.3870060958734589,-0.8989555518668619,0.625289240648766,-0.9474577833762978
938608.0,0.15042038100975708,-0.8169673678832989,0.20209942026660044,0.013586412387224245,0.8361671786317644,-0.7867585252299509,0.19097969466133913
938609.0,-0.17479624901101976,0.8082279233888323,0.10179193411896792,0.6833766759009836,0.3530651737433945,0.171365389712677,-0.6890564013828229
938610.0,0.8932330961563331,-0.2801606525417393,0.2534380990106566,-0.3726750058307984,-0.18736964341013418,0.6428759017644379,-0.9814175067182251
938611.0,0.45434998827144146,-0.3801583066743197,-0.5411125693422252,0.898935948185253,0.07636305257079323,0.8370363360267019,-0.6097643388624101
938612.0,-0.29482500397974487,0.4896460917186345,0.8060736455635038,0.1873833270612848,-0.3458534072121018,0.8041327428350773,0.8005976965540265
938613.0,-0.907387785149337,0.4449357302423591,0.5980971426203137,0.8686626007776055,-0.7569752063252735,-0.09400598289286455,0.31045580502627423
938614.0,0.5840254854813152,0.8706837935862848,0.2619262398952775,-0.5191794103150673,0.9992110063893151,-0.13941365621918123,0.11383189830964557
938615.0,-0.15607415887406462,-0.6100018585355549,0.0314988717519884,-0.33269131239671745,0.01889576329984033,0.1398172914160536,-0.2704600864342792
938616.0,0.4721895961479483,0.06384078977238872,0.8196454413857517,-0.9454906193220731,-0.3673341669943646,0.33511202101336357,0.5698269789240238
938617.0,-0.6384476572456339,0.45134672494112893,-0.6337735808348812,0.08170182139328142,-0.33266935598478486,-0.419578780119104,-0.9214850826847294
938618.0,-0.9019423365427695,0.6778775249355009,0.455018900403795,-0.8906412835777451,-0.15154892279549115,0.2184622024049534,0.6945711207482457
938619.0,-0.9424440674518701,-0.9245556542564282,-0.6214652592101868,-0.8903096239298287,-0.5440460921299839,-0.047230878963235856,0.9526472370064796
938620.0,0.6448027237761866,-0.4225543641261671,0.06102046797908822,-0.6860038489230074,-0.9424937207601423,-0.3975324117007957,-0.5065564986755724
938621.0,0.3304191491481634,0.9647263376637141,0.8557485983043931,0.3093495415599181,0.8245544411478232,0.6976975635245459,0.2904045151236778
938622.0,-0.07188210225756042,-0.9653663834541883,-0.6599118088336833,0.6061462830387263,-0.9530994416909111,-0.03309185598118325,0.2574696025610088
938623.0,-0.9088986349663897,0.6562233056720894,0.6942718996122401,-0.322287083914907,-0.14920347125271016,0.15791789109938326,0.8002837489824857
938624.0,0.00024483991529300475,0.2608879195894913,0.4787824278733144,-0.2903951907136697,-0.6145995478325497,-0.5288325639833407,0.408069699281314
938625.0,-0.5181847955831926,-0.14600241591093543,-0.4942209570229896,0.29505907952490484,0.6763971990645885,-0.6210254334971397,-0.6889715810668016
938626.0,0.14915723227398048,0.39795567972907997,-0.5736919727644083,-0.03944538029163058,-0.3949649231136676,0.8561389485861497,0.6842946140586443
938627.0,-0.3355809341644975,0.2855789149733876,0.7568827039285584,-0.7877046912294758,-0.0006134505728836448,0.33924536912829706,-0.5280490967037823
938628.0,-0.6904272373093525,-0.8627806034647951,0.5652581152681939,0.5997925029989404,-0.14345469300090397,-0.025022773626851125,0.40212877651148404
938629.0,0.8047771143206683,-0.5064368665532555,-0.8989230090271982,0.29034954858208595,0.6456071428326888,-0.25828444103165493,-0.23770200310979006
938630.0,-0.746664534160661,0.14873133957750873,0.5732238316043945,-0.05117928950262973,0.6482605343697803,0.32801657968879483,0.5754276892198837
938631.0,0.7781613992152754,0.6645590687635194,-0.4496558971834095,-0.4741767783792834,-0.8590157732076908,0.5008059657998958,0.35963117017502655
938632.0,-0.5880699059720087,-0.7011872368915109,-0.702686681092997,-0.5325597482314475,0.2915891195332021,-0.15100653477885073,0.8657650972141842
938633.0,0.07438523714651146,-0.6708121512670018,0.12263383799343464,-0.950611814619766,0.799775174844997,0.7456563155716451,0.532511871579211
938634.0,0.397243962939128,0.8523447644575199,-0.21501095213399135,0.9141910999164702,-0.5943952801120047,0.95643359476719,0.17540841509983585
938635.0,0.5085753423176502,-0.4993494664587257,0.2020690995489205,0.515007714057067,0.673763050033533,0.4764963228024419,-0.9568194861690436
938636.0,-0.7033296197649801,0.5010660170507175,-0.8606070098042378,0.07204884690947622,0.8687708221930044,-0.3475729668652443,-0.3949012291515477
938637.0,0.20627169355128538,0.8747149164345425,0.40422884065743636,0.7570599983022561,0.0036258857137683176,-0.4766951714881802,0.17757399829938647
938638.0,-0.3493038239569557,0.3374573517141948,0.7082303833389729,-0.09613065126412046,0.25055224453820024,0.851785612385972,-0.3777218565064817
938639.0,-0.9372278279639017,-0.8017546923181307,-0.2622285631652821,-0.04724990881194735,-0.6741748493835986,0.9223417791764754,-0.8692773959104747
938640.0,-0.5583645343361154,-0.7106074628520929,0.3948548173473587,-0.7040324998505372,-0.5401117537682227,-0.5069700392026546,0.9166873643098088
938641.0,0.6147508687822714,0.6640895411794323,-0.9623038848047669,-0.6613455827996626,0.21246721731742602,0.05907157610735436,0.8566614762154334
938642.0,0.4991789324286642,-0.4699783763748,0.526616803217171,-0.3030642792659404,-0.911209424868028,0.7892894694718267,0.8637555368394949
938643.0,0.938156230202424,0.7511661146478563,-0.43489760215342854,0.7237050530906164,0.5361461631469868,-0.7529804820492709,-0.9286596066845796
938644.0,-0.848140442732582,-0.43105045922898966,0.4731936803334451,-0.4055249246613013,-0.5673793806951173,0.018984483548632358,0.380139484039143
938645.0,0.8730770501210561,-0.820395414979119,0.023835383701165558,-0.22023014524222573,-0.7426331106008137,-0.14523522082682705,-0.9863087299429811
938646.0,-0.28833287615165637,-0.46186084092448376,-0.5283244719109554,-0.45660720587801373,-0.09475275737122368,-0.8477030280612221,0.30907091882005044
938647.0,-0.09344019131366044,-0.3714434680381111,-0.15373763253128492,-0.2054573977179981,-0.2596130830405172,-0.47748613115866956,0.8380711201918023
938648.0,-0.6255633549228745,0.2159350070772479,-0.760248384318486,0.1700167428148056,0.9980018097889181,-0.06601078494611246,-0.22376275929368838
938649.0,0.1860927065817708,0.7825075522332396,0.12084132179362905,-0.6756882422973052,0.8146805178843379,-0.6868796761390461,-0.907134447441202
938650.0,-0.8657124515526418,0.9535550889346163,-0.8388707888967806,0.5208556283786674,-0.8718454444625985,0.1253066887428218,0.05157803292899832
938651.0,-0.6516261048753536,0.03613528848449965,-0.32216209922655237,-0.9956954286182016,-0.6074837055822078,-0.3709725801532002,0.271243724328174
938652.0,0.29566214224202647,-0.29818492244522976,0.5197686997831739,-0.7358644946924187,0.31086443064877556,0.7755296123782973,0.5677320959426977
938653.0,-0.9954308083656682,0.7160513346454869,0.22321009644382772,0.05196389592491202,-0.6417775427868084,-0.593156796461596,0.16888428930637467
938654.0,-0.8799224868182116,-0.20908675539916177,-0.24253597537183258,-0.6196007173869278,0.18240822542059187,-0.8047903146072495,0.32730044492217525
938655.0,-0.8858756662799621,-0.07195793490798152,-0.15926042693579623,-0.4604841013825034,-0.017032061373420504,0.360243470832311,-0.4935828506606963
938656.0,-0.46855707613827025,-0.16546815502622403,-0.5598262426631055,0.9908231385013138,0.5182318588765398,-0.06519895222645222,-0.0447658604499237
938657.0,0.8573057366104433,0.5336834333764948,0.30171105502532414,-0.40743037982385366,-0.9433234103183297,0.2586780343930206,-0.06448157782189834
938658.0,-0.045519541239794625,-0.786530697721942,0.552133722375967,-0.3292547406548072,-0.3617906594414182,-0.6559870376781665,0.8949054699298071
938659.0,0.0950991721513963,-0.7558271751407568,0.5841495842511923,0.8506867451786571,0.31476745334782974,-0.42589609806519935,0.4343489367802009
938660.0,-0.2525238232643525,-0.7565968444155529,0.7760565853286203,-0.6157434957242491,0.9477968991805721,0.18087518071679143,0.4268846129031869
938661.0,0.7440005733893327,-0.11228973794504693,0.7104542820373019,0.4405105190335521,-0.4075191237081288,0.27507273735842697,0.7211478652772441
938662.0,-0.565952495226804,0.15286217196814267,-0.019945403148990515,-0.44350587209522296,0.06809889289885951,-0.91336320819761,-0.47196665215345357
938663.0,-0.6753620190405443,-0.20181940454948566,-0.43719830068055376,-0.8765451409474341,-0.19024240250404345,-0.6942830016243151,-0.258540066631054
938664.0,0.673335498681938,0.37838145027527315,0.6491176097242661,-0.8055824764078585,0.1553781516899173,-0.5985449957704345,0.4031669638876447
938665.0,-0.1767883775536756,0.6511093585228549,0.6895042016037849,-0.05335213690661167,-0.6371313444913691,0.5495831780508325,-0.6581304915093211
938666.0,0.637053543786803,0.8223141661754025,0.7999681142982253,0.1105245898339835,-0.5532686019576065,-0.5978885112884644,0.24960092210036122
938667.0,0.9249503526814522,0.6237495135426232,0.24971632546208133,-0.20153604751511178,0.31331869817279867,0.9622357075345176,-0.8911911307467
938668.0,-0.7525778460337336,0.5288106254679077,0.6531185188809399,0.990008424364214,0.2265909611177166,0.7585006985222063,-0.5485673217526132
938669.0,-0.7917314515131222,-0.2773777994961444,0.22386111002806386,-0.9092413940596897,-0.6561888830439011,-0.5870177577596016,0.7965193266333672
938670.0,0.028219637739181014,-0.7472795213200394,-0.930445124916,-0.08027211491613584,-0.3761597583282228,-0.8495507604318369,0.5287248195804519
938671.0,-0.5111965296881118,-0.409674096838208,-0.7818874471079829,0.6196922664493425,-0.6983393267545956,-0.3024235127631436,0.3947501203466206
938672.0,-0.6741728661616513,0.04515925443012536,-0.8124219030797488,-0.9532692839379846,-0.4740035520439818,0.16306967961222374,-0.191021082044726
938673.0,0.39667149157203174,0.07902701044098359,0.7295141542160819,0.512375920337236,-0.8809306713621701,0.6378428027328082,-0.31454982530680775
938674.0,0.6961116014036193,0.2817370435118365,-0.08912504316413128,-0.07112176815587468,0.7868428250478348,0.7958941942559563,-0.6425963351331208
938675.0,0.2625364004003934,-0.4513711105901135,-0.8405160730521175,-0.2781708220170074,-0.5848296466812324,-0.858092080692809,-0.9035806590045175
938676.0,0.42129956692320936,0.1668735585422989,-0.033140956779903474,-0.45778627596983656,0.4951286231257519,0.9409345699109801,-0.8836088833991689
938677.0,0.1667778955755035,-0.7368456057273263,0.4462044530645799,-0.9249783805249898,-0.9602809186693597,0.2197241525269269,-0.009107311523615769
938678.0,-0.7948509983783258,0.32801523992753934,-0.891467070555213,-0.4782879755274916,0.08600366710821827,-0.9639196190180188,-0.8809370508600756
938679.0,-0.21335198189991877,-0.15554383138412997,-0.4336225296702565,-0.9710582743339313,0.744250571042282,0.567784310523687,0.6265987308476784
938680.0,-0.7637873607167458,0.9830901736735413,0.2725638851902661,0.1912933159364687,-0.9728866571056565,0.8028578897921816,-0.48436453759953424
938681.0,0.46467908705557726,-0.42812861881171793,-0.24572181164370566,0.14970276407983496,-0.1256409055415053,0.36519807391781134,0.1299216554224769
938682.0,-0.09368577786608867,-0.016883993671530373,0.6455901487155222,-0.4959313552571767,-0.6509805962029747,-0.2868813168844251,0.2688369827269801
938683.0,-0.6238623010221878,-0.6063459106013509,0.711937217844768,-0.13903403446222073,0.09758402695549484,0.3522801270195717,0.9881957142913498
938684.0,-0.1247261048550834,-0.3812360461470772,0.4596641674965871,-0.7557034778142955,0.8665571431768819,-0.8505747532015742,-0.24031108306608484
938685.0,0.3328038771286155,-0.6338780202680285,0.8670979360316122,0.846578388652905,0.489057421555821,0.4549714265193274,0.8225127376255457
938686.0,0.8343224666023763,0.16831308542373558,0.09511070528935606,0.8334456012194138,0.347082485938665,0.04846888961848439,-0.43313766170701085
938687.0,0.12238914909432985,0.7920252860713621,0.16036383554035072,-0.43248960291657257,0.1731314100954673,-0.03483053209710918,0.8347913912723508
938688.0,-0.11980014499725988,-0.8253967025141993,0.08462597897166213,0.28029382084911525,0.22572186645816283,0.5155658608699167,0.39928902402831734
938689.0,-0.2849869286942168,0.33665650431073346,-0.3709849208185292,-0.9227032071910577,-0.8326496525657177,0.7563565197159563,-0.9011660369549404
938690.0,-0.688379354007125,0.4467497043735644,-0.011626014153388375,0.026333016152969346,0.9728199412754577,0.8268208134103083,0.3530340952068072
938691.0,-0.19494882453004858,0.9219848396119976,-0.5314226253662724,-0.15742393405009403,0.07431800430422775,-0.3566352843134728,-0.018871858657653062
938692.0,-0.0012587543282924774,0.3684695528852062,0.31903034423882426,0.7954790109753482,0.023751943583300905,-0.700852110733172,0.19538492749824177
938693.0,-0.07871142416622257,0.6588307523239587,-0.06485980618406595,0.045243530132059506,0.7468878473511793,0.76104549096883,-0.8111232520976579
938694.0,-0.8495708478261066,0.6988122675334265,0.059338651050417246,0.4396708411689412,-0.3209159614132373,0.23590502908923083,0.08760852838613364
938695.0,-0.3979637505497131,0.6229294158999541,-0.5954721411528916,0.8870110888532059,0.14380951531645003,0.22064537892782332,-0.9383027236358601
938696.0,0.09292119867701287,-0.6070157603901842,0.8300364665711943,0.506063462641289,-0.2378866802663595,-0.2721045886136908,-0.05242764238685327
938697.0,-0.9980340463403878,0.7291157798974086,-0.5581201986788782,0.16016514887142508,0.438381442064361,-0.9081949177699213,0.678435036465528
938698.0,0.1764095716916052,-0.7793084372238275,-0.2890391359646556,-0.18600676679713812,0.7921547470851151,-0.7913059168575298,0.8791769993187737
938699.0,0.9752897228734678,-0.5329048273532357,-0.7955329052502473,-0.760157364164179,-0.10100717331825937,0.8087558692718846,-0.22182749035826332
938700.0,0.35581566693478583,-0.556203332995906,-0.9890404650387572,0.20077948099063647,-0.7604550776529295,-0.3116582707320663,0.36754129154853765
938701.0,0.469181881316761,0.1960592321638026,-0.4978913072023965,-0.8175546979992321,-0.44585455358384296,0.8317589616996521,0.3702981017113234
938702.0,0.8741706195823187,-0.23719987616850657,-0.43258008709357676,-0.5274863660280058,0.0047088676387812,0.7046575614817456,-0.8514646934674241
938703.0,-0.7588149642069884,0.7081502121686927,-0.5310343509024074,-0.8787795897985884,-0.98600740851934,0.0168187524008947,-0.34566815835704623
938704.0,0.8949620140976371,0.9174150164741062,0.7533635708369864,0.9346273928115056,0.4095635087154972,0.15692222943913947,0.5367889795091387
938705.0,-0.566119826249067,0.39927841498555194,-0.5468137941571476,0.3504704130591427,-0.8118902751213251,-0.2785910635580695,0.4493903917769093
938706.0,0.022234435793558882,0.5458136281919783,-0.13185331515732646,-0.8356855958372307,-0.05312318130759963,0.5505499072936082,-0.7185431480973266
938707.0,0.43548891484449403,-0.6462768151249618,-0.05733096700077356,-0.030198045979525023,-0.11089658720487483,0.6533263312066289,-0.09187020129839052
938708.0,-0.32484683249080315,0.5924982964796672,0.7742602898564257,-0.1546912991371192,0.20401469253862126,0.14563415270414515,0.5360174924350674
938709.0,0.3438456054889394,-0.40178383252836114,0.8187829078475108,-0.6251751548801634,0.4143513098474534,0.5994436023088219,-0.21512391413930554
938710.0,-0.9413572426948067,-0.6365493885218159,0.5555474096279827,0.1762576812893244,0.08640365643385617,-0.9503500760574379,0.6832472981466191
938711.0,-0.3908634271012623,-0.13335673456389685,-0.6117896818409165,0.43548114504965496,-0.9578078654816875,0.4445211846185533,-0.7755084298937409
938712.0,0.2799612471656612,-0.6355030890848874,0.46116665468970286,-0.6893878697050437,0.4031763997609723,-0.09332842528327179,-0.07453123569728515
938713.0,0.7896833068397977,0.09792248065822196,0.7586902024587241,0.10910918195570973,0.6590220538556764,-0.2159681114843941,0.865692779234079
938714.0,0.8998426803699131,-0.13667242265281532,-0.34921309013970725,-0.9473841907729732,-0.6206056814050989,-0.9671289894627122,-0.4019506227075966
938715.0,0.16371130228757091,0.4685921608045176,0.8944637099271233,0.6977459994473458,0.8716230597856054,-0.5679769163881896,0.8435589695717824
938716.0,0.34862609501998554,0.39536062808836103,0.6579361641720425,0.0411088083639215,-0.7829487982105581,0.8714550801140204,0.1004339639214169
938717.0,0.44298143431398573,0.4822368268943664,0.11070318602059293,0.16440812775735614,-0.8090882168832245,-0.9534236133914054,0.7597072108994893
938718.0,-0.3479850567079634,0.5811564145133297,0.8420891758881637,0.46842968833191234,0.4043598411493068,-0.773946996642308,-0.4949786445837132
938719.0,-0.6368762499407801,0.077418323147733,0.6146794687195272,-0.25724060239293434,0.24869766703982688,0.10097852940206686,-0.8383751922104112
938720.0,0.6787056193586698,0.291611312455317,-0.12360720509153866,-0.5983607605458476,0.7363402669665311,-0.8316433622756263,0.7259748106245807
938721.0,0.35506893198509637,0.27961086116616607,0.40953526435771725,-0.18295946074982594,-0.46706243106679324,0.8732315978771337,-0.8317241984204917
938722.0,0.8620620954323637,0.17024802031542596,0.5843854595278857,0.8690877015173097,0.35210034764345477,-0.3105257395005008,0.814549942144281
938723.0,0.5903663915811306,0.4158754605424908,-0.3693631215180486,0.7810223691897016,0.6852234174794405,-0.3451895292195084,0.4038023352889064
938724.0,0.29456092473126105,0.8777082831157033,0.4878984960272663,-0.9978736794360201,-0.8393459919810704,0.869518263115211,-0.6277617479545894
938725.0,0.05930464787880241,-0.7785159321291664,-0.3034264248239744,-0.05976949834087475,0.4753846728426332,0.6924708364892016,-0.9471203974706617
938726.0,-0.7341619494755638,0.03590632857508247,0.8749695608661303,-0.6162912929169706,0.7000921555992554,0.7575034521110331,-0.36722742038513867
938727.0,0.3150663146024122,0.5429032509069218,0.36992677869619484,0.4478854880872398,-0.8232780212090414,0.9906905155749246,-0.11391960886863517
938728.0,-0.5875154202682635,0.6495911192211896,0.16519476858909243,0.6575437384057015,0.33922879037216647,-0.09577934300575963,0.368020170550738
938729.0,-0.7219583655441966,-0.6980732284105262,-0.4812630411686767,0.17158858602993932,-0.9097614661395528,-0.4231293330874901,0.012269696512713146
938730.0,-0.48519858271905636,0.649211636586023,0.5369688099809924,-0.1562900086690835,-0.3326854883798589,0.7987384636924726,-0.22982049651320224
938731.0,-0.8362980253096024,0.831562838572645,-0.30121039211323986,-0.45662793953707426,-0.8776688213790478,-0.36618226714407465,-0.08889436213809931
938732.0,-0.07572849608754129,0.454284898433188,0.04481706941048769,0.027146841939376998,-0.9146164486201218,-0.5819086405062759,0.31098186700826314
938733.0,0.9805454973785368,0.1951347805379462,0.09925540824418788,-0.18728188861876105,0.10754806135194062,-0.6180942365965281,0.4675108714695173
938734.0,0.437513458363187,-0.3916805552225737,0.7818674710497366,0.9546458600525713,-0.3853640094526196,0.39356781915187233,0.22530581173821695
938735.0,0.24341235541192252,0.8965104694321437,0.23083280219490532,0.328901947337106,-0.6252652994961438,-0.30238010220890543,-0.07022838652031416
938736.0,0.7080590996059783,0.3446398019716248,-0.30145318288180345,0.5272415009234397,0.6252742972234828,-0.15852641321262517,0.4766378729024412
938737.0,-0.6287892896140883,0.747458361728528,-0.4010721213635273,-0.8106867850250774,0.3356827252066763,-0.6227503696689733,-0.2527015750071897
938738.0,0.4794443303921945,-0.20714025015426696,-0.6896723993620806,-0.7777885090322558,-0.6271503551322077,-0.744179132125548,0.9066524044280846
938739.0,0.05510445062693514,-0.896559568717858,-0.8729279747718819,0.557214816907426,0.24754742654755324,-0.6354089931587237,0.13278227866317227
938740.0,-0.09906651217821572,-0.9617272958673562,0.5112973473289468,-0.9307581358213122,0.9353262463198622,-0.8941607754832523,-0.910682110110894
938741.0,-0.2178162193450739,-0.051060816158100764,0.03576822811262037,0.34859363548206357,-0.05820123645687292,0.4430495154450851,0.9015408458077336
938742.0,0.01603111929841239,-0.3880662789949285,0.21617831799542575,-0.6416017269314285,0.40047445497306766,-0.9509556178589418,0.4212194450718627
938743.0,0.28490222532108134,-0.09522119229654447,-0.14173395890955964,-0.5259928534248868,-0.3498944076615529,-0.5132822188572936,0.045005049049975154
938744.0,-0.5294357510966168,-0.38978671478550253,0.9119425834220913,0.47472811955824135,0.4459185304347997,0.45775861180068,-0.23897856815009888
938745.0,0.32539472350034715,0.95801600943788,-0.8515581151392306,0.4210392108410801,0.2729869786536787,-0.2008568472500687,-0.7899411287186233
938746.0,-0.9096321512086674,0.9243660160766032,0.8407706202270391,-0.39754573520908765,-0.27243528019141183,0.12404190956944627,0.5375809754587564
938747.0,-0.060092291229472794,0.13763004780731158,-0.7177819985481446,-0.6655373673245437,-0.37898119415909126,0.2921058149262048,0.8152138038649999
938748.0,-0.4644098932744214,0.7392316062929289,-0.11875741557743269,-0.44443869833779814,-0.6902582495933496,-0.5083345197222904,0.4944044270900285
938749.0,0.06975249868696931,-0.4408026786394219,-0.938765565295945,-0.46801220468562055,-0.24145361991913306,-0.16677610081532723,-0.07663005676822077
938750.0,0.9621334073209793,-0.7204461871084626,0.25091573126400557,-0.46538209814566844,0.3203999730595224,0.8926978872983888,0.571943057598157
938751.0,0.732670809407266,0.038973173252575766,0.3006430201893393,0.11986200081332798,-0.34092148326070904,0.5981110581940541,-0.9017848397170785
938752.0,0.48287084546906645,-0.017973242742662432,-0.9951569562391396,0.9081285647938853,-0.2854420502916013,0.8768365095332766,-0.4281472573238634
938753.0,0.7915530434360432,-0.8013897396116845,0.07461969865087448,-0.7737295071936219,-0.5942793313225188,-0.03417295252127084,0.1444963076143686
938754.0,0.7028589969564782,-0.5281814433449004,0.5107432983680049,-0.024146150526167087,0.5379561246427254,0.7348047473361878,0.7424962932860097
938755.0,0.7700101770148284,0.3751588272346411,-0.5942821843946582,0.16120395422716616,-0.8591148598790668,0.05397070327965259,-0.9247334599605097
938756.0,-0.6053398583530147,0.7771366954279209,0.4389946253841601,-0.4316482446996497,0.920306614828134,0.7743074814009274,0.6932699470066988
938757.0,0.256579064325559,-0.6356534492081034,0.3342403306877093,-0.36573498271175686,-0.6457246968261889,-0.30284280636974836,-0.7781051530700824
938758.0,-0.4429788328248161,-0.03807884757732638,0.8622198177971174,-0.5864852403924705,-0.14584730896454556,-0.7328715992780963,-0.23107808620674586
938759.0,-0.19515731621746313,-0.32217781654692246,-0.7978440981627328,0.9118873922604254,-0.5920528439208848,0.305175116608289,0.21078648413283285
938760.0,0.49967156599280194,0.9224342854289154,0.40854410085625203,0.1417433555301877,-0.130714034331324,-0.09832141516679482,0.28567902339736007
938761.0,-0.9810476915927824,0.7081932256488397,0.14169163478570113,-0.8382459402881246,-0.7884250894784441,-0.6566960189364255,0.5344068229087946
938762.0,0.86213202673573,-0.3117044659327619,-0.792852237646213,-0.253198240276421,0.7336924881099136,0.5416572364580119,-0.6856822067739425
938763.0,0.16115225677083567,0.32225497696640004,0.9606373203101715,0.7979465631131912,-0.16755500542115986,-0.45510091431804023,0.7231381338192957
938764.0,0.32698407829540543,-0.9288270022499836,0.4786853950709502,-0.5660734444598674,0.34728266327735025,0.6105135435443094,0.29548142161308255
938765.0,-0.020734326626696165,0.6910368183243663,0.6175703388444331,0.13921524980817535,-0.2870301972873819,0.19054677596008163,0.8311127248881096
938766.0,-0.7791674558145161,-0.2022464742719836,0.10678024891202664,-0.5366348491437634,-0.3149932296630693,0.7703714054502131,-0.18153329372588622
938767.0,-0.2929162048686773,0.10007457065900116,-0.07709019799914296,-0.5249932908300106,-0.8241523440766791,0.5095260406527748,-0.9329120300738607
938768.0,0.231591214953764,-0.9231306241781048,0.9780331054977076,0.9343458414393997,-0.0393546789122976,-0.788957053302515,0.4886774688263955
938769.0,-0.024624610104504008,-0.1126386390247962,0.8011089275403991,-0.3323710484736002,-0.15501821459353016,-0.6217504282651447,-0.44104072705927355
938770.0,-0.21003823164788016,0.6477922360540918,0.4053899533176666,-0.9281216712708522,-0.6809058623899076,-0.9458550137564088,-0.11132274029952316
938771.0,-0.12787585125751244,-0.5768806361914312,-0.45767577206314036,0.27558710063200564,-0.03205873457499253,0.326023025050042,-0.5786320770614897
938772.0,0.9191740075909254,0.49890980411056307,-0.20646516066038845,-0.6643742481619535,0.1409327939576479,0.16313440955298963,0.24148589497580297
938773.0,-0.4401080972133029,-0.621487186349089,0.46478009270211285,-0.14052506535767906,-0.6984756237688368,-0.6402133771947467,0.5455774784434297
938774.0,0.4469585654034893,-0.4355019570863037,-0.8052657363837754,-0.09769917986794296,0.5191240631479137,0.053957565146494746,0.4323217330245248
938775.0,0.2257581493362446,-0.47618795831760674,0.8551083953234866,0.195013897580524,0.15411323046622516,-0.5392766872444816,-0.1440459308051536
938776.0,-0.6124725589909588,-0.2719341356738689,0.7429689938357285,0.955674846114402,0.8841401497718617,0.022640356012727514,-0.9357831259483231
938777.0,-0.35593587789105285,-0.9960058978839867,-0.615077546019732,0.8143429577456536,-0.16869696730053296,-0.7590943277330686,-0.18507111674823662
938778.0,-0.22503706185849448,-0.18885116980276084,0.058233368345080416,0.2812779949397506,0.2925061165259648,0.8273547963647803,-0.41019842851407295
938779.0,0.5362692934347713,-0.037341261472508824,0.6094953015993994,-0.985785870556507,0.49072454266735477,-0.5507846786907962,0.49209692505025937
938780.0,0.5714723186826662,-0.7545108626981718,0.5774890086014592,0.9386183210452328,0.5391456301888582,0.34438331171772374,-0.5052532006049604
938781.0,-0.028093896523385675,-0.746073476332175,0.7067208109584682,-0.6988885673605154,0.40293045553146434,0.04399640576678032,0.5347146089886192
938782.0,-0.6467378608968439,0.7259077550564694,-0.22607876140440641,-0.057397776638580256,0.6310147738602985,0.71656729259768,0.3671027256471493
938783.0,-0.9464052291454423,0.24488305904860086,0.9112672001454618,0.033499211325528355,0.06298357701940915,0.8546342216012688,0.3300039547887643
938784.0,0.4746293306672731,-0.43773506538659723,0.30923693906211747,0.45995468427904274,-0.0022088522959531343,0.1039771006373833,-0.2935477003058997
938785.0,0.7864286934410267,-0.6210616435141216,-0.46613981261760506,0.7740688425060638,0.04802742928510262,0.08109428430079135,0.2596372860202554
938786.0,0.18941032927875723,-0.06133907232623148,-0.29725530782932874,0.15867148107775741,-0.04599335255602588,-3.2594670410723836e-05,0.30034949832783586
938787.0,0.18546674074356884,0.08907790394482173,-0.42642027121773474,-0.1395578981940062,0.07528324896829353,-0.6909383447517203,-0.02426647799972126
938788.0,-0.5967240678563086,-0.10282891903183877,-0.3266250560134527,-0.5540270596800219,-0.8319596293090261,0.5811213907493009,0.5822282160802532
938789.0,0.20535338397609793,-0.5786318984608316,0.7136488422112306,-0.13367704606742326,0.21809605138430532,-0.6993062927750275,-0.6134298871543933
938790.0,-0.9887548080903394,-0.5588608248620968,0.43642275015773624,-0.6605106924329107,-0.4521742225852299,0.8636458451103122,0.03108329969520396
938791.0,0.35943359903425076,-0.03935809612479502,-0.6606183011364108,0.3813929177516113,0.5728996496000174,-0.5047644661052051,-0.8064708991925402
938792.0,0.9834059557295116,0.11964747674086351,-0.9286290141614182,0.4497507732511856,-0.041517113918342785,-0.5323535733709359,-0.7806434828510762
938793.0,-0.3590613434837844,-0.42068439247773837,0.10333775631760656,-0.8294317637462416,-0.7972917113287665,-0.8700913571841873,0.34594897636566313
938794.0,-0.3923526731196758,-0.01811894635073319,0.852576062494443,0.019166951615889216,0.7882919790596106,-0.2937290154487944,0.4275650356169929
938795.0,-0.5162922100495695,-0.3437916223248789,-0.8246663507957461,-0.16709112553884142,0.6174540842674141,-0.8248422132444475,-0.04456859487708842
938796.0,-0.16506037875967228,-0.5776990353864058,0.4666929229846235,-0.8092196372512923,0.10570592953268343,0.16269684628807624,-0.7925613458493426
938797.0,0.9409735765722296,0.7298868935076372,0.1949510260650289,-0.285008577881561,-0.7176100425207073,-0.3323783030020777,-0.5803324220321537
938798.0,-0.2724837349434712,0.006396322876839777,-0.11130757350903742,0.7990195990603881,0.9346432393943063,0.6933598970341492,-0.6320822398415555
938799.0,-0.49572339879821037,0.47023627222358666,-0.06371240251473598,-0.8776089083498808,0.3121927482907172,-0.43677440035168047,-0.925354812510216
938800.0,0.4268121748004834,-0.5760250880335094,-0.22852431657062944,0.4432677519349577,-0.4075089859531871,-0.9245042846193012,-0.1316364783031616
938801.0,0.00855000670672057,-0.08489198619879734,-0.685906750266724,0.7120035761527166,0.6601612036652749,0.4593537730531161,0.5558793281774312
938802.0,0.25794905428706016,-0.10901459945524516,-0.7514869256440784,-0.15497785493061134,-0.8751144384466756,-0.5903017548542127,-0.05356456762229178
938803.0,0.0016236635658108955,0.1501910714168062,-0.13812178138939846,-0.9128014968756304,-0.25841119774030186,0.6410020214223493,-0.4450232798660705
938804.0,0.5665136710125829,0.18945976763099814,0.8422070061678031,-0.5159307720114432,-0.6242999566257594,-0.3444682291904668,0.5921042526587714
938805.0,0.6085040142320952,-0.3539963347225543,-0.8624680289532991,-0.0265016363341688,-0.3468918384245998,0.181306539526904,-0.5990647382347885
938806.0,-0.5652404668195892,-0.9114067991850245,-0.07659924879969915,-0.45009994820188526,0.18446820325127322,0.4405944854814987,0.6189115095131394
938807.0,-0.18228797229993976,0.009951483588542809,0.376044399305256,-0.008148750056377496,0.5143327419271744,-0.4693810858464815,0.826014290155864
938808.0,-0.6856022765637781,-0.4249723853556888,-0.8982522735768312,-0.7802190948886292,-0.8979014376033037,0.6247243012714911,-0.09619186427462822
938809.0,-0.9412042035192891,-0.6852576472098773,0.5262470875720431,-0.6113090857649233,0.4607849248955562,0.2668761106135642,-0.4703994226005699
938810.0,0.9170906872544748,0.2043418516456108,-0.7560228783171894,-0.06416929621354339,0.043924855260758955,0.0039439973756278945,0.026770348180247927
938811.0,0.7408543132356245,0.5988065098831039,0.9555732346610586,-0.032970711995744084,0.9214981747633895,-0.8362293908476028,-0.3987650291081035
938812.0,-0.4025732996559037,-0.30748756627017015,0.6613153076159832,-0.9345842709914964,-0.6538418336591207,0.9895725087558969,0.7440371172415834
938813.0,0.36844554702793886,-0.4768978040875256,-0.18744431311831766,-0.595875124145469,-0.6475077423148303,0.39908936205128764,-0.4404401912838203
938814.0,0.5938640710425764,-0.4693080499029807,-0.985811226472419,-0.09697874977856502,0.7563339888253175,-0.6206394630702916,-0.15002826411641834
938815.0,0.4118026816202758,-0.43396917411178215,0.5028529135193363,0.11303847107988019,0.048110675371928036,-0.004733250452018112,0.8727830090390256
938816.0,-0.13308772676394565,0.2860416479355101,-0.408064585169728,-0.2912804123067576,0.35071130540853335,0.40279226727429096,0.9545136927033948
938817.0,-0.08331745134427404,-0.11535566860509294,-0.0833951417554124,0.9289452171409995,-0.9903199285395443,0.9666620257751553,0.7579954879404569
938818.0,0.04271469206967038,-0.16623424347960158,-0.5813048078933403,-0.8200658837039478,-0.8788233007233466,0.5176348906708308,-0.5080678721026033
938819.0,0.015663259756060866,-0.23108985360513068,-0.7749973805315407,0.11126434439154398,-0.13832455651167685,0.8464963518117063,0.8406764294438815
938820.0,0.5447454105521528,0.6916382961490675,0.5892807019501498,-0.8165643494584811,0.6045939058382668,0.20996633399839104,0.44444481933762625
938821.0,0.4415078250253006,-0.092603307460706,-0.3627396974352908,0.5677636504387142,-0.8080357198759542,0.4906924241415287,0.37724421256310525
938822.0,-0.17982953954023628,0.12881024396388208,-0.7228123365933208,-0.5246060350785127,-0.24288195208826813,-0.7569264084456313,-0.7314470784216214
938823.0,0.2939779922003647,0.22107398880666307,0.1352109189173012,-0.354287192570496,-0.5440804792342584,0.6947753452280827,0.8538533013376168
938824.0,0.7649797963259062,-0.8374245325257403,-0.5947809555879513,-0.5109759905245528,0.6587163128360161,-0.49266704035089526,-0.8754965228099154
938825.0,-0.5341434430680279,-0.5269542004383536,0.4431687844196788,0.17032068593278393,0.4424391114527608,0.5969281488754818,0.6272056351025783
938826.0,-0.29487147478997544,-0.4076252719428921,0.2867485040874109,-0.6557623540024118,0.19998235001960163,-0.899788610598764,-0.7927586905483666
938827.0,0.7287711460779092,-0.9958716441238689,-0.1797350032135192,0.6395569502570122,-0.5315748042384414,0.6132359256550033,0.2586203717825175
938828.0,-0.7181501094195781,-0.9519673015795616,0.6018543752610657,-0.16018278408442832,-0.594299181022969,0.6918323245316229,0.4438343824520137
938829.0,0.9663150009305166,0.8391977171580853,0.3304053879810678,-0.27088126923483924,0.9152934180291761,0.02184810481672428,0.4571161850642016
938830.0,0.6255655548365096,-0.29901687935853416,-0.41482067719271276,0.4089818500195095,-0.6455291195222492,-0.11725492603822119,0.6964108562455993
938831.0,-0.5651530451205464,-0.9296413874180782,0.8762586621474284,0.031066338474829758,0.37110967718058196,0.5249546459493306,0.4365773976570173
938832.0,-0.6293522042852957,0.6995951018238067,0.2776385882814085,0.5182735026538641,-0.37921324657764743,-0.7420705325596024,0.7262529906128008
938833.0,0.5523455951345284,-0.9963894618337052,-0.679117413382512,0.4014156958598307,0.3856229737098211,0.3333405224403936,-0.12469888602533419
938834.0,-0.14812064760840649,-0.408311954856295,-0.7725677641572517,-0.9729019437171211,0.25263975729652044,0.2591073500009855,0.7975083466961299
938835.0,0.9056613123666541,0.6292090550587635,0.6829963165799833,-0.9001990244157636,0.1597680870589122,-0.9076187744808886,-0.6539803744174717
938836.0,0.18373049233835181,0.6912383804287117,0.06576495972219742,-0.7503857995169232,-0.9749867757960737,0.704600480547594,0.5725311297934339
938837.0,0.5791341220540129,0.11415928714802326,0.6447729312727539,0.3430027044473647,0.2294309073039673,-0.21950992281505455,0.7909174894239466
938838.0,0.23169030977706173,0.10370309827953328,0.9701475903861343,0.5432542859843297,-0.3390478650684505,0.8019806416080113,-0.361641464253625
938839.0,0.8027467921095197,0.840382330303928,0.9756968385458928,0.21023296010349668,-0.20060625470503868,-0.621102572575357,0.36216273997999715
938840.0,0.4543960390486066,-0.7438270854155757,0.17373246906256945,0.9462578551078538,-0.1960909793357144,-0.7100866642169776,-0.8092937427026536
938841.0,0.23864977355485273,-0.11174654062557154,-0.34332724279255555,0.3776358100708377,-0.9541971206044195,0.014049140252531123,-0.7469449408623263
938842.0,0.43529492429668815,0.6272852133212365,-0.5107990216046472,-0.3070513654511713,0.8658964081295859,0.4388846048129251,-0.8190566564123394
938843.0,0.7130366572150895,0.5792634356156932,0.6157812880261218,0.5736201527655063,-0.34386572002638593,0.19311275261964123,0.3644781028421371
938844.0,0.44521487293555895,-0.27366989552623333,-0.23288780735796766,0.5332755928411848,0.21587280046434087,-0.1377665174710765,0.3365390189647084
938845.0,-0.6751967555137939,-0.0827811973305399,0.28672767424685275,0.4643107420401331,0.06916215387484481,0.6748909681288955,-0.36436926976750716
938846.0,-0.7626163064867906,0.2436792114980364,-0.4270489111685687,-0.7584688507568602,-0.8663007600535135,0.6617288138366508,0.4652278222010484
938847.0,-0.7590668178769175,-0.18323694896604725,-0.9929315400189049,0.04124426869144071,0.7759994158599162,-0.5641986253240434,-0.7031874776976621
938848.0,-0.2472590935733685,-0.06775626681366043,0.05194107614250876,0.7316416752383299,0.22227188445838264,-0.3707221159899121,0.9956868444542721
938849.0,0.3946170235784241,-0.32329489815108436,-0.6584868181129606,0.7978382771566113,-0.7037062713124975,-0.400502991185965,-0.07540108544036528
938850.0,0.6391790293244548,0.7369570063538213,0.5324936638475259,0.8577945324644605,0.24190748132330597,-0.9647416448863273,-0.8900952953640457
938851.0,-0.7495361011916486,-0.5483267846982078,-0.7823474388891216,0.41816143351849555,0.4537087600731884,-0.5705720884639531,-0.24550239222672676
938852.0,0.11664523438730057,-0.8043294315359406,-0.7375589423318039,0.6053160244190077,0.5207407186306379,0.11344488214383897,0.6353413035220459
938853.0,0.058682266477495304,0.24613902318251402,-0.24771807668346435,-0.4209559419569393,0.8398745090531081,0.8158419480535308,-0.10438335064987636
938854.0,0.9069388145082307,-0.03891402732397031,0.49398767856776216,0.9468862815411392,0.4010137535219438,-0.22580399528510453,-0.962120052483507
938855.0,0.7205896849414721,-0.6287565892859761,0.18325788374854346,0.1441694103510196,0.8605874698039575,-0.5458963805140087,-0.008733830418391042
938856.0,-0.43660306621200995,-0.8129869295804599,0.873954181863938,-0.35878215825770066,0.6846669272259773,-0.7955943516462431,-0.7206536333401772
938857.0,-0.7593306783277296,0.309220467317334,-0.22346581701413992,-0.928807190388083,-0.46289060671903437,-0.2154189236922428,-0.2366621263709383
938858.0,0.5787443938113024,-0.09048141298962054,-0.7299788520819976,0.5601271669452978,0.6065784979257969,0.11004433133944835,0.9944830052184288
938859.0,0.3767091096661763,0.5739416368607286,-0.016836880339886395,-0.6425570020273483,-0.9325529763123936,0.9722368018630758,0.7047882773554417
938860.0,0.9552708380769726,-0.5784527828802681,-0.18412979840890387,-0.3277292331883692,0.8854229202479114,0.2495227762736265,0.6626052991106859
938861.0,-0.8389420017142002,0.049108220659604296,0.4918040887821302,-0.2837471870102295,-0.5339292156258295,0.9650603537228624,0.8956110083561175
938862.0,-0.23695213565616213,0.18872650472975128,0.547157255222203,0.8511314327989115,-0.47480464589901006,-0.6644909984433556,-0.6842042805395179
938863.0,-0.5791354137365841,-0.057293007184174405,0.31290310422460554,0.29081905529639274,-0.624412800659055,0.9531232697022545,0.5140435700736294
938864.0,-0.04756701135157493,0.522978815372031,0.02600309421104252,0.47458134216756465,-0.29973319676638943,0.2965346744700972,0.7192673667504421
938865.0,-0.101838557803142,-0.8710302573118831,-0.27194866937930584,-0.15159508110382602,-0.05478677294819212,-0.2678905228708377,-0.34728549555860067
938866.0,-0.05730882947154736,0.19472884276853342,-0.39434500579110643,0.1495547706360023,-0.21028388622412297,0.45168816011404145,-0.9014872212932625
938867.0,-0.020889374552292894,-0.32733526169714366,-0.225626795543157,0.321338339482252,0.4473682207289267,-0.1705042094802678,-0.392151947438254
938868.0,-0.8128471260591839,0.1784018966033738,-0.5242619445326431,0.8603214159317358,-0.3480270333530655,0.402687942100151,0.3911353628093235
938869.0,-0.25674575849738335,0.09631375676793086,0.3311603866821282,-0.9200503501978237,-0.6338026913832162,0.06748406645776384,-0.6399059969937537
938870.0,0.3333487663350352,-0.38859632778623077,-0.7289631311185176,0.6585583020021482,-0.1911541760053903,-0.4622338320091899,0.5786187331430646
938871.0,-0.23909109453975175,0.8810698560546146,-0.9242748197372439,-0.7567344449778186,-0.296330010626388,0.6676064450837067,-0.7854131767834482
938872.0,0.05424243696030007,-0.306177955378629,-0.3071855266161394,0.3402261684513552,-0.218585354651331,-0.6259965358732122,-0.8843079320221916
938873.0,-0.007803366920133392,-0.5678117779172092,-0.6604362138756918,-0.1298964349903513,-0.9480520416212439,0.7531488086360907,-0.3973260631098643
938874.0,-0.6857844724865778,0.3136546087714076,-0.9478552963999747,-0.6247207668985852,-0.075729565507618,0.27372936671843373,0.17270968325360814
938875.0,-0.3707279613953083,-0.6181282286161665,0.5973806707578968,0.665545732545678,-0.5660610270852733,0.12448492287905255,-0.4791034974291526
938876.0,-0.7356665552790389,0.14781952008881682,0.07423814298636167,0.9553829777976723,0.18920017869516714,-0.8514660772279856,0.442420485883914
938877.0,0.244997645467524,0.9727002230927482,0.7611142986062926,0.11835304475872066,-0.2301727653222534,-0.36533979048445575,-0.17185279022262234
938878.0,-0.2498044181770389,0.11255982780717266,-0.3756283852152116,0.3231754262486002,-0.21947492521977918,-0.36150593668173614,0.648644519820192
938879.0,0.2753521054508903,-0.32790662691997974,0.34081182608852556,0.9893070284812879,-0.500697096762055,0.23168267937359666,-0.9910362020238572
938880.0,0.19678872683251547,-0.7471066676463876,-0.0498416932561454,-0.6359158827844968,0.3970656867132383,-0.7878024997390183,-0.8432035051186209
938881.0,0.5104795218233547,-0.17908322505247076,-0.4419057039874965,0.7811527363816926,-0.6150317112821428,0.5881924476818876,0.542807844776594
938882.0,-0.3219246074302755,-0.6369765276098953,0.0014860483442526995,-0.7909470089585229,-0.775439143007089,-0.9339793341456883,0.20882828582381507
938883.0,0.8848967597069441,0.832387793547043,0.9603170968090806,-0.9771520926831141,0.5310862998205692,0.4033266793892418,-0.22381858982200664
938884.0,-0.6068489071426177,-0.8979989093170955,0.44277450553396314,0.4959214596539938,0.26946921288228065,0.4632566235671425,0.25837828122686335
938885.0,0.014646965276710056,-0.008091269686652858,-0.07084403280387108,-0.838385664741438,0.40806775803317397,-0.5825769566594949,0.6516489312283222
938886.0,-0.16723602352242883,0.4720982459525864,-0.6778772809172673,-0.7258895441830759,0.11488866840580836,-0.8553181083851873,-0.833249413963369
938887.0,0.26028968497624505,0.07140631939067688,-0.3337132197580608,-0.1708387484080358,-0.18924807703508506,-0.5534057088348354,0.6713563549669572
938888.0,0.19378644400897183,0.417986999849947,-0.5550744499893212,0.0411646803234087,-0.7824040761729243,0.6999757343916349,-0.29296526143832646
938889.0,0.5182369175020465,0.026409293662893685,-0.0038243194323261953,0.22427675708146522,0.5426081095662338,-0.2698483670149121,0.9176117837870343
938890.0,-0.36128788036183335,0.5626861936840453,0.02880726653181709,-0.32596401812693654,0.5255399089091142,0.8779892969426912,-0.06961462543065955
938891.0,0.022699978257145315,-0.21709679955639993,-0.41395426914848077,-0.6465217169402071,0.4271679157123356,0.9503203227614916,-0.961560195757541
938892.0,-0.1277125298521955,0.5669112898542765,0.7484443950238768,-0.6324540071460534,0.9925822447091888,-0.733843457650575,-0.9999714139632541
938893.0,0.353024402266624,-0.31824495005672193,0.007890906188485758,0.6770887118082389,-0.22272056725591072,-0.9076994865867869,0.43952546199120057
938894.0,0.05133133564483128,0.14810266492745572,-0.6790573779808251,0.1754948867676882,0.10469490654811997,0.14278960465982893,0.7366150006920824
938895.0,0.06331466100491068,-0.6788868904653547,0.1513950131131181,0.42865131202036744,-0.1831993287409961,0.3780962412231965,-0.6792759445140153
938896.0,0.6062890451282816,-0.2941356630077592,0.7208622679171575,0.49581408112475023,-0.45424670458072836,-0.3095329735093475,-0.7867563583269408
938897.0,-0.7038087562901387,-0.7171670682370648,-0.1446124709029597,-0.34980003209159083,0.05477916438836772,-0.18693681095783155,-0.9809219323173308
938898.0,0.17317071349223445,0.014579307990107093,0.6866612076901952,-0.2882928635639772,-0.20462203067407492,0.933770835942082,0.9858747939574652
938899.0,0.7430748643799725,-0.7939760174779182,-0.7835949292974214,0.5752263539452214,-0.6154741919649447,-0.5397221087781163,-0.3663483943214114
938900.0,0.1772541064381723,-0.8056616623369544,-0.9588016248045479,0.34168665829853717,-0.9497210825685325,0.7759342697122085,0.6547090259219233
938901.0,0.011672135398022254,0.9888162781839538,-0.7141988389320182,0.6183676331134322,0.758764972527513,0.7421178900849652,0.36011727178282604
938902.0,0.3527729290702286,-0.5386815739983293,0.6598008050491271,-0.6826553159348578,-0.06058829566675339,-0.2514111924688558,0.2797263948834945
938903.0,0.7979905099516045,-0.8023537038856199,0.49305001082803357,0.10267868438683281,0.8322605850075508,-0.4058087957430716,0.035281710686738244
938904.0,0.8891611027796071,0.08999754294477968,0.4489649521983987,0.23080954635259499,-0.9379380568771034,-0.6119597471324025,-0.9290780367631355
938905.0,-0.4464003823820022,0.5781401266412685,-0.6946911066882311,-0.00861285049247229,0.8210546829401952,0.8652352972447539,-0.22992807771662083
938906.0,-0.2296337612167636,0.5976847503998943,-0.2719061561314826,0.8282676739237378,-0.4118991090381272,0.7384158464175641,-0.43317311369903666
938907.0,0.380286023614556,0.6549118177069115,-0.8810422317676811,0.2825020597577632,0.8553232434676001,-0.1721208139091548,-0.8842608119382522
938908.0,-0.4232705859147774,0.4861142667156535,-0.08004546989179584,0.2387282690057566,-0.2858846811500406,0.23315677838298754,0.3621268674174547
938909.0,-0.0974030124692824,-0.6533262465265455,0.6054717926505981,0.5108620254111069,0.9404600941931562,-0.05013750603998801,0.9459003233465473
938910.0,0.3064369711673194,0.22222931265375778,0.5883616182020217,0.38968963942390444,-0.33204088852753033,-0.9644565404184748,0.7547750359690979
938911.0,0.7798490006215397,0.7740830852108604,0.7958984026957121,0.6349412547896571,0.7632614399716457,0.7726030513442985,0.9172785846060285
938912.0,0.8232121892247486,0.5648077625994521,-0.3503174519660528,0.3030767246180013,-0.9839272494643911,-0.14370475035476948,-0.45745014080108626
938913.0,-0.0011055710775160765,0.33416523136981624,-0.8251725652810484,0.10308780034858889,-0.7854257916621175,0.44511520735325094,0.9738656714199638
938914.0,-0.19080375551672635,0.813026653146451,-0.1930087664155633,-0.38585215711982657,0.004578043612341487,0.8776548275337626,-0.27131204648407814
938915.0,0.4006019564693044,0.9291393494604074,-0.0565413626876643,-0.5775297247922655,-0.23148002890982866,0.04777070944268047,0.18489800716787919
938916.0,0.4398878744797865,0.8241651712862403,-0.9644472642002639,0.13827435823006873,-0.9891957864564269,0.8705969267741505,0.060175632759819964
938917.0,-0.3454457227171339,0.3072080932435257,0.428334018995147,0.07304373610722115,0.8500965561387448,-0.4568040221076537,-0.7383209532614088
938918.0,-0.40345140971561055,-0.845972485329171,-0.7714790103135833,0.7705945571265931,-0.4279612926306082,0.01967994002706286,0.955911215543503
938919.0,-0.39495267084265095,0.906492567619881,0.3311830643224405,-0.7324096298556015,-0.4290022683478458,0.8054575607701939,-0.5812669403161193
938920.0,-0.11174992527993344,-0.9437572801663776,0.677469076422913,-0.1611262962976059,-0.7064637885784937,-0.24406613623778806,-0.8607436560414157
938921.0,0.3934258666210868,-0.4074189250523472,0.13810259600674346,-0.3804238018918331,-0.0010684479750184828,-0.6031025189923096,-0.06719047160323588
938922.0,-0.5755825354486883,0.5195442294253785,-0.4359119187405498,-0.24809438571995424,-0.6739053594919384,-0.4058010508506509,-0.7002367980649131
938923.0,0.6097772106533779,0.17790977031904953,-0.9895615863934695,0.5286625942550693,0.7905147269420261,0.24960119670640935,-0.6421224069919631
938924.0,0.4305965603340405,0.31287004565652654,0.4986788784129681,0.8647119218581856,-0.11308384951408357,0.42245661040624105,-0.865005675190671
938925.0,0.4759059357337587,-0.27437755092373517,-0.24314726278074095,-0.3320372990992213,0.15551593840534372,0.39959950286977675,0.07002949112058965
938926.0,0.32652375159177494,0.8717759347457261,0.13457875655963614,0.553030090212252,-0.2297039473241107,0.13570635864300562,0.7057996719476995
938927.0,-0.7344425760350877,0.5433543688682656,0.8070860799601309,0.07096614531340828,-0.5030063290248519,0.6510237093863918,-0.02125453676358413
938928.0,0.389994423424217,-0.7662083617921607,-0.16720353279149758,0.07808869962728626,-0.3156154564908482,-0.14103004009970044,-0.5950726989891084
938929.0,0.4281380595460278,0.8532901037510487,0.1522831807047622,-0.5673941310937525,-0.24291832828687832,-0.4296050354585943,-0.8111710522584159
938930.0,0.7339126278854755,0.28080179627816326,-0.1431852376989946,-0.7682408702340682,-0.9648849779600208,0.5569259535557218,0.27687106111248805
938931.0,-0.3915853040799886,-0.22544517353891114,0.08625630895270442,-0.6140028007236646,0.9139529193536977,0.05759515613313693,0.2741500823707297
938932.0,0.30639348156327206,0.5564675382635969,0.6461379058513332,-0.7848744668038126,-0.3598602703944813,0.6340708004139879,0.3796150987992646
938933.0,0.8528707338759607,-0.18053013201847046,-0.9682226546630988,-0.0802424708864149,0.8680646075382981,-0.8630597880383855,0.1949176697762951
938934.0,-0.905315634872772,0.3577562775986929,-0.7642520443084218,0.7941444023340767,-0.4789966301865718,-0.7197623754114555,0.7203363266206204
938935.0,0.8939047610602378,-0.4752827389752099,0.9950747623272056,0.7146846960312139,0.3564915138460665,-0.7646842180745455,-0.8510968078032863
938936.0,-0.4982797437453139,0.7786930892932367,0.003109228063223224,0.9333227998220444,0.09941795970264833,-0.3081481945609257,0.18401584655081527
938937.0,-0.252119439316733,0.9628919021366595,-0.593325731468517,-0.967006721644946,0.33612624595351503,-0.8225397756985153,0.5800730740986444
938938.0,-0.581470726318311,0.1463122235147385,-0.6950356408745952,-0.5158394537947202,-0.796328224550177,-0.9470673800880054,-0.2688732270423606
938939.0,-0.5801820801156587,-0.9648977307079887,-0.6154504192080754,0.8110801239288823,-0.5716483344559791,0.05595179453771215,0.9317418025343982
938940.0,0.5811054767171888,-0.536653372779893,-0.7913344337093147,-0.28373521561072956,0.922445141669541,0.5086116448869114,-0.5237719250377211
938941.0,0.5723649233354129,-0.10432866859824452,-0.6708467298241259,-0.9380760147959719,0.17810932011218417,0.8322552948906727,0.5130343028885924
938942.0,-0.10756742027625421,0.882827206791809,0.23184840652442462,-0.5592583322954348,-0.4973078726906224,-0.35914883572772127,-0.6823845145451559
938943.0,0.8632187611899502,-0.15401181136207565,0.8984387303430377,-0.07504990682146029,0.47329643986717573,-0.6236202874433145,-0.01485786630563335
938944.0,-0.2927808264332099,0.7355980487919371,0.2351702933552704,0.029666752698128462,0.6428140652324423,0.2548128654334165,0.7704550796072716
938945.0,0.8211370545265937,0.011997604856377908,0.5471356385831094,-0.3709998798326206,0.42360496084850663,-0.031483864622853464,-0.16493503554924072
938946.0,0.15842438313587692,0.9985180150840154,0.40258765134624297,-0.7387593264882064,-0.6361499553103802,-0.09797792454924914,0.9875718018392836
938947.0,-0.7899419329056028,-0.06091232001133995,-0.6476843942569404,-0.2980558731678238,-0.8344971698027417,-0.5535971619784412,-0.6990411172510029
938948.0,0.4793619745860329,0.49921070555454516,-0.809345336330985,-0.008820165140588365,-0.43464581240902866,0.6714267661809035,-0.37858772380631023
938949.0,-0.9273188973186541,-0.6840510911836057,-0.20682714756361098,-0.9034476156782403,0.7223949610621243,0.9650853533540007,0.18466178500416564
938950.0,0.9631588011151839,-0.35638039374604946,-0.6169056865261462,-0.5569015051093225,-0.6574745164386997,0.08095882040335001,-0.5458470413444765
938951.0,0.013217906173408123,-0.9004248955296286,-0.6263995818226054,-0.8294366474818038,-0.31060895946231604,0.07209174977358246,0.886365569696757
938952.0,-0.036000105616913025,0.5669044373984895,-0.656629222289842,-0.08005291681163706,-0.08778425016843316,0.324743845265584,0.48063871424024307
938953.0,-0.5854842241938751,0.8161531311577512,0.9139714840333133,0.6523448234504039,-0.8697606219821552,0.43314264487528464,-0.023058171051905774
938954.0,-0.004506667513572982,0.36318723137740716,0.17209950262456863,0.7568531430924166,-0.722750877789994,0.04807579544461227,-0.9321977955363436
938955.0,0.34215850981408424,-0.509663833185078,0.08931055889697359,-0.8556389688416359,-0.13271228209136599,-0.17875753153996476,-0.3143743502202545
938956.0,0.16598628317168185,-0.6778416147687765,0.7137192394959635,-0.7803634621014319,0.6881767659234501,-0.6842138643983251,0.41265359081224484
938957.0,0.4716713115431712,0.22379697045058733,-0.8103994692291798,0.15053342027827799,-0.4796335378451506,0.006353261522789033,-0.9329861185713879
938958.0,0.09634554861228173,0.8299355979613223,-0.08605606092133589,-0.1376854985906577,-0.5821149336084057,-0.3950874637037778,-0.677485493284333
938959.0,0.9085592673167777,-0.8732102900838896,-0.8252767102564367,0.39924996213958597,0.18969384394678546,0.33097011104394003,-0.6089615213529245
938960.0,-0.6934621779011154,-0.9633880151512995,0.710448365151735,0.7619171261785969,0.5717587768174817,-0.07569506285294225,0.6302765961553454
938961.0,-0.2319112352749022,-0.6772096266087153,0.24257216000954762,-0.5636551097647722,-0.1344005179873875,0.7855718924324868,-0.11916924848545896
938962.0,-0.16978154499820142,-0.7844462801384526,-0.34146400309891467,-0.5610394160540868,0.5105457781505487,-0.305860298875942,0.08128197898932221
938963.0,0.010850230485270451,-0.04056951050389612,-0.15806272517110864,-0.9569911044177093,0.3419632978953222,-0.7539605518045227,0.3276955729881257
938964.0,-0.25873802498268694,-0.9919668661127843,-0.0029183086077535503,0.8432331817959624,0.4987260608677806,0.7505566944780011,0.3305558307785281
938965.0,-0.6710684514596972,0.12169174955244566,-0.9672810834792096,-0.9311341873253933,0.7792103565402411,0.46195841069976473,-0.3367147646388242
938966.0,-0.3288783804717881,0.47008277162841505,-0.21913183067250874,0.27872188500766426,0.6709167067741384,-0.7646227769170328,0.3055085397503985
938967.0,0.1005591268269086,-0.165891341336178,0.7978879876284872,0.2887269440690021,0.9493899630759015,0.27456872950698274,0.5452571937963901
938968.0,-0.17693016494305036,0.8413584472806059,0.4933345151210409,0.11026845235363592,0.10099767745509625,-0.7213759452847675,0.7850766155898965
938969.0,0.5589791136112716,-0.5032984734848729,0.34895709781316,0.6765641089471865,0.7932364016682825,0.025508183026171416,0.5496463198646908
938970.0,-0.9777642986620054,0.66824518120209,-0.2951242622916965,0.0896696648494566,0.2969861088037906,-0.8078713489769984,0.28074354554364533
938971.0,0.45111373265889254,-0.4060284637521583,-0.8141745469573283,0.5387252242196492,0.41361504382705294,0.14526677269044286,-0.051575203655060964
938972.0,0.026750761183359062,0.23172928168621554,-0.5913048075232752,-0.6325612360249946,0.7093699540868923,0.7615474928684447,0.17687332622275775
938973.0,0.641909793801958,-0.47271683146693433,0.4096836042804519,0.7697633444254146,0.3857354299219964,0.5934813089964244,0.3075690472464587
938974.0,-0.7522647719476299,0.5151205499205285,0.6947297027692299,-0.6530062731211936,-0.2509492199235712,0.5749176264294933,-0.017404508573553246
938975.0,-0.895981716659173,-0.20998057836573691,0.3642164710986826,-0.05935480056759346,0.3906052219913745,0.7291086227480728,0.9469266176975852
938976.0,0.7131948800140102,-0.003280434061276649,-0.16642464533227663,-0.9092854219887447,0.8151541668424125,-0.9146531258983484,0.11214656118622557
938977.0,-0.3367705040103368,0.3241151893078642,-0.9034275634118123,-0.9946423420095452,-0.9813652614270054,0.09926458193255039,0.8857486827462593
938978.0,-0.6192018732047964,0.6130649000550443,-0.9412600220363099,0.5956347554711292,-0.5281135941364667,0.684853311643739,0.25102969350371285
938979.0,0.014048372687336386,-0.7723392059157317,0.7094542234396042,0.3954058337385755,-0.44820682260164646,-0.3275968091644257,-0.6333119849034636
938980.0,-0.03228750567674732,-0.8150741687356506,0.6391538072835548,0.5210574176957561,0.745734022915858,0.25112023222175095,0.5199405642982837
938981.0,-0.47880193230804147,-0.6006149419543803,0.6717536487785616,0.9586654572672599,0.5785929877270737,0.8703701629342451,-0.28739399200757654
938982.0,0.4427743819576502,0.3575166742437823,0.26392492815075697,0.0871331692840338,-0.44090119896449087,-0.9450648195011981,0.9344262699859134
938983.0,0.5023139945694255,0.5708724508539231,-0.5081599717919356,0.50635302694729,0.4173702707651221,0.9959254335707106,-0.8982161251234828
938984.0,0.3891042014912591,0.6935756546613945,-0.6269075988933543,-0.898526580968622,-0.4934309630244642,-0.2859237585791796,0.7509275783132789
938985.0,0.4997995198563512,-0.23327674916187324,-0.5093324895081004,-0.7585330432407595,-0.14358386248421806,-0.9562229415647476,-0.6177045235087648
938986.0,0.9903305453936149,0.9153309492236605,-0.13688038300163874,0.44338484318345484,-0.5131418927523592,0.8787866806569058,0.48118900852386814
938987.0,0.6650315746730664,0.3994490017700645,-0.5879737829031619,0.8155160646879249,0.31194420560509095,0.8277575646855704,0.19308562046090216
938988.0,0.037053955548774775,-0.9401072253495675,0.7601240947030354,0.4058853268731475,0.7286919201642112,0.14643785360265715,-0.5198812035319591
938989.0,-0.48022341909889543,0.17546427049484326,-0.14417199326581542,0.9756205247863572,0.04753243620763237,0.9279495454834519,-0.35631704998492
938990.0,0.7055353083935458,0.9548962342062581,-0.21093850254806434,0.6622747520334276,-0.40613087404956816,-0.12150904075730495,-0.4006639588566052
938991.0,0.030749071118127524,0.7430418665155074,-0.8014938503407643,0.2684022402636681,0.6358787757597422,0.32444789558715215,-0.9997050502175262
938992.0,-0.5875578651537194,0.6141034299199071,0.18515480612922453,0.6230536772498956,0.5815190727812902,-0.6805763541508103,-0.9550032066600072
938993.0,0.8267724911223124,0.846319483834596,-0.17931627990280563,-0.8125399607745112,-0.08784914831782631,0.28236604577151003,0.9109468260715423
938994.0,0.5572312216445718,-0.8583095085749026,-0.11012000199487648,-0.20752171208389147,-0.7597575372731078,-0.604510644061893,0.9950262844573565
938995.0,0.4459393191253995,0.6397191267936679,0.6812872032152231,0.13172581251377635,0.5064797864251316,0.48876090514617454,0.0021458005751575637
938996.0,0.6514954973109133,-0.5907920892638567,0.0874989968783606,0.06408270194167631,-0.8785867858863474,0.14498482834647364,-0.6786474939160252
938997.0,-0.7431519835123002,-0.2362461015691728,0.561993594561466,0.32393414540496956,-0.5751593480644321,-0.2384501085419537,0.6305366428170667
938998.0,-0.9528268168466729,0.7901769461083163,-0.7607462536488281,0.3592712202679784,0.6189531683818525,-0.3851790196792513,-0.9067957676528833
938999.0,-0.9561037242242278,0.8370660126787504,-0.6927684656414985,-0.7526339432813349,0.46003321056931745,0.5711245000424201,0.06692746914550907
939000.0,0.16924290723461533,-0.1540375345885876,0.5114978288370258,0.6379491950162939,0.29471170122197043,-0.23334164184622885,0.3597597021214405
939001.0,-0.798971542401167,0.9617685816166524,-0.062792851722421,0.3923229706835838,-0.05189458246265599,-0.7543303587320818,0.31035553673260896
939002.0,0.6356731151914246,-0.016271057676841894,-0.13761803415985718,0.5775087169672593,0.2981890955537887,0.3941514439467808,0.32910728487710506
939003.0,-0.738619207506582,0.05661349893495182,0.48466418368625996,-0.9528886758602575,-0.6286218992251842,0.41945278981607204,-0.2681439141172246
939004.0,0.46673426410218855,0.9261499608859569,-0.5953399932010883,0.5272269314527764,-0.29147172077982875,0.31487756257771515,0.29362216768227123
939005.0,0.8658827616013403,-0.19628656833902913,-0.21868559749480965,-0.9967848867324334,-0.9109015647463843,-0.6279414984363598,-0.7183432235175584
939006.0,0.7576930717901893,-0.7373533272599582,0.2764540533830693,-0.4481722556515264,0.38742844606703786,-0.10655188533726823,0.32609784142497955
939007.0,0.9485915147913282,-0.1476800701013603,-0.6528432279800613,0.9954513832755361,0.7885819723381373,0.15276605029029744,-0.7499842154078644
939008.0,-0.8854388402185025,0.6733802284198322,-0.7897232452300285,-0.24564797547294792,-0.9094461028291139,0.8784452793945323,-0.13571592718124204
939009.0,-0.7463747229565512,0.040554357939742935,0.20013658450549987,0.2685274043816017,0.6435079710009217,0.20512560941887759,-0.0721583773472374
939010.0,-0.35080724758751547,-0.447039896029515,0.8907134612098404,0.084339122511087,0.6806210071586845,0.7396429233599959,0.11523549366530306
939011.0,-0.7598259677748647,-0.6789329947164557,0.39176777777357974,-0.6117491266448294,0.7154422522579704,-0.09588025594258043,-0.2503674210616307
939012.0,0.9073896964329395,0.18139658524960156,0.03124285322515785,0.5284249888553034,0.5783197903058506,-0.06600114856604122,0.6931685931119425
939013.0,-0.7113065412456026,0.0909421933538146,-0.8101894640110554,0.8622004506761394,-0.7676904857266682,-0.37081490739315903,0.6799958067403296
939014.0,-0.6053266180765702,-0.8313600035482931,0.7289653429151615,-0.9284817767715432,0.6430787070456436,-0.22768456012710825,0.4952933589138737
939015.0,0.6979017976381046,-0.4581753951463443,0.24821867674559916,0.3579695178808422,-0.9060092899893681,-0.8780676281984836,-0.34599373653071397
939016.0,0.9387072577201172,0.9044953767043262,-0.9413332518169657,-0.7619288520390477,0.8514286343405992,0.9602781153908115,-0.04461786497833731
939017.0,-0.661466344595331,-0.2850210153656516,-0.37468485501255855,0.19999897920636212,0.3339433091957893,-0.7588325630045039,-0.13420822198691829
939018.0,0.7917088616305161,-0.7021168540475446,-0.13577060640508498,-0.5040538829576733,0.2626600293175154,0.5835411448330874,0.1346028118604774
939019.0,0.47435971943912825,-0.8700668173152009,-0.9321707488733424,0.3205828114792344,-0.22235303256665295,-0.5685938572821225,0.7851925768038013
939020.0,-0.9336159790800318,-0.7181172253881452,0.32323651295144473,0.8367145441871311,0.4837466412169964,0.2331149666896637,0.14280215168105737
939021.0,-0.5670750765595689,0.438925027059198,-0.7562134649967196,0.51115088531609,0.3256096032793525,0.06253768761665812,0.6981773788272898
939022.0,0.7302214405279468,-0.7084306040382327,-0.2020758473857902,0.7469814736543909,-0.14819300235648636,-0.07144283804622442,-0.614155357342705
939023.0,-0.8587922813908933,-0.0974633501228026,0.18302957636626616,-0.17045575570876093,-0.0013797374492505732,-0.8710292086643019,-0.4816797049488162
939024.0,0.795788510528449,0.8814593047097894,-0.5602467048431528,-0.18653603324231782,0.855875260043367,0.2662971845351152,0.9089100246369946
939025.0,-0.8744874688337152,-0.22833988926935,0.48325193786630183,0.925480010400693,-0.30795622932253086,0.8065323414311518,0.22770329084311847
939026.0,-0.1713050695776981,0.10766921703198551,-0.07302335944930327,-0.8931984476011496,0.48931289757860696,0.7460601717799842,0.3406041079306683
939027.0,-0.3822147659104742,0.1162444662850719,-0.1132985909163906,-0.3004964068584639,-0.043165365454435056,0.7120805493437077,-0.9314911306379474
939028.0,-0.48120672436557044,-0.3788050220046386,-0.19863022781474315,-0.3007167489902307,0.2966710330706537,-0.906371823299438,-0.18642462321380515
939029.0,0.6036902237152137,0.2758904451759996,0.052324608806785244,0.14361401215738567,-0.25177746711604176,-0.06620498347969672,0.009444734632736207
939030.0,-0.497010545948245,0.3011247975464102,-0.9589165859739055,-0.9773390281679268,0.38802543672050027,0.14115621453168847,0.9154850804280121
939031.0,-0.6754166174488256,-0.9721388053405771,0.7740075474047661,0.6420096956129622,0.2847360739828628,-0.11460836718603695,0.07013460849548525
939032.0,-0.013118807216278228,-0.2927030629770724,0.8111139945655728,0.38832830649572236,0.881299842130536,0.37899900019009825,-0.9854457902673737
939033.0,-0.15910433882422015,-0.38792217323167044,0.22674663455419042,0.7865799651396999,0.09134264888624943,-0.5766793624506312,-0.10433667789462264
939034.0,-0.14700913373054703,-0.9566715369198056,0.2373737954041344,0.03305554712532266,-0.9391497762967793,-0.6942497686255047,0.8800215172975896
939035.0,-0.7530707509980687,0.10207568812307244,-0.06919362075128221,0.2368497282668771,-0.228071314099352,0.517667037057951,-0.3695423537025344
939036.0,0.4147488995962372,-0.14304910399337856,0.3996029656638531,0.8240171926913071,0.9842479755977067,-0.891143235196951,-0.35615843970535366
939037.0,-0.05849575663832263,0.16153473590979361,-0.2356154536664965,0.09497939016108514,0.5238222708733626,0.8107952237433809,-0.558799028454112
939038.0,0.2840886192040173,-0.8235832586878828,0.6530178200539405,-0.6038740728270793,0.34879452506283726,-0.19242665940732517,0.6565951095787796
939039.0,-0.776661702181783,0.5850440100029923,0.5377130064480005,0.1930217227642954,-0.7034033889812397,0.2857511537383257,-0.519036965582661
939040.0,0.08427684569309513,0.3425944152364233,0.20059585880985242,-0.091248872368896,-0.22305991098011835,-0.08699638515740316,-0.9766359878098925
939041.0,0.537106049699537,0.7964471758604066,-0.6615084555669237,0.9092128640185375,0.8286196575915272,-0.428261749581363,0.46160585016018496
939042.0,0.291049664796885,0.6419448579149216,0.34897535807760227,0.12014379340504866,0.17321709477354985,0.1324455985477666,-0.2933462959495641
939043.0,0.3920841252431473,0.5297299881049582,0.5524148677851519,0.3876288372284473,-0.319668265995922,0.040189404643858895,0.5638945589349131
939044.0,-0.8262399025195843,-0.9999654601719652,0.030392543210559397,-0.15085028750950635,0.9695384534304745,-0.3368331694055158,0.9163070133997111
939045.0,0.9591650438005848,-0.21318614906036615,-0.4920234853157548,-0.5298405208286412,0.6708978782951163,0.8610041816171434,-0.3990294938034973
939046.0,0.7387028044651023,-0.8118906071498473,-0.25018306335668683,0.9559595457346581,0.460422096841149,0.8246735508452714,0.1936378187159149
939047.0,-0.992506109825809,0.5669258644787856,0.23209662725186542,0.5723953571874569,0.571056919873757,0.0026572552832677676,0.4334484483724612
939048.0,-0.04019669963726247,-0.922987607730319,0.6647660355897689,0.5390849052857294,0.557867283695908,0.5582218504843526,-0.5269659180587396
939049.0,0.8921416474245221,0.3234493253065658,0.46793297012076707,-0.06393576533773682,-0.6048757854965106,0.5853581331024087,-0.23317459553023134
939050.0,-0.9477108719044318,0.2741911092483471,-0.644813983395375,-0.8749287581687641,0.46123525477614824,-0.33217955890761264,-0.4334197387805152
939051.0,-0.7590925792090981,0.3347608693852635,0.8265390767528282,-0.30650229095545134,-0.9958535481929696,-0.5737196386700829,-0.9454605232505533
939052.0,-0.790077143663229,-0.6867001142871529,-0.8064658501664783,-0.5089708386948708,-0.03626260085768718,0.9773731797153411,-0.5626085339572511
939053.0,-0.9533111228474049,-0.8414535426117802,-0.9079231365813243,0.12403554718244192,-0.793241927302625,0.2681310121142404,-0.16868795251864666
939054.0,-0.16328639119902588,0.11665406331002859,-0.6360457276109932,-0.40851082082831325,0.7785427252019659,-0.03610235204409551,-0.34157227213535357
939055.0,-0.41846298915798297,-0.44907992543006503,-0.09707508923735242,-0.8308078910015266,0.1585326543907224,-0.5692586796041335,-0.30869324552956123
939056.0,0.6941599236097595,-0.3567936361699777,0.005285870854982555,0.827900332553978,0.4142844875763516,-0.0671151659189353,0.6021132788258106
939057.0,0.2797782406731846,0.3928343741195415,-0.6673761382711618,-0.7172615581046249,0.9150515339260579,0.9641122891630154,-0.9338889367845455
939058.0,0.5588060893415163,-0.14194512145924532,0.4530445562025678,0.16606028518769356,-0.6673734547133059,-0.7008589384322517,-0.9456996894434968
939059.0,-0.6135232785624853,0.7754866688044335,0.6856155071890842,-0.17999031043814662,0.1289505016470449,0.900930552591533,-0.9723400287707915
939060.0,-0.3121223512063438,0.9798177877362904,-0.21798902262531117,0.9968798693929479,-0.15062627994644284,-0.5174699698149137,0.47655710498450965
939061.0,0.32135480863682875,0.6547079235424436,-0.058916795603067174,0.9392763953817562,0.8685993794517521,0.24572903870386553,0.22753480409008753
939062.0,0.4668554363455786,-0.016760957663678466,-0.846277223556632,-0.8091570433767556,0.7461303663030971,-0.7812668503771909,0.23273392963945816
939063.0,-0.870626160847517,-0.038589188964056165,-0.9898117115841076,0.4547280436780188,-0.8784859685637159,-0.20929179862697977,-0.08054288418184186
939064.0,-0.1577678763405248,-0.6148209171710772,0.06881845277702703,0.12428783843753011,-0.9320253882661549,-0.1667488194245761,-0.26878625072400397
939065.0,-0.1062700907135905,0.35742785744521655,0.0218934257972887,-0.813618036191468,-0.7201318455722521,-0.13946446271013757,0.7339884128806229
939066.0,-0.7213099240732213,0.8138437944526049,0.838764206148501,-0.19050668583448505,-0.6430085130323897,0.18629131442132585,0.6703841849077701
939067.0,-0.07721625729934778,0.5244939751210043,-0.7581456090475858,-0.4193791630122312,0.8682470497825601,0.9289805444644053,-0.2344737352495121
939068.0,-0.9957495257268765,-0.9183441218309079,0.4424500966964733,0.283266797942455,0.6922286862615787,0.8413665502033187,-0.934479266743985
939069.0,-0.2752005263622943,-0.07858554066433432,-0.05790331061254439,-0.32335164366443725,0.5907337057209541,-0.14773860042065712,-0.5603043196883617
939070.0,0.561544118025403,-0.1871534061198683,0.5254724030383171,0.30300861055493744,-0.866652397863307,-0.7231787974019412,0.28979561726748804
939071.0,-0.5886352380318354,0.6301852637885035,0.425715757030219,-0.891005356980114,-0.9305901279757831,0.53182252486874,-0.3578107889628661
939072.0,-0.939925608097548,-0.5329345712329168,0.6278062186823092,0.5899834871130869,0.19840096286653086,-0.8289707602455856,-0.8245087941616609
939073.0,-0.7048110272593786,-0.7053796622035706,0.8415647907961008,0.04547711288339373,0.2821627118549077,0.15658452884815155,-0.7473258425174139
939074.0,-0.9473080350613281,-0.7500961749581194,0.2968498064310128,-0.5127417181269733,0.03789149734342989,0.30244905414909584,0.8542798217954708
939075.0,-0.015226213652864917,0.5072716844785035,-0.05734872575004646,0.17955621244964193,-0.2752820475994411,-0.22040044128394243,-0.11205814947506698
939076.0,-0.6580905201755458,0.9127169837608,-0.4742657781345676,0.44304900351877863,-0.49739711564403954,-0.6306306296848563,0.7437241251235402
939077.0,0.657624473633621,0.7028037309893056,-0.26454818764039256,0.8182952656396802,-0.43736539613001835,0.050190416401881155,-0.2213719958260425
939078.0,0.003561444438686223,0.5442207143380502,0.7402277962277057,0.6865388213193235,-0.9980225236209412,-0.5815427395284709,-0.859312675923875
939079.0,0.17836588292569533,-0.06094866678442057,0.7244027668255759,0.8147878835925109,-0.09232286231946873,0.12778525789133588,-0.4022934334340391
939080.0,-0.9144993480113366,-0.11236230484075582,-0.0675229215187294,0.5131964561585272,-0.9047665679818502,0.4919557142255422,-0.12088311040046484
939081.0,-0.438715904088258,-0.05467205652240725,0.22385494885941948,0.9188902372324632,-0.7731121225239845,0.014930927366799462,0.0027320675916551185
939082.0,0.26777436393680554,-0.15725207800987961,0.5239942564021125,0.769376155075741,-0.3868405138540598,-0.49434458125478575,0.7703357349491837
939083.0,-0.9467048222909002,-0.6314989874985852,-0.801067411155276,0.06657729994907546,-0.6253485074838772,0.1596330542837623,0.7378751167554669
939084.0,0.05522933963902843,0.10368771233002172,-0.9786177012485933,-0.4555962808041605,0.9801959811911638,0.6479173247661334,-0.3473035937030158
939085.0,0.38672942455213,-0.6294390248862629,-0.35853853798509205,-0.9766817901993452,-0.8080575791228946,-0.878759938884518,0.45975123546035945
939086.0,-0.033101379072046466,0.3484793693210497,-0.7763079841160128,-0.6503437210272036,-0.6341583671596163,-0.24027173904773536,0.20404124542358448
939087.0,-0.9570056837382239,-0.1605740597045482,0.08679296186319463,-0.11521241977420837,-0.11113072564011883,0.6365802001133376,0.005100674532696914
939088.0,0.004886474664908214,-0.4698743058802739,0.630504165950255,-0.08384891488456869,-0.570983017844902,-0.7291190048801466,-0.7793177756637479
939089.0,-0.039219642984563485,-0.3185193145541658,0.37079449554591615,0.5323576675276052,0.1395789329355006,0.3767062185181893,-0.10341172921793595
939090.0,0.6475492188766718,-0.3454977608265848,-0.27197783358602723,0.15581695617074276,0.4672127414830245,-0.3996612845016658,0.13660480519624163
939091.0,0.3551866218082722,-0.29354436781860316,0.6940384456330813,-0.8826454913377146,-0.9395266754823068,0.38242588447676207,0.36923972199564825
939092.0,0.42459430399135845,-0.09486290957643262,-0.680556906616034,0.11234415122189056,-0.9133650508536495,0.33350325385303314,0.6621341986098785
939093.0,0.9671510765539759,-0.45683715203757536,-0.8419034395509675,-0.7897932030865942,0.223484468387122,0.13452714032791557,-0.48049044891736314
939094.0,-0.21960787164614226,0.38452375046255893,0.8371990662528577,0.8242994163258861,0.15370199358279923,-0.835197181772223,0.7542258816612013
939095.0,-0.01994119950466744,0.26929670134928907,0.8938620001127391,0.45793834990034643,-0.8329617253345731,-0.9140475372509871,-0.007377160592291654
939096.0,-0.3040966987874434,0.9921088416265871,0.06996966264428228,0.29216293215657263,-0.101638360137984,-0.6048645621355384,-0.3523636327499078
939097.0,-0.5021346152226804,-0.40025484063174277,-0.706887590151497,0.24847371984403166,-0.21607084784955433,-0.33042444960095496,-0.5907747997361128
939098.0,-0.7187476161609636,0.48444626465648266,0.9530278832330785,-0.7808526677316818,-0.2462944040236681,-0.27971971963484465,0.9365734230542646
939099.0,0.008816948325276464,-0.042708909240383175,0.17154983267209234,-0.3165293535795708,0.12073266811657923,0.2787482449854666,-0.26997294668679084
939100.0,-0.24841022580935546,0.25347522447056803,-0.24975318596297824,0.7414624905134402,-0.9919026071230055,-0.9567251375772752,0.5527458688297495
939101.0,-0.8684279512493753,0.471312833217596,-0.834409413917675,0.9119300605397749,-0.3398625220990006,-0.5685865231420153,0.995571470650582
939102.0,-0.3023472440999486,0.9751324359857294,0.7749989379084636,0.6937653688046939,0.6918249156630358,0.4369430456362797,-0.5810539598034559
939103.0,0.8771061128462065,-0.1939009540599197,0.15604134070862763,0.270691629807001,0.6811494824467634,-0.9229202720346865,0.7876163541593957
939104.0,-0.8168021366145772,-0.2031522481235446,0.16466631567705203,0.3828984747594666,-0.1843603646818608,-0.6234186730008637,-0.7632992930663267
939105.0,0.7264968755140799,-0.4749479845382232,0.9551857032264353,-0.39964240374036186,-0.6713265991724888,0.5939779637208444,0.11283246247163126
939106.0,0.8149687846058515,-0.23982670795057937,0.3245860395059401,0.17946769304526922,-0.9707798530835265,-0.9671334979953239,0.038813155763606666
939107.0,0.45311756963908056,0.9624311567492216,-0.2626065668193789,-0.20368835276149033,-0.3633935878539061,0.5999816511620919,0.5438497157707567
939108.0,0.4528067031617298,-0.16941035642293345,0.49568462170302596,0.3443899062547011,0.02955704188199415,0.9669929747590118,-0.853631615367556
939109.0,-0.6639986075725643,0.48603481127882553,-0.38538812978883485,-0.9552930020586088,-0.9283883208394632,0.028061287932547696,-0.5558140163531089
939110.0,0.23591092092237353,-0.9925540433168603,0.9693345967976792,0.3085824159335888,-0.7151223722907423,0.027772723481073402,0.4851891735997347
939111.0,0.3266613862714014,-0.5690058927811974,0.23966855622719296,-0.5476446515286224,-0.53804457977275,-0.06847632255560043,0.7982220449527448
939112.0,0.2824854894201172,-0.8773300102700259,-0.4378251848792427,-0.029065592705822096,0.9918174227232475,-0.6420920886018235,0.6166346762900747
939113.0,0.7278124311047591,-0.7462954331911524,0.19636510015097697,0.8832219037317912,0.552907557428133,-0.430840810317731,-0.5933675518059274
939114.0,-0.45623013573018234,-0.9474408958479288,0.38483588416249637,0.22116537966969574,-0.688343229421478,0.7716275310438412,0.5977463430365004
939115.0,-0.19870794436686579,0.2682262820973529,-0.08290178272352744,0.08214272748712226,0.47033868670488266,-0.14857681471614304,0.06609094090455558
939116.0,0.8593618918600245,0.26771579560159275,-0.5056224207671554,0.6718373587472908,-0.09662099970349414,-0.10952935198967273,0.6207740598641693
939117.0,0.17676390075971526,0.4732024360531921,0.31971428269562896,-0.30603892019985324,-0.7340285757503504,0.47560203132187917,-0.3649509888242466
939118.0,0.09251686450869401,0.3183110077335565,0.9299634769178757,0.8584148784116594,-0.6515204687796297,0.5577529989276264,0.9127089786664115
939119.0,0.8920345958087317,0.5557902379312047,0.592468849615821,-0.287347070100753,-0.06382183568379918,0.7511066010364658,0.8046485526501652
939120.0,0.9061871305134528,-0.6493768458240872,0.2607298950445571,-0.5118942571800997,-0.003381089037395313,-0.27741763147770904,-0.4160629061657626
939121.0,-0.8420303451934126,0.15840903486745783,0.4690252422906873,0.31288360408095195,0.21371911791984055,0.09991435296297912,-0.10643433284889081
939122.0,-0.4367950423184195,-0.15094317524209666,-0.4025076826132872,0.8490861288096672,0.8936575900088408,0.459806935587491,0.7362174028574582
939123.0,0.4909240147331515,0.32207365638390684,-0.7103425790174054,0.7532735632913787,0.06243723659767997,-0.6096022280634179,-0.6270363519860467
939124.0,0.3045270886681397,0.766324505840829,-0.057771215508259255,-0.23838143216313212,0.539324299387729,-0.588091434901193,0.4523979092307069
939125.0,0.39614632793797444,0.8203843877799626,0.9496955054314964,0.2901334431021323,-0.9847577328398063,0.9233818825702669,0.9167174672712122
939126.0,0.6491462331119975,0.3517599190337033,0.21842103650166167,-0.479034837752784,0.5026672733366366,0.05378185330504759,-0.5915448595564212
939127.0,0.7452334039964801,0.232880063361812,0.29886551796427274,0.7345943999908271,-0.740724485325009,0.858487786380759,0.4278610631085793
939128.0,-0.789303497283351,-0.6383637354808593,-0.9343039672613009,0.0041004312908317075,-0.28873592295043093,0.5623431006832056,0.5745800444766322
939129.0,-0.28778318674345926,0.41820920909951,-0.24788923007540253,0.46325974391179514,-0.7914408695052311,-0.018509786122888672,-0.5006976105022738
939130.0,0.19758007969695024,-0.06152896981148426,0.9632940142808171,0.7583361136472446,-0.7533143030670875,-0.21840452375891228,0.5120806111580205
939131.0,0.17878183950721205,-0.9440718274538487,-0.5726390077211005,-0.1797112451102647,0.0636376661314495,-0.23765954245414145,-0.7607093635353552
939132.0,0.008636828041550082,0.5710166199676796,-0.6341268558900528,0.4200310312831026,-0.15870466264814387,0.32904071411596125,0.549638422572474
939133.0,0.2647127713243498,0.05395898491153561,0.5944403084700103,0.3078462854597368,-0.4932941412056,-0.38362910866439104,-0.0013164337805107174
939134.0,-0.07704070360992543,0.9653741472496482,-0.6078872117478933,-0.9878265729875573,0.20297296213771987,-0.8772195477019027,-0.37843094683193357
939135.0,-0.17457666190839927,0.5149930045252542,-0.9607977800128626,-0.4913098802282372,-0.05930226533590166,0.9702842476823674,0.5394994414044616
939136.0,-0.8474692924686389,-0.508256808201772,0.062121107807036946,-0.8496533738487244,0.4828454508390383,-0.17649282658140275,0.5107202009064797
939137.0,0.09915671004951299,0.4109891456645314,-0.2159807672136289,-0.5835235577993261,0.5064176125619655,0.5654344888419134,-0.5763851856399875
939138.0,-0.5038965914414453,0.9527466907810691,-0.3672797925649065,0.5007356046981479,-0.40194339564809134,-0.9049765676632371,-0.7911609103028634
939139.0,0.03186128691702739,0.3735950880675327,0.2503647262433337,0.5099042467509189,-0.6716098094247076,-0.18547316350730414,-0.1690708449764764
939140.0,-0.0629628793760435,-0.4241096513292528,-0.05224023848947823,0.06066821966482361,-0.23123377285732594,0.9167950666078664,0.3707732876621628
939141.0,-0.5829069422044506,-0.08746925947187534,-0.6993631755701153,-0.42417619855411615,0.19632976206962804,0.10597484830982062,0.39204004671207904
939142.0,0.9681336682761961,0.7481469330235002,-0.18909342765462278,0.7388920648814219,0.4583394087607988,-0.9120848724343276,0.11085901697019018
939143.0,-0.34247500212993054,0.2562475053913349,0.6996221743579558,0.27964445206890454,0.9086965728056273,0.4241814096347265,-0.10959554985470721
939144.0,0.9515873567915585,0.35356015915687955,0.8787607309438166,0.29037387276505555,0.30480826112385295,-0.804980973080208,-0.49159498054979434
939145.0,-0.5498997432018331,0.08145138326239376,0.629538072959501,-0.48327983706609867,-0.4774721588661279,-0.13121401046997816,0.35987089816525586
939146.0,-0.4322393735947443,0.04855357955914008,-0.3682841526272458,-0.3443625767528824,0.47727767845906666,0.1372333318086263,0.3137432156855633
939147.0,0.7497114699331078,-0.46986557769249404,0.9318370065120423,-0.9372056797088091,0.9576664245336477,0.05546110452987674,-0.6454054476887443
939148.0,0.6925158777742622,-0.17673737756711527,0.040098665072545,-0.6610654938493796,0.30382051079688077,-0.2468512200687858,0.790886756018141
939149.0,-0.20176818407585473,-0.567221793514926,0.935085628993469,0.9352051015156144,-0.6577574193763094,-0.13788037779421614,0.9858005946489452
939150.0,-0.38766977292651017,0.1876989515665919,0.7180752654151363,0.9814639804981602,-0.9364001710200203,-0.3335905287686425,-0.3263229431565182
939151.0,0.8498906832662703,-0.12304728352629901,-0.8536570242299053,-0.26087403538191123,0.9219708065739161,-0.43579975301330265,0.3228472545583281
939152.0,-0.05242385233099278,-0.021130805699714594,0.7977170879529787,0.6839622252178044,0.9217274961661028,0.11769744339532928,-0.9542610054393497
939153.0,-0.035080988476272834,0.5667667681838264,-0.2561050880233646,-0.4925649527417866,0.49010097583737555,0.14459779975569198,-0.70537803069971
939154.0,0.13566902931992608,0.16022209399853038,0.07511583765607788,-0.5149592080955943,-0.055053534738973786,0.957346146328143,0.26455026969660356
939155.0,0.748254154273778,0.4255436676414974,-0.9051179363190514,-0.5628444204066845,-0.6086762712078335,0.34280664394078153,-0.5569633624016528
939156.0,-0.2846403737729337,0.9746723159577533,0.06435356354455335,-0.5910806447009971,0.8720252330134688,-0.09975823350171131,0.08936259536832658
939157.0,0.06306618242086337,0.5854012760063003,-0.7656995512317235,0.2283445545683518,0.1757347708676258,0.4356439976586419,0.30782898665479297
939158.0,-0.07130501179772031,0.44895340026930675,-0.1283363268202582,-0.6645798314930937,0.11181553031631353,-0.4165293543316384,-0.4828701955053205
939159.0,0.9126843612554927,-0.8578659477845436,0.16050119762664483,0.7215719007438492,-0.06045254215916018,0.1453645904052021,0.5189423377039597
939160.0,0.48469542499573426,-0.8243967785394972,0.1591513100255122,-0.06496005567110608,0.6383361425060832,0.9304343843600549,-0.7805563498622152
939161.0,0.14257574518624705,-0.7599158715093435,-0.5253424376409617,-0.757582855402807,-0.29916918490834665,-0.7340805069894338,0.9991686113000422
939162.0,0.6927190159723744,-0.7438078342127399,0.8417138936954787,0.589199004535073,-0.8186373986602031,-0.7898489918906888,0.1053787630515759
939163.0,-0.9979318233630707,-0.7842569413661722,-0.5784852847290007,0.22584577355960445,0.12167961696100704,0.9317509831552842,-0.264566626522204
939164.0,0.5011854616741322,-0.9786427123427701,0.5353795725532178,-0.034881308070258576,-0.3423834103717043,-0.44727211776929154,-0.272226968457719
939165.0,-0.3512957097694769,-0.4531919848423247,-0.32728132912281493,-0.598890643929082,0.11684343381588236,0.25874493649127994,-0.37367487410528
939166.0,-0.4736786408986404,0.5970537942617533,0.26585866796601354,0.4087388063116999,-0.4488030197262176,0.8391217620835196,0.11335968901427318
939167.0,-0.45887731638961404,0.7166106835635131,-0.3857138728626497,-0.18951117994973177,-0.1949123970652935,0.15209015807708304,0.28412580289109735
939168.0,-0.2632781026609019,-0.4321898000096196,-0.31190720953802553,-0.3866326866710219,0.7554748932741697,0.06778211994694083,-0.6098191904949672
939169.0,0.932314545279906,-0.16140194302466826,0.48235444576246267,-0.5642078859966089,-0.6523350547834177,0.6178830070178356,0.7575093855650097
939170.0,0.680214099079665,-0.761966238203418,-0.9681914050160159,0.22359123579680817,0.6583851302742367,0.6617080537788165,0.008565526817166047
939171.0,-0.9587135624711489,-0.48425478849269066,-0.5316808268804323,0.2194175972057255,0.7687036548390758,0.9222392470199501,-0.9118125887289659
939172.0,-0.6737623130651487,-0.3143112741732399,0.6226404729494033,0.7239479974897038,-0.5213347359308407,0.21536653123964533,0.44384799585481916
939173.0,0.7794383390482735,-0.9788257311973043,-0.02864169125961058,-0.9180812054232916,0.3574959172895731,0.09396500460862311,0.3690742716777917
939174.0,0.26896866620311055,0.1714520800725028,0.7571959567220032,-0.468766754303233,-0.29834573808088516,0.071032885414273,0.6715789101523544
939175.0,-0.8173470966062828,0.014009087367429007,0.5790512887590482,-0.4313756895157901,-0.8076055594189981,0.20466682314802864,0.16449574537343348
939176.0,0.7538071095854477,0.2563951982211037,-0.7295812335341307,-0.4724942887854271,-0.12356521929703956,-0.39703915959006664,-0.5955037186823375
939177.0,-0.24802339931482176,-0.4358620222673175,-0.02003728961432638,-0.9474217527860884,0.1740409302810908,0.2540507688907083,-0.23499553778210802
939178.0,0.4436553514401398,-0.6168365169805157,-0.662917986174056,0.08321681499918165,0.9982594265332367,-0.9811949468317978,-0.45153270345607166
939179.0,-0.7079166885390638,0.40513457664462926,0.6852439620473432,0.9268862796494821,-0.9871184821081629,-0.7883316368558808,0.7670936017225645
939180.0,-0.16403009833722582,-0.9564146173823669,0.49053057284122414,0.8285777258224003,-0.3046249854433125,0.5097094364701085,-0.9626166255576376
939181.0,0.07168682609077082,-0.4856167797611237,0.6357724319236231,0.9579427997650183,-0.9743455245976067,-0.7738701064298028,0.4623992079750221
939182.0,-0.7487579226150787,-0.5128351453237683,0.7781378320166059,0.7237369202283084,0.7484590142820975,0.40399820153213484,0.0957900520494277
939183.0,0.8268221283559478,0.661998638864796,0.3503543304754577,-0.541316279774704,0.7643025499372578,0.7472365824072416,-0.7742423155096081
939184.0,0.10869053375344984,-0.4807916702755026,0.92855408454357,-0.18287387876053773,-0.6976262927263246,-0.6115036022901787,0.6558773918923249
939185.0,0.9708139293290774,0.4293650644712481,-0.8527462963014629,0.9999811581094737,-0.3650019133996174,0.6992715221432089,0.39620917137371237
939186.0,0.02211527994945839,0.1990038775374703,0.14397077674786085,-0.4217297386331238,-0.7691752138884791,-0.1930178185327558,-0.3498660999634946
939187.0,-0.5614446423452439,0.3774299127307541,-0.9958924005077088,-0.4698063314653662,0.6750182678919934,-0.9551908935994604,-0.8762810745720335
939188.0,0.5351332415725052,0.9555866803582742,-0.06441876494871335,-0.9430533083432078,-0.22658099120670672,0.001745779092743538,-0.546698378799199
939189.0,-0.40613698410264387,-0.9890470451963584,0.8206536172043506,-0.75693750588927,-0.39517043036299393,0.03545108806700625,0.40553062789786876
939190.0,0.10650354393562567,-0.2490773921974112,-0.7216383447989765,-0.872674719027223,-0.5392091145105471,0.20726750134034444,0.5609232245323921
939191.0,0.8845151945229381,-0.30873126686911734,-0.6235790321465333,0.3052148417049816,-0.9564802278510935,-0.5810699156487316,0.9089962461713428
939192.0,-0.700088197566026,0.4595422940530014,0.3986277015079762,0.8232181209184004,0.5986908966321265,0.7426113978365487,-0.7268281015351576
939193.0,0.8498350446143956,-0.5857606672621423,0.6684263970766597,-0.29116135265539866,0.6562292159703897,0.6409103856117522,-0.30420395142966594
939194.0,0.40142113905903853,0.11210586139356171,0.8754632714047637,-0.028120573384654346,0.16793683803902004,-0.18566263009768003,0.37842073348044836
939195.0,-0.5923133755716439,0.8454211289939741,0.801361780285466,0.3929387060899703,0.5062290469177071,0.10196574325931529,-0.5223738881095747
939196.0,0.43631346351419364,-0.4175230833161121,-0.5756038711153608,0.9885526121719439,-0.2573312881213441,-0.4222946302911612,-0.19555815287721234
939197.0,-0.3587343854581393,0.2262530702594998,-0.4280697464661083,0.9415118062196703,0.04064349077429519,0.0759313057601021,-0.6896199869039699
939198.0,0.08794898631489745,-0.6847155434309877,-0.7185206703706757,0.033780398842945036,-0.20526563398169806,-0.4783795675979383,0.796318677339533
939199.0,-0.5420295604441379,-0.41305383551916885,-0.46474710013099974,0.05847287431458725,-0.1298312748158328,0.9267283907138912,0.7952068300072883
939200.0,0.6019729840296186,0.5082707471194345,0.8207446809295085,-0.7600391166778917,-0.7020618532400211,-0.6863658130204373,-0.3188847340596046
939201.0,0.27649492904432993,0.1715206397770359,-0.47266709813066754,0.9977182417582862,-0.7455119075252885,0.5340920728899479,-0.5160983955788958
939202.0,-0.16266807623076884,-0.5723123080732782,-0.21326694115142653,0.9181843784698365,0.35426296802831203,0.22496450329519346,0.5928196828321077
939203.0,-0.2726034478890207,0.9777239100878619,-0.36674959646450844,0.3007868718473361,0.834306447133274,0.6597127329299275,-0.977281022265376
939204.0,-0.6019236362485703,0.14927350992963695,0.9683951793310199,0.6085783349747387,0.01906130008509188,-0.34094696601533614,-0.07630636284608827
939205.0,0.9531020075271843,0.8805198291082881,-0.4137471947342395,0.42612073430059194,0.10622500760951636,-0.9544970489870455,-0.03329066173754858
939206.0,0.8399495573919482,0.8968260092929021,0.9984998764913928,-0.3841396636305592,-0.15766596060732363,0.5230318611668463,0.6214712855515736
939207.0,0.49040469040592227,-0.8741237520352909,0.2960748033977385,-0.09805087494123677,-0.6878711009752236,0.4664172283544499,-0.5776876389160817
939208.0,-0.01207932599302075,0.31894248736864417,-0.7017817027898989,-0.9476273427884616,-0.06986829375448389,0.4017626195689614,-0.5233637126389712
939209.0,0.48092795943221756,0.8792768697291333,0.5957643626479026,0.7426054787040275,-0.06589072475741542,-0.4669640492681393,0.7465465679381698
939210.0,0.9831225836732462,-0.43820398091880897,0.6773163898691215,-0.7496120228044301,0.3209886185693651,-0.08505604317333049,0.6418112703545897
939211.0,-0.5937844283660221,-0.04077879566111653,0.8214921492962153,0.6876209866623848,-0.20886872433721937,0.5333012193291942,0.6272098697578228
939212.0,0.9061972686911188,0.28988442373887446,0.8831443031584618,-0.8553060959973489,0.12686638544650997,-0.7488732714624882,0.6545038775235419
939213.0,-0.7687703456161772,-0.45467650787446434,-0.035825677610983764,0.07181345649408377,0.11661552248507179,0.1677898749222575,-0.5408587960764255
939214.0,-0.7515525948256179,-0.5634990295343927,-0.3337718856268437,0.04155990118716835,-0.3689893566752487,-0.17682804053399015,0.7145186744269283
939215.0,-0.16395625412119053,-0.6801341402089307,-0.7702827250053734,-0.7232719086192727,0.47950343616730584,-0.2581854104423751,0.13629344553226774
939216.0,0.2472783894805961,0.574551308803283,-0.5500434815743387,-0.7228705708714211,0.18691952802612088,0.5663191356323365,0.1786800248089384
939217.0,-0.5958110095122291,-0.05599259436692128,-0.35841241800619716,-0.5018234076008177,-0.46509896864217115,-0.5723322301226377,-0.0041373298204245845
939218.0,-0.5215007193279699,0.5796129599975697,0.9381160948650515,0.10539172702660271,-0.8958182289128851,0.5075137381951278,-0.48997278857305493
939219.0,-0.09308189152973068,-0.06977762699926426,-0.6654885030128421,0.7696274824977085,-0.74191638278708,-0.06570406174189203,-0.08134171595411432
939220.0,0.25230232070339875,0.6306099694790868,-0.7575258869983557,0.8967885331055252,0.09556472489833956,-0.315653125127088,-0.7311468447977456
939221.0,0.8934360750764707,0.5592415466711607,-0.2736617592791857,-0.71081521957245,-0.7071048033312601,-0.1229673519466683,0.19329033612009971
939222.0,0.28171959675357017,0.8512623193457944,-0.3309802893263978,-0.5188544532041373,-0.17628888287359,-0.5953946407119928,-0.33594371625045727
939223.0,0.31354516999001647,0.8609150714793403,-0.33497589717480003,-0.36540943570689866,-0.8571345965069155,0.6856510768071289,-0.9454114136179854
939224.0,0.7214574698624316,-0.2997326712193231,0.6619209381638977,0.5411478398107228,0.9187293382909465,0.537007959882408,0.5305531214697004
939225.0,0.6125530104972332,-0.0022327785447631143,0.892563426085432,-0.9679668113603108,0.4315571399037177,0.49934594488791295,0.9831569657270793
939226.0,0.5153990806857289,-0.17182521227959646,-0.6702292658529807,-0.4609469420320931,0.9328816775162805,0.13908095395496156,0.05776115924853609
939227.0,0.7205883531903172,-0.8370559011680134,0.3568492240054568,-0.8740076170425237,-0.9586583276905078,-0.7344127083088541,0.20574342098860354
939228.0,0.11510811084392691,0.449854745076818,-0.7727054319001601,0.3166391371492854,-0.9132325606459073,0.21375249967239762,-0.7184637296029308
939229.0,-0.2892413668483531,0.515769876111491,0.6979828099510637,0.2596659157363732,-0.7771194875876375,0.005616236599840008,-0.2729319435399502
939230.0,0.8708899586646999,-0.7100218262155149,0.04715715727738656,-0.7625908308024398,0.037235152873828836,0.2638120552669627,0.45388565060424635
939231.0,0.30491153678487093,-0.29218385179064965,0.7279659745799436,-0.24313990220957749,0.6584029915139407,-0.11614200639483085,-0.026058948854462693
939232.0,0.9110326063520782,0.37938441919384114,-0.7021408178993644,-0.43210568932066606,-0.85484453815789,0.2675810711763915,-0.40898935917996937
939233.0,-0.4854464216065213,-0.20080039841943642,0.65900254387168,-0.8113107062979594,-0.734958216911521,-0.5004966060973004,0.6759178123789888
939234.0,-0.7479721254900917,0.33433010720379097,-0.877081679505082,0.37012911497035605,-0.5212863109338457,-0.3688160994458223,0.9446580768945885
939235.0,0.26006969326995066,-0.8712148690889379,0.14407660795347832,-0.801967250506739,0.16727820860469,0.5021300912828675,-0.9195722533411896
939236.0,0.39719943958677195,-0.6212737020562569,0.5339086139861129,0.651907674653327,-0.29817576397617374,0.6112519948640491,0.8231419102228297
939237.0,-0.7171493594917435,-0.270760520671558,0.08135313494943963,0.29285285386230253,0.2747021405048593,-0.6962632859893003,-0.2876253356934335
939238.0,0.3332931423939578,0.6351298723613032,0.3856886799531323,0.03727162167603759,0.11842689718512278,-0.2563382361315185,-0.5873521797667383
939239.0,-0.778688512763942,0.722931328261615,-0.9541852688980204,0.5528550409124171,-0.9321520277584847,-0.20778550031054177,-0.8856777095887305
939240.0,-0.42585595174280444,0.4748063742295685,-0.590560540438325,-0.3802464720181351,0.4127504766347223,0.8900859443251152,0.8134570111554416
939241.0,-0.9275325066225084,0.7703350376364906,-0.15562133699993708,0.18620588504555857,0.08816995597382293,0.4379112876783824,-0.25091015169739816
939242.0,0.7115938105213606,0.07240318174085503,-0.40880392552401257,-0.28134344556710955,-0.763195622760694,-0.12415470146707097,-0.6636584941905979
939243.0,0.6011893777043449,0.160845779726148,-0.6015257038779236,-0.765947636485794,-0.8769831773814569,0.319332550247865,-0.6545134108512978
939244.0,-0.16505544269588301,0.1590484441886697,0.049269779070345354,0.7501972029002977,0.8071018390765257,-0.22478722211446334,0.4424719716102383
939245.0,0.26820614394743436,-0.8882925505939381,0.11986470008395034,0.8836708001597544,0.46885312465047946,0.5510540362897005,0.1574007479957007
939246.0,-0.859779084935747,-0.11463914274489917,0.15688764714637093,-0.02231587785249789,0.036098523386549175,0.8412570321638975,-0.2553448803391116
939247.0,-0.5862308309310884,-0.09584126635592405,-0.9247562591581648,0.5827260965216221,-0.9410790737832708,0.7363896414196682,-0.3462890453216585
939248.0,0.12064213231181853,-0.6980427772932789,-0.6510958596215337,-0.41584995246171674,-0.11496394632933749,0.6397095778473256,-0.21217758531135078
939249.0,0.8006714098443999,-0.6535720077295339,0.8605033036104144,0.0031988558750617457,0.8569913176556809,0.4638200690531131,-0.09883419225590973
939250.0,-0.9620564745937448,0.30075674638683414,0.42947265206051655,-0.57019627488926,-0.42890091118138685,-0.6086838761148821,0.48929825716719844
939251.0,0.6564856280951041,0.7744161686373461,0.270156175651286,-0.6967522285736443,0.4563904483871679,0.7774188550055077,-0.33396748476734506
939252.0,-0.1836439743315046,-0.900898964361643,-0.17036988471262782,-0.5558794887555849,-0.6297180702737553,0.2631060586254821,0.5739316794885425
939253.0,-0.6859392843431888,-0.23937838857334048,-0.5238324093142808,-0.6161441621865922,-0.8427830711716979,-0.41609686899815346,0.7573112581972887
939254.0,0.8284101607580834,-0.46161762783688953,-0.6743106813676059,-0.668541850427407,0.9946479575190668,-0.3222806121514912,-0.17013812172014942
939255.0,-0.9798776373847644,-0.4528095323937116,-0.5071745566340407,0.06823170360727704,0.8533784415826484,0.4281915390545692,-0.4311983767569032
939256.0,0.6396619477985339,-0.12384887034377035,0.08835730104301764,-0.21987625097740415,-0.5167733950340894,0.6618569945091897,-0.1705355948902445
939257.0,-0.6087682833565009,0.18219467319783234,-0.7163817707837734,-0.02507816199372881,-0.7711179425823553,-0.6914382285132894,-0.6370549101459735
939258.0,0.3257994779188613,0.5190154240964873,-0.23832571402373337,-0.7301802049764725,0.5719452454367278,-0.568280542309918,-0.40075912529106117
939259.0,-0.6416622389716733,-0.8201236048003016,0.14473503780404307,-0.7026456605822291,0.29064541492048535,-0.203240042114456,-0.6349361865012788
939260.0,0.5828321220200385,0.06268546298184807,-0.14045489566648306,-0.8699916790467366,-0.4352332442007467,-0.16081197707284867,0.7199973932327999
939261.0,0.19634607215421052,0.29989237661163015,-0.9986698830260992,-0.9082599440434234,-0.3855618250881172,-0.623635207742731,-0.05965365998767469
939262.0,-0.850428334064026,-0.44829313423950534,-0.22395123627908053,0.4516791013986763,0.6849345240921696,-0.8553276805896259,0.5849577714470808
939263.0,-0.370243447885382,-0.661584109330722,-0.37340080780886753,0.8803358469401283,-0.1820340799350777,-0.5572460665599488,0.9579135952051838
939264.0,-0.8069546056770971,0.783301308925956,0.7635316595131918,-0.09097423646880687,0.5022882928926815,0.22414256157820378,-0.5470730576440375
939265.0,0.4193792685755484,-0.6454991021002843,-0.40237786045357504,0.46019026622242376,0.1889068838251866,-0.019142451051438636,-0.9763631596350295
939266.0,0.1727514233138625,0.282867186355205,0.9662928275210643,0.7561852558422564,-0.03990770556014844,-0.22583118949334846,-0.07714117853431857
939267.0,0.32420957041690657,-0.10551111428053073,-0.5470635641679553,-0.2562733817242242,0.8869812202981047,-0.14333358647798944,0.4724895915603633
939268.0,0.5842934397203989,-0.3723159055427001,0.6984807281160712,-0.9539617592069574,0.7821705108663171,-0.3673469785704475,-0.7030994672218849
939269.0,0.8546530714375769,0.7478519938198394,-0.7142354355565617,-0.04328065191042607,-0.8639869669425082,-0.3301785866073399,0.9755967130407375
939270.0,0.5702583925720097,-0.05667857076561589,0.12843618911760202,0.09644767611500327,-0.33948561474598105,-0.23179118996855053,0.17176546410149762
939271.0,0.48009338101493726,-0.12135971996043415,-0.1938890687567829,0.2597737288519868,-0.6609408729248414,-0.751194806833088,0.5188986149797281
939272.0,0.46170059405534425,0.7251254883046132,-0.9567076120616886,-0.04455495973569623,0.3638092805918267,0.7232434769827178,0.8039173737304421
939273.0,-0.6705235020312035,0.8179733598647956,0.302472578876281,0.04707476557338697,0.2372768015552027,0.08403562225428729,-0.04269270139754133
939274.0,0.3592312415991463,0.5615516517411514,-0.3833642357274132,0.7160432326910118,-0.0045534674653722185,0.08833498702265974,0.1557658455591806
939275.0,-0.7336125958475059,-0.3805152936290941,0.23932503045683484,-0.628194797265194,0.9189422850214424,0.834238185082061,0.6759410801770254
939276.0,0.548576400883702,0.24266312897114606,-0.05017682377619703,-0.7410236502195979,-0.5555437295535011,-0.48794223900096223,0.26698114008079865
939277.0,-0.9637757404377651,0.34034381190506524,-0.7813109229794031,-0.5494920024689269,0.10726287331850948,-0.014967055359346393,0.4538040016894038
939278.0,0.36647304677086745,-0.5345927392171881,-0.006804439741803225,-0.7557786311872006,0.4603629418856987,0.6234900310707581,-0.1396604814063327
939279.0,0.8440711625130335,0.9850642133252014,0.7187873122353696,0.7091524545695278,-0.9152847887078821,0.7113576466877616,-0.37626213170893696
939280.0,0.48363327995994565,-0.01639155078705934,-0.8506778352227098,-0.24744189337413935,-0.7845523438900786,-0.8935895620426824,0.6780306695581984
939281.0,0.6211404448608413,-0.07351209590026153,-0.3109026534655126,-0.07278139112809989,-0.20984143982473835,0.6803158516091941,-0.5484169522755324
939282.0,0.5842632843744076,-0.523256876440312,-0.2230355712576697,-0.8325165760680591,0.554641570137393,0.6815019527919237,0.34259306394769884
939283.0,0.805293490922403,0.6977116769152243,0.4511291417054377,-0.45719284276718497,-0.0721867109204668,0.6417681110938438,0.5819838117048981
939284.0,0.09654580380950173,-0.7481100811497134,0.04654612772500211,0.18794545462529677,-0.08434277266540491,0.120635216270496,0.6860398794046327
939285.0,0.6407626907775292,-0.652420605355414,0.3711595715432692,-0.3370358470656116,0.15396489691735749,-0.07298244614967264,-0.36530995756834206
939286.0,-0.48271158100592615,-0.8522980916530443,-0.26671671610457803,-0.33155824826961444,-0.5297541446699443,-0.04022541991904971,0.2778310608221555
939287.0,-0.9202844185016328,-0.6391352910198618,-0.5435175211831054,-0.4895052414226917,-0.22987453612032982,0.9141876445189663,0.8016350273593269
939288.0,0.4344236813335931,-0.6940509135939992,0.4189326460503433,0.7310771680482011,-0.6401634268193308,0.1761575901273733,-0.640990461465214
939289.0,0.36805545029916176,0.984425548950723,0.7402199261412672,0.724657040458131,0.9339470528548406,-0.9111066008699784,-0.5647108712216511
939290.0,0.5751091046849401,-0.9416535369153696,0.2116140397188624,0.32142056882510106,-0.11721188414121708,0.786040672886386,0.8875436919255231
939291.0,0.49742022057989743,-0.6675458850105096,-0.90194323507153,-0.772002309150996,0.6058736861142453,0.7735983614945914,-0.3259801771080597
939292.0,-0.4326032668043063,0.44206496311594123,-0.09137038677273202,0.006565535642781839,0.5905815122141285,0.18979312221150146,-0.42415459052517956
939293.0,0.9555810692138613,0.5733379214753067,-0.6469658788264692,0.9719894535133873,-0.679762399167942,-0.800936088249931,-0.5361020221522426
939294.0,0.2913519411893688,-0.1803356404938119,0.6673641909087582,0.9077313065816417,0.867244602723422,0.5970527960840488,-0.7490562520420441
939295.0,0.9042885062746235,0.5611023590584563,0.7376277685214014,-0.8051928954011458,-0.5664432301965048,0.9283056248766663,-0.8008369081753453
939296.0,0.9609700768275762,0.7733673076169012,0.7491610887840463,-0.21429742175429767,-0.8253204619262502,0.3416158692161455,0.9015300496474352
939297.0,0.976935616981528,-0.13277199033775444,0.6530967056572143,0.7755707427543412,0.29986614445446635,0.4671321085059561,-0.426254413128925
939298.0,-0.10126736003476977,0.9751587941808799,-0.11298809214680094,-0.06368319871809214,-0.8287587591995988,0.5902592217008436,0.7670152893402347
939299.0,0.5479443776288417,0.38554128329534576,-0.12836635252977868,0.6935000409830667,0.7008509180907634,0.9739095024136115,-0.515930076273013
939300.0,-0.8895557971362398,-0.764669589838207,0.3595249722667577,-0.5106742648186615,0.2609599438866148,-0.7247400130993131,-0.465430110903688
939301.0,0.6827737731136132,-0.42424056675801514,0.7898733264755227,-0.34198035624726053,0.9467944357268572,-0.7128887222098237,-0.9144519109784892
939302.0,0.6771315057649856,-0.9425237838161551,-0.04917336964739594,-0.7823071869062956,-0.4404039627006555,0.2101851521858762,-0.8663550378285829
939303.0,0.4211519392554113,0.12095818923911406,-0.183489018356509,0.8900932885749306,0.2840048982096288,-0.4147454288020682,-0.7913521227898119
939304.0,-0.18187704745088484,0.9555568052085786,0.23220945509121216,0.4306551927078739,0.3743335913000865,0.04995007728292955,0.9090169999480497
939305.0,0.7637705753992958,0.6779491009585061,-0.3275253674007659,0.1302141214985688,0.6207871063866222,-0.8633627141782194,-0.9840378979078339
939306.0,0.26064654982697144,-0.13684789001071507,-0.554530246481207,-0.8075902757291984,0.9014286696888663,0.4326618474585613,0.6387516565544729
939307.0,0.4173870225236289,0.4902541605957451,-0.16128446821480824,0.7286490563446597,0.26721396990667645,0.09892156505556593,-0.27153389844757103
939308.0,-0.9460070175488651,-0.6254870597799569,-0.18553767815260125,-0.18390267055790788,0.029721412287817328,0.4081934190573975,0.37939961724537064
939309.0,-0.3132883697104327,-0.15966208899763346,-0.5596594010235412,0.3459825391713731,-0.8298311479689078,-0.42306598447404853,-0.23195406050071954
939310.0,-0.18871381107390328,0.7951644574283308,-0.010148000847112426,0.16803261761613575,-0.13044515899921905,-0.6396713728022776,0.8498964667139259
939311.0,0.5708150014187046,-0.9782129164476303,-0.044941259634855735,-0.6102684804731648,0.5824237012669029,0.2988575450289881,-0.9010820106834005
939312.0,0.27981784027130274,0.3602765876385632,-0.3288158286088636,-0.501792038582048,-0.03409788339974473,-0.5621666297655827,-0.07371834365045449
939313.0,0.4966357778907271,0.3347086708141802,-0.21265763626197143,0.4373430414773609,-0.21925028964920346,-0.8852157753150873,0.4347511217218336
939314.0,-0.927913419791357,0.14884073793538688,0.9034009593543804,0.3893450016295783,0.8239768472876989,-0.43554883996818305,-0.00490479338295402
939315.0,0.8742391404288823,-0.4037506159678481,-0.6345809222572176,0.7111343769243936,0.32613825830522036,-0.7656257459694493,-0.2974523391483812
939316.0,0.969723061564743,-0.30863624656343136,-0.4659549855110918,0.8667651234986808,-0.8044946471810162,0.293138316407469,0.26350954757594747
939317.0,0.21405927953684944,-0.15304834189075067,0.5561940712327542,0.2353561693885764,0.2833428789369623,-0.9312198505078477,-0.022925025100742902
939318.0,-0.6637223091158773,0.8861254776528751,0.5556289647685084,0.5023123762402273,0.037225311103489034,-0.09258495754964624,-0.8476181025053791
939319.0,-0.37952901386521853,0.8694637681274615,0.3910203370978045,-0.5498331560112519,0.18583493821932073,0.7001301324955287,-0.7314449927343345
939320.0,-0.9771046495034956,0.9005173015252312,0.7565177530399518,-0.16615484851656048,0.3532588117938278,0.10639334466237682,0.9652018575656163
939321.0,-0.830050059457146,-0.4107435612848145,0.0396416371335766,-0.650460798982017,-0.040806693031747,0.4642736402065064,0.24321252214151357
939322.0,-0.09853041239143456,0.8010003463346378,-0.44753671629937486,-0.07493135220574931,0.23783816221171095,0.4886859287708478,-0.07042999486387846
939323.0,-0.2488497052654859,0.7458250096873043,-0.912657318277952,0.7930280486253263,-0.6729498775830303,-0.09085982361037304,0.12808318558359022
939324.0,-0.13406896090924758,0.6148025677220947,0.10999263290775385,0.413879710632326,-0.839653495344094,0.8900342907304075,0.8775004987282136
939325.0,-0.8330826939812379,0.9887992215382371,-0.5235882208858624,-0.2812961804906762,-0.75367646051236,0.04110686336338021,0.3707283785862723
939326.0,0.5485283982931886,0.7352975065582219,-0.3635749011337053,-0.8779235044604079,-0.79401805770109,0.8583994818742096,0.6484227070205675
939327.0,-0.5020404169842916,-0.5183581800887784,-0.32674529718408785,0.8636087774442454,0.23964301944975008,0.060351183175962664,0.8077846912378512
939328.0,-0.6601495768032213,0.022961675130063197,-0.6238513945994535,-0.7524686948582058,0.335006029101107,-0.34855760074465514,0.48356960210792943
939329.0,0.08140554671270728,0.03595987419827251,-0.9818019664126685,0.8203351876760392,0.11701728621971164,-0.6044219738102803,0.4739274769980011
939330.0,-0.40275490224094845,0.4134186896320009,-0.1549731483777168,0.20867665830078463,0.363000496636104,0.5406864067971826,0.5880227970397647
939331.0,0.7628529634722605,-0.8970025273458195,0.43277809157542046,-0.17388638335867923,0.2711650502870582,-0.42345296735338334,-0.6302669339204678
939332.0,-0.6253293832886202,-0.08051961808859476,0.6243971445308352,-0.4845326973997588,0.3417046223989533,0.18370210513867713,-0.8762941963501201
939333.0,-0.9613930138175046,-0.22173750944849502,0.4695857024993826,-0.9194528220425648,0.6461266104844823,-0.5758691495025434,-0.6938606076635558
939334.0,-0.44077037661056107,-0.6806763117756933,0.6840340732364136,0.6677909112136886,0.3163481989959456,0.9085737587414124,0.12082214418761272
939335.0,0.07599785692348315,0.679091556717331,-0.781991151582399,0.9408386444100434,0.7768006109275984,-0.7529929807517293,-0.19915652391463712
939336.0,-0.8945731755475426,-0.44626499127297614,0.9762770894943562,-0.7992482553262037,0.6685217217709012,0.2901467415275871,0.2769326802086587
939337.0,-0.47182202546592356,-0.5429354711977004,0.6390395858022098,-0.25417952896742846,-0.9855619677199525,0.9326048780770446,-0.5745810625108152
939338.0,0.6862015811233884,-0.048919753815729106,0.5222173596192352,0.24167554497139276,0.9445067028940142,0.472176806809143,-0.13285135229208134
939339.0,-0.423236500825134,-0.9256129232236914,-0.3578095737369271,0.7719984900248533,0.7441809604053538,0.738618769726177,0.6592577326452886
939340.0,0.7034444356089984,-0.5440514506264211,-0.9130104363413403,0.13745000908514626,-0.4227904174015946,-0.3181724764714975,0.18295062548150987
939341.0,0.744436186138159,0.6591467950547154,-0.9716613281424495,-0.037696021253113,0.35194405579799604,-0.05267997332902241,0.19641898484088127
939342.0,0.05911892500057592,-0.06774296274724723,-0.6065899747279613,-0.5797283385427652,-0.8203050818742046,-0.40469532154478816,-0.6113791333434904
939343.0,0.7794538270054645,0.3660484054782105,0.16937955051852294,0.31152266452412025,-0.7741534178035658,0.6613246013771092,0.32142589912711794
939344.0,0.9457861502209135,-0.3900976388952977,-0.44915032045354697,-0.17243860113082365,0.2691923025779619,-0.00645566542865228,0.17643362594949763
939345.0,-0.2713858544448171,-0.6700642898812772,-0.20263027930398114,-0.1364476822527385,0.27342110647343976,0.13393898575422059,0.9288370832793722
939346.0,-0.8242670272401051,0.9665555218925075,-0.6432427642584562,0.6610041274066749,-0.6238167024002013,-0.9965621334597241,0.22534571812251647
939347.0,-0.5056129248768653,-0.37162836016579104,0.3457274956881251,-0.9878776874563737,-0.9307476044674037,0.8571423568091967,-0.8164675895421893
939348.0,0.5613529446155479,-0.09627891071191375,0.5007261276870609,0.6588750928409008,0.9011942570805913,-0.034612610936629595,0.502469736689287
939349.0,-0.3342283972625779,-0.2476885570844587,0.26285117093665944,0.192718890599602,0.2526858842918389,-0.5511056184657417,0.41871055254702005
939350.0,-0.42407151597119186,-0.5606265095240397,0.9106386638910862,0.9445446179412871,-0.06345226998490205,-0.345334927162231,-0.028941409836759968
939351.0,-0.39473828320967086,0.27097462885178425,0.3683807212611456,-0.47747391954734986,-0.32045463067315993,0.9122494776560843,0.30688654224691825
939352.0,-0.5994951456126898,0.3593979324938237,-0.18906381280621054,0.043684316001148416,0.08620085369095354,0.4202299382721688,0.7691316537274031
939353.0,0.8476004577112728,0.16977067033030857,-0.14366630168451344,0.860425806734298,0.24534980315576238,-0.14036745006925733,0.745276915671909
939354.0,0.10113333891333487,-0.5206380546407292,-0.46389576537270094,0.7090928045162961,-0.4401898253496601,0.5206332188121159,-0.5788952285877931
939355.0,-0.9221732116425598,-0.8562905725650569,-0.8965623316945028,0.5742994067065974,0.1451484834495862,0.7437450519589093,-0.07275286602669961
939356.0,-0.08810567143427783,0.9006031102809005,0.33814072555232033,0.429142831148567,-0.8827406968733025,0.47673431908647745,0.8153503999118688
939357.0,0.711741376506906,0.2989065753834421,-0.38066153652609325,-0.7384576291483202,-0.9284410302940225,-0.5470059153864846,0.0005237793351502429
939358.0,-0.2875787757214314,0.30973252675146723,0.47393452982676854,0.15559537020740466,-0.7242966957548573,-0.7238285337867467,-0.06184583034020896
939359.0,0.6496333621279302,0.14963409424659524,-0.7926383673968498,0.014070763077077109,-0.9512681417503555,0.6666836069333884,0.41790002952346983
939360.0,-0.8397964818516417,0.7284485348160368,-0.28764632886603847,0.39483078387485704,0.4359278208920252,-0.16927845066393443,0.46504112621464877
939361.0,-0.0060950739768990125,-0.8891124857822668,0.20913617675389706,-0.8589464774932951,-0.13981245272845277,0.3576952388558723,0.690035376666982
939362.0,-0.6994138632765223,-0.19929197274809152,-0.7193277458200038,0.6979923455797246,0.7060393157776543,0.34594172975753223,0.7925772494991281
939363.0,0.8353690341572286,-0.32452576304106895,0.912968316324609,-0.09526621710122596,-0.5324860024968179,0.4420527793466067,-0.8531709628646533
939364.0,-0.17484232166653824,0.415799951630377,0.983070816182388,-0.3886191278252549,0.06816247406508724,0.07865081708505484,0.3864422699338175
939365.0,0.33165959649092125,0.2581927905972885,-0.8913595114701596,-0.5209096240881823,-0.8822342709715425,0.2511872745664936,-0.13302511097105252
939366.0,0.07162130918481457,-0.37410207911468896,0.21355401964848353,-0.383291471168534,0.19040065276939022,-0.5726870352119167,0.9300677371764106
939367.0,0.5112601833397752,-0.624502730936463,0.5939431524573435,-0.262999456709031,-0.0775416089014378,0.6874970156202604,-0.5119132982128083
939368.0,0.5282673588126521,-0.9060336222536547,-0.8240432299487896,0.4382543251389974,-0.9124406907853255,-0.5972087888247737,0.02444918845514321
939369.0,0.7234027567644672,-0.5053829726643038,0.6724686454180326,-0.90553494343552,0.5852462995215248,-0.11672874562351532,0.6572985832426002
939370.0,-0.15328585894777036,0.059677805076830515,-0.4866824733878128,0.10925067004376454,-0.7565444234168957,-0.6698272378575985,0.5248944045740185
939371.0,-0.3062094044215542,-0.7799200142936857,-0.2947461708291288,0.7065887874170818,0.149221836289136,-0.3807124831065034,0.6033108353259793
939372.0,0.2234921441959863,0.4342480046399013,0.5320432988291282,-0.7093847704625953,0.16275829710505785,0.4524252304038394,0.5027599844134212
939373.0,-0.3203205228478265,-0.39021413415972805,-0.5690816238845,-0.4621385295589717,0.5275268262152799,-0.26295063469138436,-0.6223886454638479
939374.0,-0.1307199639933796,0.6930385962592573,-0.20492724499886328,0.44142142761313985,0.7985781580441278,-0.9960861802850907,0.5806863942788638
939375.0,0.2359217898791428,-0.05888793134524506,0.6411489466408986,0.6160189448199953,0.5746960637835505,0.7584000554696957,0.24297637511804426
939376.0,-0.48180873561634097,0.9769654706320141,0.8879617640117154,0.9029276512791458,0.9941526441658961,-0.5648285690410713,0.3368847723356776
939377.0,-0.9400903412578885,0.4784629105581686,-0.6633772147304786,0.9622395453222734,-0.21041077164204047,0.5185165845975144,0.6289934390336984
939378.0,-0.2469063193381995,0.9503784229509018,0.9033994540647219,-0.01152590422269606,0.7191534901657084,0.062209677915363804,-0.998761873344322
939379.0,-0.20001217276956784,0.21290494162561702,-0.4646285471807401,-0.7411177623691545,-0.7792063011209329,-0.3927438493809361,-0.0822556081771948
939380.0,-0.211994963581845,0.5437159776240048,0.346185370537359,-0.7616021631496808,-0.8976477853427525,0.746036171945448,-0.3380525489648265
939381.0,-0.6935370463741968,-0.41693295228082783,0.10430502916900175,0.8447839931875551,0.9585581545497981,-0.886186348165257,0.9371796387478339
939382.0,0.6556655269347833,0.34751610856471693,0.29335376322862694,0.7317479261908497,-0.2169707706729238,0.2192829794010378,0.3917196883076608
939383.0,-0.9274663679085617,0.33334626548562674,-0.0575057725076773,-0.8274063648104324,-0.5048341739043849,-0.05458955338435789,-0.3741828115770789
939384.0,0.1988790942977059,0.7570044580145032,0.6352274185310094,-0.3908799917504502,0.5578660620274809,0.07835646574913002,-0.771117365207932
939385.0,-0.06707461766746148,0.5035688595650556,0.9335587685002302,0.6172443371150249,0.07746544110852027,-0.24351965752931526,0.40436948997156774
939386.0,-0.40051518095713123,0.912578488259711,-0.7168128734449046,-0.43707545236447953,0.9415970475866695,-0.6169598083944943,-0.36426887785203976
939387.0,-0.24066398663330024,-0.510279513167559,-0.2720449031069967,-0.01137741205945364,0.6909324340307916,-0.5186384185688366,0.21557821239022146
939388.0,-0.8520262801095233,-0.916675092031987,-0.9948595389758175,0.09981307866846323,-0.9086425097255546,-0.9901405803609706,0.5406471033286495
939389.0,-0.9973597537253043,-0.9325018519374959,-0.3826322933237922,0.7035472557048379,-0.8391284194866315,-0.7322690083407459,-0.10354425381519339
939390.0,-0.8324965426108857,-0.720680632433075,0.44993123779636224,-0.7175297988691858,-0.2651822568061317,-0.009230897090340084,-0.1070564763037336
939391.0,-0.85403708322526,0.5388631691221482,-0.45129373082412516,-0.29206553926247336,-0.2706107381853078,0.9923825114844078,0.43387785856622396
939392.0,-0.36800355839791243,0.9825439509835061,0.6498254562425116,0.4711471060797179,-0.9304897692279119,0.5612553974282892,0.42006609237505743
939393.0,-0.34777580335311753,0.6589087883865417,-0.03486358513957022,-0.9612989691861029,0.4838250216612068,0.8054617216279165,-0.6175006125529876
939394.0,0.8497711307297957,-0.6835600818545899,-0.7008585815141419,-0.4344964762861592,-0.6306387600367354,-0.0012122505385527838,0.1497741734097071
939395.0,-0.33120019745594664,-0.45197077742499125,-0.4852793419916581,-0.37783508709128855,0.10502708352145262,-0.25417078174717345,-0.5063342277872764
939396.0,-0.5025239012011209,-0.5445873132209633,-0.5678549882325239,0.4316991559576868,-0.7303839502849134,0.2610119059392253,-0.7704268461961752
939397.0,0.16814003403091804,0.4701072727946889,0.5634361891668367,-0.9385141536267427,0.4150925101432026,0.36389919388398173,0.9214310237623753
939398.0,-0.06898575561001241,-0.8756922632880066,-0.4475215437387514,0.8009866327721991,0.46028961067961216,0.3444859596758285,-0.3245235801820803
939399.0,-0.2514748054540068,0.24570281501123903,0.2752449993881616,-0.05363463774216615,0.4702535513242767,-0.7105031283468828,-0.9351098535092948
939400.0,-0.40302010981932557,-0.9795786782355054,-0.045741938072540345,-0.38492397485603935,0.8276142500432857,-0.654832912213722,0.2871371382479828
939401.0,-0.630563769539912,0.018232851162530483,0.8442529951063136,0.020322878585031123,-0.8968203336180527,-0.7875376278637991,0.5505220801997968
939402.0,-0.9013742891145216,-0.0054508295571393806,-0.6695524162934461,-0.4409458208129273,-0.8804083520160411,0.8864672808017715,-0.13558471075822087
939403.0,-0.2374088408611379,-0.12446507080421298,-0.5146028087994667,0.9802274459744573,-0.9645690596457801,0.026964545258925332,-0.5831688852849237
939404.0,-0.19492105815057115,-0.6010608373330799,-0.904070051442962,-0.5073087810169086,-0.7510546789721049,0.5085831161404746,-0.5298479087846122
939405.0,-0.5101602179445632,-0.5743751734190752,0.03396115953577561,0.7303866037761226,-0.08541985128904761,0.12215523598700662,-0.633289574332631
939406.0,-0.37814962496482596,-0.2240288786457898,0.006612797935306558,-0.9376719876778512,0.5565444446944912,0.6738802558964774,0.0972676476572476
939407.0,0.6939338099089514,-0.8352417665405796,0.6437030017106973,-0.08882166421088389,0.4261555165172082,-0.6218852844935279,-0.8570838790863122
939408.0,0.7305537788418726,-0.9301522130475248,-0.6598583977859176,0.3698406284822986,0.6906864042976615,0.08370406410204301,-0.8976274244943263
939409.0,0.5852094507959924,-0.8048657682296334,-0.3733742409707641,-0.7337619437208358,-0.4257254181893455,0.1633849208100253,0.859216626996796
939410.0,0.8999036361963768,0.6342987361895955,-0.18080758592849566,0.3450241707997759,0.6615815713530222,-0.04374742200639381,0.9836814319037619
939411.0,-0.890827245337442,0.5937015538553441,-0.696837967542012,-0.5074851773005149,-0.044729287417662356,0.13451278421717539,0.2514865729676743
939412.0,-0.7147423506274109,-0.13614487694759259,0.27428663959775856,-0.4742670232371362,-0.3762596020795608,0.14472037526587167,-0.580554992546223
939413.0,0.7404160448049768,0.6562626236652074,0.4386843635273139,-0.10052811998776212,0.42668941988936315,-0.8694805581765865,0.5720532110768015
939414.0,0.3152843385515507,-0.7074855314178385,0.621615109819285,0.26512379470028247,-0.33169608759962244,0.44297650127607446,0.16637140318131438
939415.0,-0.14427118082171608,0.9399631328234825,0.014939808008331168,-0.5155771672852345,-0.48378539079792104,0.943233031748365,-0.48250938904428176
939416.0,0.28043246564877133,0.3209543252624232,-0.20726737142624385,0.8885168430610291,-0.8413313709120285,-0.6584109451564677,-0.5822620156322982
939417.0,0.17268969041637972,0.45045581687475345,0.9190539892725298,-0.3946585766956996,0.7388987079061549,0.8392644125160329,0.2426972038896711
939418.0,0.9982968782607757,-0.4256510988840547,0.38087353524609036,-0.22879008780697196,0.37726972785343893,0.7978694205491474,-0.5876003419308145
939419.0,-0.614323754975862,-0.6647540067327029,0.9595225019610194,-0.9915504632268042,0.46555144715559416,-0.7567612365265006,0.012681265450881218
939420.0,-0.6580181548869888,0.4617838135829242,-0.95638631538953,0.843702629635366,0.6921460871674923,0.23498063983637207,-0.9280141572128755
939421.0,-0.38628319087009233,0.6626604051311278,0.29067618426747077,-0.8758721661819886,0.4004529944680355,-0.7179074780820429,0.5409536786301905
939422.0,-0.8193916760895761,0.4253295138186244,0.9181119170088672,0.7822261829595578,0.46444919708063925,-0.7965769644315688,-0.37787507481385996
939423.0,-0.17148084094272686,0.6630333000467206,0.10403017231904466,0.9781509445873349,0.6099678226442999,-0.6465214066488598,0.8142066990031005
939424.0,0.14390929857711154,-0.3035936852932999,0.7233804090798301,-0.9120481473872535,-0.1903704288198944,0.29522174912026244,0.6605922673712656
939425.0,-0.5445703242707729,0.25276445079273513,0.9029771487208393,-0.7133006119466527,0.6133137707781957,0.27272927664110447,0.22946884727460137
939426.0,0.12154849778170651,0.032379517608915,0.11134452932465155,0.4106453947738953,-0.28494999797381904,-0.1346615464785974,0.9975838736422986
939427.0,-0.9825529070139061,-0.14811141924006366,0.7776195447265035,-0.7802158382654794,-0.587112483966231,-0.4081859082629564,0.9430400708317603
939428.0,0.3249143186758565,0.9529301959984278,0.19605517439232067,0.8279073842241944,-0.5610974265012489,-0.938497155568877,0.9519454370396492
939429.0,-0.7520352572977085,0.7830581510314507,-0.060524959724250094,-0.5689897279416767,0.04675268655836695,0.38186385612089424,0.42859982265888763
939430.0,0.4014889094705143,0.16352909414614647,-0.7208352015637622,0.5523516615460637,0.6503937567356002,-0.957675620891618,-0.4392312826637348
939431.0,0.9631001821625367,-0.3432265651038289,-0.3060509245092018,0.9969636667668225,0.22064044370128166,0.34218145830111046,0.22332669664243876
939432.0,0.7266389314210615,-0.6325740919839058,-0.9972965778449028,0.6680995888731571,-0.5273431872920968,0.030055174358709635,-0.29946065700760527
939433.0,0.3161061155973113,0.2983882996500278,0.4706266999542521,0.9471711278225445,0.34349856408935886,-0.8185568140540642,0.513418213141396
939434.0,-0.9761525576828536,0.8673636558822415,0.5109733366156146,0.601807490875298,-0.038509258643118605,-0.021165600104932958,0.011510818303232861
939435.0,-0.5664867897776624,0.7459666934794196,-0.6418632427655697,-0.08710074873594631,-0.07020922000725904,0.5938551601757298,-0.026735483985159902
939436.0,0.15809403432229452,0.3595964345733911,0.10723784808559444,-0.20312425275126178,0.7099868487619492,0.6399807832298847,0.10927786003006634
939437.0,-0.6390077408432693,0.5257114200469213,-0.6337801436226316,-0.4753477074854442,-0.7319767685894121,-0.3386372779719624,-0.8609733789582104
939438.0,-0.7483842302646397,-0.5640765702700674,0.7985296453822786,0.8481656693642352,0.10305562992669404,-0.1702782529656377,0.704953158414467
939439.0,-0.8027267580277528,-0.5224118908682802,0.9276553207841043,0.2336558896815053,-0.28736146465386625,0.24081589512020463,-0.4678411446540127
939440.0,0.3811803682299766,0.5475578590755372,-0.6276696952122036,-0.7229330527279283,-0.05864341006294871,-0.5372105585403075,-0.21423261443821073
939441.0,0.4674085886239234,0.5756495561888977,-0.803604662806966,0.2396825478646012,-0.3279309306466309,0.6654636748992371,0.4093253529520313
939442.0,-0.386906019968964,0.8697816820660875,0.34597935669632385,0.5196694975029752,0.22195466713533096,0.6259297479729948,-0.5949816174880445
939443.0,0.32868460052581705,0.663244736167045,0.9127983710882079,0.9531097691020558,-0.732280659386821,0.924270353609453,-0.8048382549084099
939444.0,0.5525264298499708,0.8652566728837607,-0.11070172472128159,0.9859162247179987,-0.1860176399485749,0.9333966635841491,0.05554447254166983
939445.0,-0.2966132278914866,0.7345223186395191,0.2215544401013041,0.7098678573139208,-0.3404912032179097,0.5257246842029424,0.16846835050727926
939446.0,0.7051345035733871,-0.4765260214018139,-0.32481492845538495,0.8873502889912617,0.3157461421442036,-0.40018213347698195,-0.9901898750676454
939447.0,0.47252560137190835,0.6354732783745973,0.7995793893011831,-0.28895000837425244,-0.44738461332308943,-0.5466147282861742,-0.9595246071775203
939448.0,0.695683178091657,-0.9018099713337058,-0.05646469218546968,0.545179211620529,0.7980399877659246,0.1402594226148799,-0.5854824010217601
939449.0,0.3966529001796315,0.3812862161381687,0.07337378281986551,0.015000262369819994,-0.8590733683148388,0.5270869158169076,0.4768739942659215
939450.0,0.3963305837729467,0.04549156403355825,0.8572541504750624,0.4913167977742863,-0.23140101909643396,-0.3450431462692254,-0.7613727999381166
939451.0,0.08798758833556675,0.28504939511381755,-0.8711227844439864,0.6946208567967636,0.8351579200821004,0.2346967492269385,-0.7562142615688889
939452.0,-0.966910827725727,0.5350031907301736,0.6882961698335266,-0.431891117428983,0.7481965932965857,-0.4338471641799686,0.6239063066675368
939453.0,0.49160054619107396,-0.18865653783053227,0.46412476940755654,0.9504502990033332,0.3656596091593787,-0.9643081593446001,-0.3716802297859143
939454.0,-0.1659135088295245,-0.6418212312577587,-0.24223627057903663,0.561598305934025,0.15402584744917047,-0.8837686146388801,-0.7668648223113701
939455.0,0.27065789171572674,-0.09409819951860543,0.6727000384802906,0.5046694100347451,0.8004709492989199,0.44268272049983626,-0.4895196974720104
939456.0,-0.33644187232302514,-0.09383870149187179,-0.13520641080771778,-0.9578800032903247,0.44992755416174535,-0.429955001383435,0.7660161310083582
939457.0,0.8348159928178986,0.19615450387891897,-0.9269535002934377,0.2449591127029711,-0.7473100762692966,-0.33582807634079903,-0.5415083995181382
939458.0,-0.25552679165378933,0.5971517173182959,0.11770485414731668,-0.5454244018872618,0.7107114450136238,0.6839218340479272,-0.8714380912636142
939459.0,-0.3521773054478905,-0.8674906474172961,-0.28249593581708043,0.11762975015496613,-0.8174808379295002,-0.09015044503994463,0.7103011200586615
939460.0,0.8676003928852438,0.25267974070858434,0.7806235899526304,0.39554488549884237,-0.1469333793804759,0.36781902783392306,-0.682802986450594
939461.0,0.5133929061029849,-0.45980565323841494,-0.4703895467883401,-0.49552211751390196,-0.6533200568290307,-0.6070190369098563,-0.15253105305830283
939462.0,-0.6376451738154667,0.18563489711018755,-0.575815211870264,-0.18075849701525915,0.3397511197487699,-0.9363899405174112,-0.6799343509457783
939463.0,-0.7197777466472419,-0.8433163060182878,0.9619239322123236,0.13509597752513547,0.6818203215546754,-0.97443050120905,-0.6004784980870037
939464.0,0.9888314207325795,0.9597660249138122,0.39077619905143823,0.827582175798043,0.03481334169967121,-0.3552618472226947,-0.24970214685441716
939465.0,0.7084500588723799,-0.39184064193933676,0.13992574382705536,-0.12986383627881892,-0.786217370664869,-0.2986149574503707,-0.8015575929702821
939466.0,-0.0933715588711792,0.4326695679463022,0.5644359467337248,0.4876911772901269,-0.6806674423818588,-0.9402429437649802,-0.9246724574470127
939467.0,0.6077282346721289,-0.6494398940365043,0.17871366919556553,0.4480723456751141,0.33764250463216405,0.7705784477421724,0.23956137324895255
939468.0,0.7090328369077823,0.8597998808459593,0.6981813717259477,-0.7587962643585393,0.025974597155415724,0.588382512308212,0.06848346012767359
939469.0,0.8009579178778745,-0.4431667474223151,-0.0007991978816768164,0.6682421159081993,-0.33186994056303676,-0.7525848001810282,-0.4765184920067076
939470.0,0.8217075793008735,0.7253683282520145,0.3009063097963889,0.4497136600851934,0.7104305057571674,-0.8594946831445689,-0.13428826816569117
939471.0,0.14189989498365785,-0.9847701498129886,0.2426180778794167,-0.4292045818476826,0.018711295122255,-0.867520895498926,-0.4938002252441085
939472.0,0.4995464870080455,0.026078429981178264,-0.3967156498386868,-0.2598562695241451,0.8966253575077763,-0.6860336083748217,0.16362547019036633
939473.0,-0.07598310826172217,0.07623214690061753,-0.9914901778989664,0.9882420197773443,0.8775921360457977,0.7161300296406645,0.3186918593379138
939474.0,-0.16472457084269276,-0.05215754359447078,-0.2993990194782965,0.9422169414273449,0.2627595159070082,-0.9548377409576831,-0.38376818025351933
939475.0,-0.06779339247470473,-0.9184161553503618,-0.5788350240561906,0.23197168547453884,-0.6815260699576648,-0.28058625550480554,-0.061001433953250306
939476.0,0.8175638003605246,-0.48652647809854854,0.6061634882488272,0.49467281687389075,0.9807629031193044,0.7440548204488846,-0.3212614840600334
939477.0,0.17819295454835338,-0.9087532120306241,-0.2230634272544043,0.07367291958682531,0.34475397476213754,0.5285760553269649,-0.24997211204143022
939478.0,0.8955184623157695,-0.271724162720012,-0.8154723976497673,-0.41460221899574856,0.3150191709137071,0.4895276431174238,-0.1576448503980521
939479.0,0.840194466007951,0.8996582591287259,-0.41475050115898426,-0.856560544563447,-0.15005701471988475,0.6730401890683568,-0.1891067149412642
939480.0,-0.8507027491404218,-0.5202008570186545,-0.34738084548487125,0.14631982988444792,0.050228795467434306,-0.025570460447967847,-0.39054864086285024
939481.0,0.1357787321557984,-0.949777786019327,-0.9491919361451864,-0.6325751845281016,-0.46353517221958707,-0.18953801134591486,-0.5987670979046054
939482.0,0.11997365158062134,0.610521535302943,-0.9595818238135909,-0.49426710264992924,0.6846248019190242,0.9435140017093033,-0.8511609733044252
939483.0,0.7671511042351742,0.14598412510483194,-0.5307461650979137,-0.5348792555349451,0.8199909604239228,0.25686503833213137,-0.40397536308325277
939484.0,0.5705089452193561,0.80435922328851,0.40843688664159594,-0.27699672480513127,0.2229461761984397,-0.8387471691551636,0.329189584249304
939485.0,-0.544262430137155,0.98569115198031,0.16077759820949855,0.7902897640287141,0.172358496227063,0.6959107236663131,0.22573850787468897
939486.0,0.3487958465865484,-0.029318578935171313,0.9635032650523148,0.6599919227394768,-0.9963334108644397,0.04911948265093735,-0.9234066216387957
939487.0,0.6585620447889629,-0.5444750746277054,-0.7776506790617572,0.9147742123131619,0.10793430629632139,-0.6514686822759852,0.4177871978983665
939488.0,-0.5124278916740741,-0.2064750496290817,-0.02745917521673391,-0.7868700521958114,-0.4479140872980716,0.6656409870427216,-0.13602015756734565
939489.0,-0.7707377706271485,0.3977061804488733,-0.7227790744931109,0.4998516400076134,-0.7209350022871763,-0.8035730227075017,0.9436394234223335
939490.0,-0.5689304731417728,0.8571847360737734,0.30665468597578904,0.9386333222352186,-0.6695101191897321,-0.11107203229981732,0.35972094943889776
939491.0,0.36196807786394136,0.4060460826275156,-0.4173767992841675,0.16838073523290054,-0.7248710607372126,-0.9071250437154392,-0.5761630186802646
939492.0,0.14381755635100424,0.8772117080791566,-0.738254547372448,-0.9222647290684065,0.45929041447993435,0.7469051036877936,0.2693120463012728
939493.0,0.5416959673142361,-0.15230221467748462,-0.24181495744020265,0.30105365837314935,0.6494560834139997,0.9191961163556486,-0.10423158895515772
939494.0,-0.07998535283790664,0.5066901872278373,-0.5865409866742455,0.16555789773283247,-0.3213532841318063,-0.10706862654802629,-0.21290833367763584
939495.0,-0.6870053603942026,0.5826399183244368,0.27554089019079786,0.8634865742736482,-0.2580483732567571,-0.2357175308460333,0.603211165337016
939496.0,0.7304473587313676,0.2900854873458867,-0.09529988071987416,0.4611605756391759,-0.19078149036901282,-0.906180314747673,0.6886212697518641
939497.0,0.06838711130222586,0.026644817198516746,0.6659492790594079,-0.6535452740992653,-0.6929245214056576,-0.08494445540126216,0.761284929762305
939498.0,-0.8773366815757102,-0.8923421545166599,-0.8500641150647228,-0.4681405457062875,-0.287432471917199,0.5906295880224655,0.6312823090183093
939499.0,0.4247219075267117,0.8869784885263527,0.07574851461396181,-0.6235884497472892,0.6787402677998402,-0.9030407687001976,-0.5999440519660582
939500.0,0.17587640316235786,0.4879247426344684,-0.8086053298598344,-0.21548277413647976,0.6080374019353734,0.7137953651163627,0.2876141830801031
939501.0,-0.9823591935239833,-0.6531439722085106,0.6585518626041205,-0.4104632477947501,0.24307366922147056,-0.05236438995984338,0.5230298585131898
939502.0,-0.6216300760916171,-0.7780361720995992,0.6528818321219958,0.05668254783780968,-0.6275300219761406,0.2155361126803208,0.6806782891693897
939503.0,0.1488942931486672,-0.8248968071350657,-0.9768013954015806,-0.36852101679071225,-0.9427756735976383,0.7726679952230382,-0.2846713404948087
939504.0,0.36236603474444573,0.4170869883334709,0.18689610398536805,0.18509680713900334,0.5611655126000719,-0.11823954094398381,-0.31194834050261555
939505.0,0.8652762406480794,-0.9612932655648383,0.9393681423603784,0.6917476718190176,-0.7258962370656672,0.5266241107013501,0.8932415110099783
939506.0,-0.45414861483952773,0.03834081725797711,-0.19423783795754024,-0.6610118530322475,-0.8097642210613909,0.23230658697606565,-0.31822846149196415
939507.0,-0.6195619401812751,0.9656614851793612,-0.8209926594784305,0.8918985934216472,0.6874437003720575,-0.43884244520871785,0.5563313869002495
939508.0,-0.4290046028107981,0.06393539757085343,0.9885503969726641,-0.8033777180862347,-0.01584509539589951,0.21067934950444633,0.5256673877972073
939509.0,0.28618551964729244,0.48646067977311835,-0.08355254122518097,-0.32162523185990555,-0.12953254540265702,0.6395097454391945,-0.3439232290683605
939510.0,0.13140595605365424,-0.7322965282763267,0.47598981260166306,-0.896675502603723,-0.21603009907970483,0.2108395305628632,0.022228176975308767
939511.0,0.569170179879904,-0.6417717490349995,0.6276040069852806,0.21927877840153176,-0.5083799574699988,0.6600106118624203,0.5593252016823476
939512.0,-0.9200035451314874,0.5944042087006476,-0.5807832479677357,-0.9219149127261641,-0.06048386309204856,-0.8411270990740978,0.826962314648346
939513.0,0.790401156982609,-0.4487690340431565,-0.5602128615023492,0.8812632961958429,-0.09405408136663107,-0.4169513374028835,-0.7692838053146176
939514.0,-0.6278502668746175,0.9023640110397453,0.13707140153526942,0.2258131085538848,0.5543161307216218,-0.036831101920300924,0.05242085933705387
939515.0,-0.4908332892602958,0.23073113930774758,0.18472056318778507,-0.8100061619722592,0.6808071589952327,-0.097981710964135,0.992157095117985
939516.0,0.28135261698384584,-0.3292568013914139,0.1150552842619943,-0.20430144489977553,0.27257988738057115,-0.9451677404490215,0.8316433695610683
939517.0,-0.30294674663739496,0.9405104920708269,-0.3833076608802979,0.5545764888414504,-0.19114033439525224,0.20032588465980483,0.3786125701628895
939518.0,0.41038835096153314,0.8284166867575247,-0.9752682793188561,-0.2988664255067992,-0.9557659827853136,0.0038044531433427675,-0.26988423199436173
939519.0,0.9279901731263953,0.3867689813642954,-0.16218094145791206,0.6526205773224296,-0.3389548789622949,-0.9803436686073903,-0.5940970340569787
939520.0,-0.5397915071234827,0.5284655403510787,-0.5920717205250954,0.8287233068148974,-0.5447294338502173,-0.06378609061216212,-0.6297016758903102
939521.0,-0.7174922935048311,0.36874533461955705,-0.31905836972692625,0.866920516101318,-0.6667028059761264,-0.8905865904249526,-0.4900349272590556
939522.0,0.6941327739211554,0.4595062917792332,-0.09752465550363354,-0.5804992880404574,0.6522478230680635,-0.41927687616063314,-0.6306632833416117
939523.0,0.8837544891766891,-0.7632796942464934,-0.186271312976392,0.6978197780742548,0.8600485897485441,-0.09488710762190578,-0.5610015665533088
939524.0,0.7314029639142008,0.00841603260639423,-0.48558773111868314,-0.8263600712547992,-0.08728719335855706,0.29929152846119034,-0.8266509139155889
939525.0,-0.7545803225175693,-0.8381348488066052,-0.3529022967887403,0.21068755229075276,-0.08129994487204195,0.7629919069045805,0.9200144749038897
939526.0,0.9848431856567337,0.743103737670328,-0.6145606860305746,0.01598547711174092,-0.03553310133900789,0.025753776486379554,0.21044682250194469
939527.0,0.3140330959443751,0.10076019083446908,-0.19801504565501293,0.12939870401601827,0.7428977674391679,0.8175854430788299,-0.9592214473427467
939528.0,0.14980971292749956,0.4989866368828484,0.430368278036918,-0.8599506439200832,0.4792691894520891,-0.8541901553413227,-0.563902226286827
939529.0,-0.8336101778262355,-0.6975988813816671,-0.19511686839613485,-0.6845725230024036,0.31107338419109776,0.6671643143746897,-0.7544953680382402
939530.0,-0.3664247505519054,-0.9706760687216198,0.322342901020616,0.22233965936106537,0.027252779780402525,0.7537192315640551,0.016026219233771455
939531.0,0.7845832606242422,-0.7652776078457106,0.8913040263126377,0.5742852606787625,-0.47159612861519684,0.0849593304275722,0.7160818583057356
939532.0,0.8478063522368109,0.8295324526407699,-0.6524127587797308,-0.19062614869502337,0.11864331026944774,-0.31590073452572165,0.6430345755811957
939533.0,0.8325467129460102,0.7396717674901201,-0.5128380824798402,-0.49059584753223384,-0.4232894621973342,-0.06053200117734869,-0.7747754901965485
939534.0,0.6465287283723484,0.49530958285797566,-0.04555127167318651,-0.15729463689469259,0.5971173186429031,0.8273948926997181,0.14258007148534557
939535.0,-0.7827993100227613,0.2988571826998445,0.0052404185488375,0.6609199383153037,0.27326742628180023,-0.2928079994578705,-0.6464294522789602
939536.0,-0.18944183389449143,-0.4734898629623727,0.7638623728670015,0.9834587709943086,-0.09960417506435171,0.092914559620636,0.30350108532041653
939537.0,0.03592805006369648,-0.42570982082272213,0.39917062248356916,0.2593869572082985,-0.4044309577210907,0.3994426354456784,0.9054201074823325
939538.0,0.8976832790887763,-0.3373197959591814,0.25848110867385166,-0.22855339523919027,-0.725280049222613,-0.23219104520352962,-0.2511096312360124
939539.0,0.19549227015053505,-0.3676761223933902,-0.33204814761108326,-0.9647295006457637,0.9924259520713195,-0.4616376427098958,0.5519768336597128
939540.0,0.7937069133268053,-0.9272375324516304,0.17749846361624377,-0.5511349239057668,-0.01795464456681084,0.7054335535478251,-0.6049532951881644
939541.0,0.8800571170963507,0.28632896050323664,-0.9998932924382282,0.47350547856680025,0.041838389256619424,-0.20199241508294574,0.4032548691185327
939542.0,-0.4174417923514131,-0.8813142757454819,-0.33486879196876607,-0.3230054883529385,0.8204528749212965,-0.023269925596070884,0.23784556361656883
939543.0,0.030428245907854645,-0.7120206028675868,0.5953848722474142,-0.307014685618477,-0.9045213453645078,-0.9680478012661833,0.9239970896515954
939544.0,0.8159999192748879,0.5450767846170597,0.2518530497772029,-0.6113029310283151,-0.02104328344649442,-0.5230621134882021,-0.9439719616906015
939545.0,0.8637458644951095,-0.5157493801634261,0.3925019898040183,-0.9383727148724244,-0.29866196198759387,0.3743001259654495,-0.7347353130333891
939546.0,0.7128216747053484,0.36667679270853704,0.7573322961476212,-0.1854786890570319,-0.4819152577422239,0.9822835074493705,-0.7822494934775248
939547.0,0.39128049792337816,0.8263989729069214,0.8183626040498488,-0.32646543101113723,-0.11637754814716939,0.2549907830965643,0.07385745397540133
939548.0,0.11873876376001702,0.30621932959605735,0.7861516072633605,0.5508291502227987,0.8401477756114988,-0.09992483020280574,-0.990257884108688
939549.0,0.642184409643461,-0.2896539811788217,-0.904878698724358,0.4571146619164399,0.459708059900761,0.684047510124689,-0.28912034012068255
939550.0,-0.572195252833948,0.9216117304784244,0.8815505414819316,0.39461331678070466,-0.8051315248902946,-0.7634893716656892,-0.7616554497259966
939551.0,-0.6886047895199314,0.6600129470395237,0.18433031127606658,0.7938933472043737,0.5097379294681919,0.6289249875890179,0.9522843507870851
939552.0,-0.30003413738968465,-0.597618102286599,-0.8503599616457518,-0.9040153440319423,0.4411435774387742,-0.42239978311941195,0.33505076122390953
939553.0,-0.4549691564524525,-0.44711344772753003,-0.5030740849359883,0.7724082316795866,0.8890373445473365,0.31601002511864174,0.8402316029883186
939554.0,-0.0173675494915555,0.4236747881744156,-0.2341810314027557,-0.35497008319256707,0.399454751788775,-0.6012218212921709,0.40607178473301686
939555.0,0.6797569629116587,-0.1482084462664779,-0.7249487247612862,-0.9546644481566318,0.45188199356925907,0.31274220903373573,-0.744130566667841
939556.0,-0.18489376276225555,-0.5179774505586545,-0.5789920982278163,0.3911621391871183,0.5509230705554504,-0.06308743646318815,-0.3186572999822075
939557.0,0.08037024440065288,0.1590296161822955,-0.1815630728046156,0.6503649069864965,0.7831972007995252,0.7269256548556315,0.8481557886619475
939558.0,0.8465705863992341,0.7755471054474565,0.19843009686355373,-0.6675175988652826,0.5432514205895196,0.8408561373633603,-0.8706160389920674
939559.0,-0.192509787628925,-0.30410804249169443,0.36221036560160247,-0.0656047434724607,0.7840708170710917,-0.5248904505493397,-0.7469951297726529
939560.0,0.41608150953075906,-0.8044877358562874,-0.4817126437712458,-0.9637412591801677,0.6899800970261953,-0.2812144531424685,0.6429607193831728
939561.0,0.14142379177238862,-0.30994828530813656,0.9148240749274452,-0.4121589679420541,0.6827043792794529,0.01715970424808755,-0.5864554893772247
939562.0,0.7058204965449504,0.27480523921233524,0.12211379764252017,-0.9619053296145541,-0.7505994536679756,0.7672078582851758,0.11232274744313342
939563.0,0.07670062538539768,0.5683491322888024,-0.903768413058486,0.40797795206727905,-0.8426064988420485,0.8702239044776192,-0.9874040507104238
939564.0,-0.2889155185430494,0.7991911539744747,0.3134753800064649,0.41664819904199835,-0.4879116816143336,0.46172793223534203,-0.35923466047996255
939565.0,-0.3751253675727737,-0.988533742808396,0.34144873414187527,-0.10461153484854036,0.152363946238268,-0.9316766686268969,0.9136027943772775
939566.0,0.7570120215642073,-0.12853669843904791,-0.06587625389729634,-0.8946362452928853,0.6807005531192942,0.2780716186318759,-0.7063094789900497
939567.0,-0.015918706433241114,-0.23759463652702895,0.5905433383659253,-0.375734854705821,-0.07147416242446303,0.657839216233737,0.10732634684489462
939568.0,-0.23602791159257497,0.41634070834755366,-0.981663005965481,-0.6566286531462153,0.6084579118216535,0.43375824707270927,-0.7659891664430072
939569.0,-0.0491186635278591,0.8707742712940181,-0.37141668592242283,-0.400046953451765,-0.6313502904723207,-0.5033801793681909,-0.43424159037534227
939570.0,0.3920875297344877,-0.8977845384235899,0.7707885891236259,0.4434492716616145,0.2492731778394428,-0.4075360688866856,0.29422242211434013
939571.0,-0.8800020308448941,0.21464012165243296,-0.6358645753760004,-0.9620972851112286,-0.6031546520433633,0.9432406977221484,-0.5747321025397969
939572.0,-0.5927219452886621,0.5904032834715496,-0.9119267133380997,-0.09341088059460367,-0.9564868278272931,-0.8571603014961866,-0.4239419927730892
939573.0,-0.10125012889595064,-0.2094942663300685,-0.25530708262414126,0.8534991915092014,0.6053793800590419,0.5521816228172631,0.8324496087895019
939574.0,-0.28738645989949774,0.06584592564891656,0.1346615583972397,-0.5716520708637227,0.987846383883777,-0.613939396770264,0.828676222424394
939575.0,-0.03550792167362582,-0.6440001913416651,-0.5978999216249019,-0.20796941232567767,-0.6851495960778675,0.6449719867517527,0.3404907745657393
939576.0,0.9458232442009094,-0.24597482810761306,0.342528755126281,-0.27528105097431643,-0.1291717290321739,0.6129718558259525,-0.09387013553937407
939577.0,0.30017580355868834,0.9628590878406187,0.7084599920395249,-0.2908948217190641,0.5933973870282767,-0.670752060426572,-0.5485580141819133
939578.0,0.32325966755772195,-0.7262074343380911,0.9712665067935207,-0.9736992949106351,-0.13508167014095895,-0.24633524675600293,-0.21542640661046342
939579.0,0.23406737128215038,0.8952399897921159,-0.0037476233622657507,-0.9970148752110137,-0.7716058167173394,-0.14068909851244982,0.2865372579483978
939580.0,-0.4419893759454536,-0.9145616594909696,0.01572816910138397,0.5642328009399562,0.18005964095315852,0.8297142559720727,-0.9893879467248123
939581.0,-0.5814396082728208,-0.34932128803122575,0.08159584480971072,0.9825918880646021,-0.8840239543623427,-0.29070696384046957,0.8799007509502952
939582.0,0.9545963543707692,0.5646763559209274,0.18261358567980435,-0.06870470289060715,-0.572427178520974,0.622657396814212,0.9428427511172166
939583.0,0.1441148471981517,-0.7966704108638527,0.02159535282764491,0.8797512971759351,0.3054721122993287,0.12472148546161366,-0.6388403542211216
939584.0,-0.5274967231554022,0.41438857961244646,-0.8482842624703024,-0.254775872379138,0.3200730251407695,-0.859787766643844,0.4001635879663388
939585.0,0.548338361675184,0.8781757673941157,0.15840838141402447,0.18220507588300605,0.8081513941005314,-0.04596571125690785,0.8124065602660473
939586.0,-0.9281730486964976,-0.7362467821977088,-0.6796218759520825,0.6606215433322749,-0.3182806338338977,-0.5438791553410576,0.7254125335016055
939587.0,-0.9879011081413864,0.2670724495354946,0.6785957414118999,0.28953198011702863,-0.18736686795659252,0.24825038708451208,-0.5130551366994587
939588.0,0.7416082623887019,0.27969504688423963,-0.021812374969298665,-0.672653298982774,-0.7255769738129458,-0.7243113665882392,0.273729567538187
939589.0,0.627063923603852,-0.7946513772063826,0.9385603120752863,-0.0423449008252732,0.19454422251509196,-0.619174876804977,0.9047248465057145
939590.0,0.559275109467702,0.8425905960126885,0.38890921905792664,0.7486294595048892,-0.551024096261598,0.4257851614517034,0.26641870866005757
939591.0,0.6017179682746192,0.6842851389189897,0.1456951510446356,0.6241494899819953,-0.8535410206330802,-0.21440358614375077,-0.40804683810406317
939592.0,-0.4612519382372422,0.4440978294306057,-0.6748226263013375,0.4482090148357749,0.337378215658098,0.07402477449321165,-0.5569345291548371
939593.0,0.8703920843669901,-0.18936468606320633,0.07492247057105095,0.3342576249742548,-0.640852768091559,0.8618191239827251,0.7281101521971796
939594.0,-0.4487023682152438,0.13462099168905928,-0.5555029240816756,-0.04920568850845486,0.5046431110391485,-0.16204795942338412,-0.8091540502547827
939595.0,-0.36738487668725783,-0.6265515676699138,-0.7330030775360561,-0.9933775975845454,-0.49191351626942525,-0.5040483887432048,0.91365089757377
939596.0,0.8584325544853628,0.3029036226986972,0.8595625082997502,-0.9458468463256238,0.09852988800102258,-0.6466713945392069,0.17550760724218173
939597.0,0.7669190011849463,0.6622978695648678,-0.3586296510544491,0.3542297582544012,0.5490085920677499,-0.11502746623147653,0.21787240801481156
939598.0,0.6212388838357312,0.091184422914101,-0.8298920120006621,0.9519183080444487,0.5060785634461331,-0.11745931376642016,-0.2757561881440933
939599.0,-0.06737841753915208,0.5363564135005836,-0.5334244046210244,-0.6575596536803845,0.7678470651532021,-0.8851349518503713,0.14537972659958265
939600.0,-0.09376177691321352,-0.14000181830913982,-0.8435535790223625,0.32603399100141806,-0.19479234466955986,-0.6087793964735289,-0.5579306903175651
939601.0,-0.0967526186977461,0.3347676212305901,-0.6727938345332714,0.4677099277009116,0.16011325286917244,0.7936772121904292,-0.08855030324988844
939602.0,-0.3067472525525494,-0.1730245773342305,-0.5502641931477223,0.5745616943346776,0.4313838892204269,0.509015158531726,-0.8065315858781701
939603.0,0.14356584205236755,-0.9456644762044544,0.7865806213965265,-0.4471276407120115,0.838520281004766,-0.16678700101092914,0.26229049272829674
939604.0,0.4576411398342164,0.2953396826047132,0.41711929561504113,0.8374979640293365,-0.904561841789097,-0.8491595591818515,-0.45632853358287084
939605.0,-0.41413618123347096,-0.7627065504165462,-0.4752567498421252,-0.9067775609588491,-0.6708406557973343,-0.17877339128589909,0.6718747592770782
939606.0,-0.8100392520758435,0.4768629177496415,0.5674299732491277,-0.032387820391094335,-0.9969127945075877,0.4314964852758314,0.6583080739614537
939607.0,0.3144597519181309,-0.4854495034731878,-0.6227810321013012,0.5286680753522164,0.1272608872273293,0.928340742848484,-0.9663844064651119
939608.0,-0.3531948708221484,-0.6658491443877563,0.07059480931741158,-0.5875086100922606,0.0741434047892846,-0.9743701045781896,-0.26386301409175106
939609.0,-0.6953253438606672,-0.42419261379014017,-0.01855689708738728,0.8833927761519118,0.13351118947079388,0.5011334658678446,-0.04022848754178865
939610.0,0.0697547772084357,0.013145035501746172,0.33794120742958955,0.6188844981595985,0.6530551172252428,0.4823751884545249,0.7651550652561381
939611.0,0.9888869084282861,0.6941581886354005,0.2680894875282507,0.8085747625896884,0.7347111864888538,-0.05732249490924013,-0.5686152000872526
939612.0,-0.6334787324117996,-0.6858037788502322,0.14451910557219705,-0.565338270820172,0.9064263333165494,0.6831229723471959,0.20061748072696628
939613.0,0.7522834279677078,0.5788105042838103,-0.46983712576028136,0.6353571063078638,0.8166400601587183,0.8085853640022487,-0.006767823110533033
939614.0,0.7745238717941691,-0.8006988463947737,0.037463801320253065,-0.8890560734639179,-0.3619125725638419,0.37718561956149776,0.36084149160336043
939615.0,0.5119498055147651,0.7407661457096675,0.08561142720479409,0.06741952028972653,0.25995569007631225,0.6060884115328915,0.8853088020350401
939616.0,0.975546119948093,-0.8551157927330113,0.16665683219409866,0.5335100389123637,0.7028183865699897,0.5795647759616198,-0.05725773802548928
939617.0,-0.9479773737093531,-0.02931940925688359,-0.5699269776267966,0.8838110262329781,0.4583952664683928,-0.011025582391510413,0.5767424916729833
939618.0,-0.14929977328409016,0.1945026442379858,0.3483946901114372,0.6035291090915436,0.5243400833229028,0.5771552304371441,0.35230275814434986
939619.0,-0.6711684297543288,-0.3467929091668849,-0.831157947471155,-0.5984469586360677,0.6031997391186648,-0.49788988792416,0.5867287859879811
939620.0,0.699963610027051,-0.45946896001117654,-0.15213798524229416,-0.2828850528295255,-0.5741242475958876,-0.8752293263058091,-0.3487996408765126
939621.0,-0.9797170062791711,0.22174071487003277,-0.9236493693721846,0.6204256925073235,0.8344596313819357,0.4681567200839174,0.8938516261979237
939622.0,-0.3212857817311825,0.3497001225756844,0.5898700144400253,-0.8537829645447295,0.2371732456030542,0.11465577177040376,-0.8926649264707527
939623.0,0.23432777112697334,-0.8808056943250957,-0.870073197960018,0.8069744671990067,0.09377777947849042,0.04182326369301359,0.36431778720074526
939624.0,0.08123183703619152,-0.14056989851767643,-0.318764092928036,0.40218683595541527,0.31576280038501503,0.9501834265128632,0.8146620205109572
939625.0,-0.23818667815098293,0.3049952687706716,-0.47188285114042317,0.6748410135114111,-0.9794946256887758,0.5693024932724302,-0.5196373902787028
939626.0,0.8877538665937839,-0.9724831915148273,0.48076447824423063,-0.7539638666464086,-0.9205079333499142,0.6119726428209007,0.7817450861275121
939627.0,-0.5255729720453708,0.2841292134747049,-0.8670034607422337,0.8531960970413006,-0.07608338142832904,-0.6627333162132882,-0.4780223049036276
939628.0,0.43009740694955845,0.3592154694007934,0.9561188814252879,0.5523746645073333,0.6597737455743715,-0.7374691617792191,0.5936061002920878
939629.0,-0.6077852772669576,-0.8117979687290942,0.40015665690849844,0.3128425993762749,-0.4552539434563072,0.42453442033340716,0.10768903128536311
939630.0,-0.015467944929509203,0.5686912673612001,0.9119391752982449,-0.8326866070288654,-0.4789508135488951,0.9521553189840131,0.9101368766482367
939631.0,-0.07015984098419703,-0.10874581283620599,-0.12257947858932883,-0.3059206384610511,0.6509167604978394,-0.6483037598859658,-0.2519554708655023
939632.0,0.29637179079264375,-0.3004213495032588,0.691600921223755,0.2219042449497275,-0.012066127014266348,0.4479694895153943,-0.9535627770320181
939633.0,0.4280625208485407,-0.21006614280014113,0.6609632338612401,0.9472510575326425,0.35069120994590874,-0.5402698133718848,-0.5186921257418782
939634.0,0.65053162093919,0.5578174704544832,0.35104870960086676,0.31539152011416505,0.7157964742678511,-0.778153050769212,-0.6613756175535082
939635.0,0.6925574545954856,0.32070614960770105,0.5472177064449883,0.44176844376639135,0.23346437678568788,0.5655735005645557,-0.406271526138424
939636.0,0.4560689253918535,0.4381444774646188,0.9240535155693201,-0.032668568221176475,0.0834891016448418,0.45510382910702263,-0.8985338595304042
939637.0,0.15446843704933433,-0.45262962963929176,0.5915482115406288,-0.26190247595558724,0.820493265068861,0.5553829229227867,0.512658394676653
939638.0,-0.29080982428283364,-0.7490211664679389,0.9398881492431757,0.78114727424116,-0.9755748490960219,-0.015386189531323202,0.17285313213624898
939639.0,0.18251239819703646,0.5599695479738773,-0.4554294591697452,0.6732285601882739,0.3252693562817319,0.7128118683454672,-0.4821448216816493
939640.0,0.40916100256493637,0.7161521374686581,-0.7300474152519667,0.1541559872197713,-0.9965306364677133,0.14113554672616035,-0.6039171749592849
939641.0,-0.051812013522472444,-0.17958691457739073,-0.8650673527481132,-0.49529250466401953,-0.49646708252499394,-0.5324159609304497,-0.5807330773934365
939642.0,-0.19655745576083183,0.39943968794837215,0.42960835282226295,0.25140289843606345,-0.3969986304921165,-0.5838535108170695,0.26168465681310527
939643.0,-0.917142491521052,-0.01837420349144603,-0.4939991910470036,0.9588019821659222,0.8587309197508048,0.743943844323435,0.09952464389844873
939644.0,-0.4873825897580599,-0.85513041003208,0.41116675525456015,0.42768731471990895,0.6266842460704465,0.3729156678799508,-0.44175944866934613
939645.0,0.8953272168928132,0.6312149620146361,0.5942811735417741,0.15904137726382128,0.7114276781624156,0.3868937552313658,0.17637299127468942
939646.0,-0.9580782006788464,-0.598652981346633,-0.48978986668990365,-0.6981238214265666,0.5166817496618292,0.3997493214886745,0.5649125977137046
939647.0,0.938750988742231,-0.49342374307265024,-0.7560972721757171,-0.09025269627996102,-0.29128901724328093,-0.45647475793198544,-0.557611588448301
939648.0,0.07561636919607473,0.5053687295702172,-0.6332894302523304,0.8461282106197243,0.3113601120282714,-0.07283921424189521,0.43321256205542746
939649.0,-0.7404529542122953,-0.7051105598868888,0.507780949963144,-0.7777494480910814,0.4316857893658135,-0.33763987447615573,0.04427570388226121
939650.0,0.44440288410363116,-0.2748478991767864,-0.014627914612531656,0.09714653678800333,-0.8004391937469726,0.6991417629802334,-0.954975706364031
939651.0,-0.27793185992461455,0.643869399731188,-0.6169972670507031,-0.18504593969253147,0.9916881491581968,-0.1109112746414096,0.4656476490200274
939652.0,0.24866433947631505,0.3748387870657073,0.44786577594947596,0.2199584441155258,-0.8798746264429167,-0.6846864726695885,-0.27200279727414967
939653.0,-0.8899398647267243,0.690794366102212,0.16736917529337747,-0.2066259487472475,0.4475469141020738,-0.864861692753442,0.14928991045781848
939654.0,0.13352920919217315,0.7219080403204328,-0.5781953062291996,-0.7285451110890078,0.6183868833745807,-0.6440728519463406,0.34552725813568985
939655.0,0.2169367721810196,-0.2981826586289966,-0.7759276796539007,-0.988961584996513,-0.19461506185016808,0.3756848769663532,-0.8391113651258482
939656.0,0.9528717337484394,0.5689214576632959,-0.51349204433272,0.16210815277231294,0.5816217790258005,0.21527967234065404,0.8294356496318498
939657.0,0.05022502071234225,-0.6286997063081872,-0.23087161250396582,0.6355071038408076,-0.795276795562756,0.2853518225360836,-0.11606392147248235
939658.0,-0.4381520908770695,-0.3720951520452158,-0.09915731580278497,0.2280400948750163,0.6935345156687558,0.3582376490310679,0.10111516671597998
939659.0,-0.3462612072153397,-0.3735667651624688,-0.8669933738296696,-0.46307720439433786,0.33322175261995834,-0.9741824246265633,0.14113657330894203
939660.0,0.7466365164884432,-0.9302046570894955,-0.45019374227379827,0.9702789931067539,0.48854751048829437,0.8524553150869472,0.9694183225936164
939661.0,0.49386698579589616,0.12405808177549038,-0.47826355960633027,-0.6504584343299822,0.6932396518483592,0.8076092185446548,0.4923141224851699
939662.0,-0.8611687477752954,0.42709862699379153,0.9847817106430932,0.3269909191820277,-0.7506160493029832,-0.17240159541275668,-0.32328897881687846
939663.0,0.9302727329635885,-0.26147701422567415,-0.3981082748671996,-0.6365195210068479,-0.11226884764155831,0.49224716388123424,-0.34021451744695463
939664.0,-0.8561526305501514,-0.10109298207941331,-0.8575759557258147,-0.9602080684009571,0.8475631140633664,0.4876523506669541,0.382249736225992
939665.0,0.6746309692083878,0.4466227419178761,-0.2788000528102521,0.14365853904531534,-0.05297508781307991,-0.82251111863613,-0.4030717488374238
939666.0,-0.46442175517451023,0.6255709007106849,0.32688792035971836,-0.1272929568443344,0.2773925195731588,-0.9471070922417468,0.5997245665274196
939667.0,0.9658302740114177,0.9608275318772239,0.317641001769021,-0.6708935746792506,-0.24871891179966488,0.6655319044328796,-0.10043267969749081
939668.0,-0.913820133911935,-0.03735336922827437,-0.6393560279303201,-0.9344182186337764,-0.5205536380695435,0.09890223984273616,-0.49814535418254846
939669.0,0.7180696350518863,-0.3895016087509531,0.36982352403977425,-0.8878517376780677,0.4494960084750128,-0.6954820289324481,-0.7097605732483019
939670.0,-0.1024234490472542,-0.507592407631877,0.6793488668667578,0.9470211086363085,-0.28032343426830697,-0.6364223646552991,0.9674624181924223
939671.0,0.953315225564259,0.9243436422330695,0.6816703217100573,0.13224462906597378,0.7680739769787388,0.08425446791519975,0.9408753836942882
939672.0,-0.5506331832061875,-0.4540824322517405,-0.6341114517218525,0.05568975025877032,-0.23994207164848214,0.40854207715770485,-0.4083763716152984
939673.0,0.821088020624144,-0.8698744301911225,-0.8778610081420226,-0.032263809467322435,-0.5739278602931461,0.48684115198697486,-0.810663710499391
939674.0,-0.21803297736032867,-0.6212372353309923,-0.9656634678775251,-0.024111768669556444,-0.05647157169182382,0.8707286322189525,0.5792259638759154
939675.0,0.47977963612147234,0.8854610549847066,-0.41254953051491916,0.16906687650013152,0.9855927353777252,0.7268937126790505,0.567040267601812
939676.0,0.6307273614924966,-0.755762365007715,-0.22327898870633867,-0.9420548307196848,0.01343448964288263,0.07409635751330534,-0.06797574468761214
939677.0,0.924550959452638,0.4051406012041281,-0.7271839759316525,-0.8639475932362826,-0.9975171254151798,0.9296520007294979,0.7852206841818794
939678.0,-0.6971484449385514,0.14289402787672323,0.9103731475900954,-0.0934384771965282,0.15623654291036537,-0.3024177065499649,-0.6296472820178267
939679.0,0.2861702831826409,0.5066977694792774,0.7086483220812769,-0.7250416687949433,0.07589973322503396,0.9303083417007645,-0.8179071850179236
939680.0,0.8109019662974604,0.39608435963667765,-0.020081003835061395,-0.11637487920337608,-0.3998174650274853,-0.07530801677626386,-0.5054930865291178
939681.0,-0.9227403986055711,-0.3743305712970224,-0.902748605724043,-0.6751665183863009,0.9558339286512814,-0.11948738834103478,-0.345985682320447
939682.0,-0.4702110389277494,0.286635328615916,0.9949058429617523,-0.8161412737410876,0.9512053264446418,0.5130316049021095,0.3285507814847193
939683.0,0.12241903127741427,-0.9297989279204417,0.41111500826500746,0.6761010900062085,-0.4937984029474298,-0.2045320099239878,0.864951399798068
939684.0,-0.5086020958605377,0.5765915738852778,0.22399711407468748,-0.09458005397144342,0.15957125169214081,0.9493092984656257,0.8698857384184964
939685.0,-0.21968550238322493,0.9060557201635169,0.5730655922568297,0.18654753754864273,-0.9622194637106465,0.3931945438223887,-0.21729263628981954
939686.0,0.7157646185063797,0.5548718409146538,0.5939908614571565,-0.4329042419956166,0.15779177831715518,0.6061319045137048,0.1597942134629422
939687.0,0.9160048921780948,0.44636140478627473,-0.12369257337909967,-0.2705417104370933,0.7679015048061568,0.9704457086198583,0.251289603725954
939688.0,-0.015960190421108633,-0.7769773559386457,0.31302605236968994,-0.8025116242827339,0.4896850640508157,-0.9925807487906115,0.18972309413717792
939689.0,0.49908155442467717,-0.2660470168706184,0.6924195045078676,0.8412041617909609,0.30792861651161485,0.40729569128297505,0.8060730558553468
939690.0,0.42457880284238025,0.094920560192022,0.10173324636255754,0.9980544668544877,0.37973551598193733,-0.7191837860909915,-0.9679858042048577
939691.0,-0.3806407144250983,-0.7907167687571774,-0.8863366211743364,0.805040894429309,-0.6541431278342071,0.39266741952847584,0.22403403945911982
939692.0,-0.5676582366817182,-0.6713286648495773,0.4947945426504121,0.6387826495837228,0.7981525912669818,0.7168442123748118,-0.6777157764233794
939693.0,-0.7960543476191904,-0.42049852752901695,-0.07233973208867939,-0.3854168595232841,0.6287209347752887,-0.9402086257312612,-0.8141922782776316
939694.0,-0.6189335152793878,0.9994145200889697,0.187929994415291,0.8917979217129748,-0.1776460717381454,0.32188172386271563,-0.5314221412190112
939695.0,-0.732842744041438,0.9507580998646685,-0.5486572934958336,0.5049444975770698,0.7327755790100976,-0.09730923425498128,-0.26837069228471666
939696.0,0.5820321114847207,0.2150506130113785,-0.709948411138764,-0.8706256608973539,0.046975183841121426,0.6642374130928592,-0.3460353915614607
939697.0,-0.1397739933026243,0.9240996100945835,-0.3593542529987288,0.914320041121192,0.4757237451711551,-0.05978461132341817,0.2233888991076598
939698.0,-0.1992296559768587,-0.6502941412686658,0.5857066370700725,0.44755413120455145,0.1550463949836447,0.3060652601776348,-0.4573146677150153
939699.0,-0.6889701641067465,-0.8396644644989872,0.3920890401086403,0.14719807777426763,-0.03455204494224695,-0.9879203376828325,-0.7155757895395425
939700.0,-0.35778792723212627,0.9100250354621238,-0.12857285942055263,0.3561721917616758,-0.16648508681838958,-0.08782302766113737,0.1732981868001935
939701.0,-0.8053309232221424,0.1903523921597745,0.8990943047986522,0.9433085910933834,0.277764730025847,0.38591931811498825,-0.939995976060501
939702.0,0.08189167872320424,-0.7481931424478065,0.385207734506551,0.5884623946504639,-0.9065767633514312,0.580866585837376,-0.8666761795675948
939703.0,0.40320889948531624,0.519483167395022,-0.602278418630434,-0.15125811449521143,-0.6854566602949907,-0.5260400737743876,-0.9759744781644981
939704.0,0.8271517124624312,0.09973912845557287,0.25761608346170317,-0.4353088479626772,-0.9584908229517759,0.5032965934512821,-0.7593581143784338
939705.0,-0.948703422828262,-0.16738538194325647,0.7972484436505245,-0.6011696695962037,-0.6238071965163856,-0.09976809642536799,0.8744812799169019
939706.0,-0.7088343545287605,-0.9679298242892207,-0.042836190269729624,-0.42193431334271425,0.8969530790098292,0.3458930375972342,0.5655577312021276
939707.0,-0.17777415829696097,-0.1271848117085954,-0.5307111820313957,0.7779072016207611,0.0863951314460285,-0.09942491327743874,0.36730591166079773
939708.0,0.41038362016010166,0.8224196851124947,0.2195962799864537,0.4223527545220296,0.1223514530022205,-0.5650834074235309,-0.42391022607219164
939709.0,-0.745436991117828,0.24980071590834885,0.471788438862794,-0.3420533495654785,0.5022947315158695,-0.019683982028656066,-0.03457472428610009
939710.0,0.16786972015427737,-0.24348358052512942,0.6411132405939435,-0.7215250513941416,0.005521603338937586,-0.08631520166169548,-0.08609525270122553
939711.0,-0.032716093309054006,0.5146986999032912,0.36538628485569125,-0.5887264416330182,-0.5801733603867925,0.838826974459854,0.7867345899616303
939712.0,-0.971430166090596,-0.3702146484655835,-0.42613795688994993,0.747493501635307,0.7909701028923213,-0.3711643892791576,0.40531880618836125
939713.0,-0.5090342331699957,0.2646589177008669,-0.18325341837679754,-0.0884999465607228,0.22061552853578736,0.3779112700478593,0.5912319749947055
939714.0,-0.028910584476756096,-0.23032687669327112,-0.5338140772653741,-0.37963790661118524,-0.6542287005873628,-0.6836895771032305,0.9097738541395006
939715.0,0.07906331574916714,-0.6612013463263149,-0.0521019264526259,-0.07527661447747325,0.5827515957453979,0.7189094828141764,0.1744227934960767
939716.0,0.18542634099563227,0.24511303375292037,-0.39294842195047996,0.004911338080863192,0.1593905805843514,-0.6370320773205214,0.5836452660027136
939717.0,0.5938883606950998,-0.37623809521791096,-0.6105321736346268,-0.6250040594360189,0.8990752229333918,-0.3124703981082484,-0.456598671403736
939718.0,-0.7183230806749055,0.23367193891295934,-0.5948246995929671,0.5958155259400542,-0.4849124160886684,-0.037397008435378964,0.6998454869457955
939719.0,0.05867183575518897,-0.6040740536053062,-0.5807711561976974,-0.9824841780163656,-0.40035646567217276,-0.8635758628095955,-0.6316789282890691
939720.0,0.3361144738913393,0.7111095340962503,-0.4718707404346696,0.70264679389598,-0.09961653342783738,0.9198071361723035,0.6685593867770538
939721.0,-0.27082736403566665,0.3022568356596922,0.6395273541700379,-0.031004727579523772,-0.026229591528920793,0.978483185433612,0.674781041090498
939722.0,-0.18412284438255044,0.7643736690156413,-0.9859374397062024,0.1949368605916979,-0.7185086177184354,-0.6108873926537173,0.20076629352545394
939723.0,-0.47499971670291563,-0.6774685747016977,0.5200006417686172,0.6880537795978774,0.8545526543322917,0.5464525633690975,0.46703659899995986
939724.0,-0.6316556288327073,0.3964026582723992,-0.697643447877615,-0.04791745804954872,0.5896617640159609,0.08668006792079241,0.03627409286828409
939725.0,0.8042763277727865,-0.8247697983040281,0.09722069639794917,0.6946868378728417,0.11566997060413442,0.8781152223228406,-0.6258814667216872
939726.0,0.24655223843995477,-0.030389312650656253,-0.8339649526340898,0.3570572847906386,0.4213693710739277,0.7866889910630133,-0.7826618354300343
939727.0,-0.5045287393219129,-0.12126149235317629,-0.025319101201563443,-0.7206871684637413,-0.2560116819936773,0.7467662660670207,-0.6508112771578585
939728.0,0.8979931732103386,0.9995553763565113,-0.9824892369349099,-0.22090249933988004,-0.1674503596864394,0.903507175325418,0.706762467776286
939729.0,-0.24744490523439855,0.4349441965207137,0.32694615597910825,0.5859098294364975,0.5508069726529776,-0.2944070144194222,0.8322529130221679
939730.0,-0.6939042084708835,0.260339506429649,-0.04303222215399782,0.6591040615284953,-0.5544329163184634,-0.5742577357621781,0.47424571130510484
939731.0,-0.7410761711623901,-0.4591228835165433,-0.3851474776338273,-0.48860409968903373,-0.43308019859279945,0.7818205849108948,0.012186849353522211
939732.0,0.4270315724884415,-0.6364063275867624,-0.7027135724400349,0.6129428921562832,-0.939286092063375,0.47002824214012673,0.021761626407160062
939733.0,-0.240897572375957,0.5767020956540432,-0.673711253130258,-0.8791846541075301,0.6576063377371661,-0.9368429167282206,-0.9073735478927847
939734.0,-0.666956207941517,0.2036719434102512,0.5343970493401811,0.8572607881900702,-0.9555461572551025,-0.7315928647831385,-0.04906145701268505
939735.0,-0.9479169837392938,-0.1026645625411231,0.3421738782106569,0.8878370229154897,-0.052256472546577726,0.5621032873112364,0.5755380560108558
939736.0,-0.9725631292977706,0.881485462532938,0.9903391304810758,0.2981463316579607,0.9296824093680083,0.07274220169063295,0.9889662020828756
939737.0,0.7190236475186358,-0.886998507037073,0.7807141666207371,0.653357302071599,-0.185481337783298,-0.10275934306715562,-0.7316163071965369
939738.0,0.876534230051752,-0.08689353106922493,0.961104508618041,0.2617642177822763,0.3861542191438039,-0.17453577354612748,0.9567664349849079
939739.0,-0.5592281332924205,0.39434421797973207,-0.5344045002436921,0.07480993649731738,0.17289213292032857,-0.7428909755575848,0.2624863127207979
939740.0,-0.2227485218104961,0.046264201488215306,-0.996046786887367,0.9971907400804487,0.8183410968374343,-0.48559923544307204,-0.010366183156939268
939741.0,0.4263608738555018,0.43213247951721634,0.05233981544360544,0.9235492095820093,0.7036719958614099,0.9995804991549131,0.017401199766319264
939742.0,0.6410367892360287,0.8090650756811149,0.9734875799019822,-0.9151690513478781,-0.7371713867176761,-0.787228277742559,-0.4144297496660925
939743.0,0.43871236570673644,0.9690773371583437,0.7768333285552447,0.2417376373604505,0.45464291588166605,0.8748440919293097,0.995297325555071
939744.0,0.08695630607692628,0.12263910672527478,-0.3814759624498143,-0.10713584224515227,0.3800299054492511,0.5705009127779608,0.11923146067584156
939745.0,0.49967138138962586,-0.6078197994233041,-0.9069596505974931,-0.4095217880844799,-0.16425296368996056,0.2585221099134867,0.7344677411414842
939746.0,-0.025630603131992835,0.8308873176036953,-0.6554743897182282,-0.7113965968041529,0.44714466388525453,-0.7075888741368686,0.3531036388651383
939747.0,0.8778069020960213,-0.1292570623612932,-0.22119229657968353,0.8939113947583615,-0.21452582101605766,-0.7265664504258229,0.08315052724290695
939748.0,0.0966329278446878,0.38330365307481573,-0.43514900744354157,-0.6926561211342175,0.28308904640050403,-0.4636111668324534,-0.41160887944830327
939749.0,-0.18268749044237942,-0.34545320428604565,-0.24196587150786453,0.26275200926188225,-0.4668644167990801,-0.8570768538264126,-0.07553419518453564
939750.0,0.6139339406920998,-0.3157307957845714,-0.538302154825308,-0.893345259325506,-0.5380625786332025,-0.9419571612101674,-0.2118662680339236
939751.0,-0.382927739682011,0.10454200978475581,-0.2995256109313702,0.3894481682900721,-0.24368834616101265,0.3825852358483073,-0.5674450685503747
939752.0,0.957654694095611,0.2978461586093297,0.7576638811935077,-0.09425166232967985,-0.2930425710881197,-0.9939696303599923,0.7459179150884201
939753.0,0.4370448856586102,0.1847903883189732,0.5065971147082879,0.8143423177461393,-0.7560693035975721,-0.8891004625996861,-0.31884801268017093
939754.0,0.6483208780872769,0.06780389037376522,-0.19373797121804381,-0.44245957191177876,-0.6592300826943818,-0.9220537754583908,-0.21961168975328627
939755.0,-0.7980625404932322,-0.22063110356799154,0.7365491128654971,-0.6081008258913434,-0.7282537709843131,-0.4849469771421535,-0.06914665120808561
939756.0,0.1486710445097963,0.8610956885751191,0.26870798195084955,-0.7844504497807174,-0.4240766399869986,-0.7909847392297646,0.5841878422166318
939757.0,-0.46832123642987455,0.16011839264212635,0.3390900065361788,-0.48939293705914033,0.210183793370047,0.7049884868855385,0.5229517937577728
939758.0,0.890255416856069,0.6478321480871032,0.488835600944473,-0.5312331163286581,0.7444245945244017,-0.2778859155065305,0.8452114183725161
939759.0,0.41502704703727766,0.6788092132460057,0.35924989176834776,-0.2608049149010374,-0.9697461531170091,0.6612555722343292,0.6845328676741647
939760.0,-0.8391623634476757,0.7890301906632455,-0.17521503160729002,-0.8774760040735974,0.8084607632173906,0.9719632545591366,0.8554682760277588
939761.0,-0.5075509059955361,0.795066115282717,-0.8381255124557014,0.0621853234766605,0.42456437808874425,-0.3993783175719554,0.12189741719445712
939762.0,-0.44953204146185954,-0.03522665409595094,0.531970277102102,0.9455309944122994,-0.5917412270841671,-0.887487681964406,0.17659983660411083
939763.0,-0.5058798706927159,0.9085874959755151,0.27455408002463777,-0.26552360421957033,-0.6022398729678187,-0.64622056184239,0.4524784498926886
939764.0,-0.6570250845903645,0.4898100778586103,0.09358893411795077,-0.539438386027512,0.9218963713396073,-0.4072389866524022,0.6061023476055523
939765.0,-0.31061337527943333,-0.17339216480229158,0.4206074156042736,0.08452943122341372,0.10737951993647377,0.0009015530724272303,0.3245998304222708
939766.0,0.9254311520924605,-0.7160284785863442,-0.13550473119843454,0.7704636512032228,-0.8181515027732149,-0.3765451074157786,0.8113018201841393
939767.0,-0.3667667904966858,-0.5067232655693186,-0.6352593078064939,-0.7573627695387046,0.7840334809710934,-0.12852066840694887,-0.44149808264092516
939768.0,0.6187620022422238,0.7455980005999752,-0.05914328172549399,-0.1010606068549944,0.6579820969613936,-0.9919114658232775,0.40185091396352757
939769.0,0.43589434158101703,0.3668484736718376,-0.672694535440405,-0.29149987536897504,0.44596906843354245,0.7374771855064715,-0.753652359085426
939770.0,0.8787279030328414,-0.10302322757863203,0.8480281163668775,0.007180368809400983,-0.01756165415858124,0.3307825332993659,-0.6952525720391898
939771.0,-0.912294859250089,-0.09662565922579547,-0.701188527379242,-0.8243636661405873,0.4751679599645744,0.09064038428740373,-0.696327021264904
939772.0,0.6428709540239179,0.10343318253458755,0.4782609198129071,0.38943584825037747,-0.0463022455357498,0.10489953181535916,0.03322614209084196
939773.0,-0.5184157581561539,-0.1548048238119788,0.8624977405816501,-0.7649192319331124,-0.42639823689320266,-0.7524318298068144,0.46864348964760194
939774.0,-0.6796694814371964,-0.24142156667166836,-0.6470852529005526,0.7677930006961617,0.9752141288370528,-0.7385555699826805,0.2759696281484265
939775.0,0.03727564815526585,0.17816818343146457,-0.305037972509846,0.8233365079108272,0.11637396061634986,-0.8860437508093406,0.8871004468899597
939776.0,-0.5534932518321296,-0.17358393299889263,-0.44136872338674427,-0.8431256734284904,0.8788684530533215,-0.0023594505610091687,-0.061460034519122075
939777.0,0.7141496389454727,0.680212170255593,0.11583410076551881,-0.4403121126811709,0.1254134573775223,-0.7169140041512025,-0.981112333585318
939778.0,0.8557063740284807,-0.9670745135193775,0.2386116995825902,-0.5752482495567004,0.6864416607147921,-0.8972739685713575,0.3446229470856017
939779.0,0.48383176993670496,-0.5480215788904848,0.16899771966003851,-0.8208921455440399,-0.8615913969138127,-0.5613701547108745,0.3473710006979198
939780.0,-0.7290058168252396,-0.1025632272281658,0.9303903087104413,-0.02620752954648098,0.7478027471067354,0.2608109286885196,0.7739311005942
939781.0,0.853156237001969,0.970824089649704,-0.4448186017958693,0.45975281858632644,-0.17476455726620532,0.5185935647893472,0.6489937676763522
939782.0,-0.8074370916699738,-0.515127712520755,0.409422552570897,-0.8609654190811513,0.6794809795016199,0.15357374029338278,0.4818746546701591
939783.0,0.09271316757137615,0.48868306374264003,-0.10110159309698452,-0.11722772390236136,0.7192389550744251,0.8238554509908778,0.6253432090605642
939784.0,0.1473077373876197,0.1426041544368588,0.49606018707675403,0.9063099007592501,-0.777906435172784,-0.575094195858469,0.1380205763915907
939785.0,-0.5072386002370208,0.7562808265798595,0.6528774616923121,0.5900502753638295,0.37093739418377925,0.5151614439622283,0.12706170227678615
939786.0,0.45022194228145573,0.4457211397592591,-0.5127235486694692,0.7601975714893365,0.23706745521490413,0.27470591190917637,0.7482997763480359
939787.0,0.5615036922717938,-0.703592092308529,0.10056705616271233,0.7484942601448406,-0.8611779927918888,-0.7875272469328001,-0.2568694977507693
939788.0,0.15902256294849204,0.10638041220402306,0.9042710946443226,0.5632900450331961,0.7054218595604425,0.9682919417355011,-0.264551691236079
939789.0,-0.27288634680142954,0.26596071609597316,-0.26481956883891233,-0.7412178548151969,-0.04703964351731238,0.3689839108463191,-0.2491107916151063
939790.0,0.022971867413064118,-0.12175050400283816,-0.5216591329632656,0.5441041417945882,0.19567364644927876,-0.9283388646852275,0.5860186773834273
939791.0,0.11336656520288879,-0.22347339358772045,-0.2894497382994683,-0.8885725458970739,-0.38204672291759034,0.3975857397330107,0.5473225375248816
939792.0,0.25025702791710747,0.40820401010521157,0.7871673233169172,0.851298549681607,-0.49306652981126575,-0.3129210032952765,0.4321964619536527
939793.0,-0.6650750780397818,-0.39405981891917286,-0.11333068955898029,0.8072088357838174,0.4970092758437141,-0.8745039984204372,-0.5038797492628801
939794.0,0.21312033052455726,-0.6147623738885921,0.9379201546274492,0.4810838173698939,-0.337152195615084,-0.8871302275495152,-0.3668820175978582
939795.0,0.5891267950884091,0.9321403407503828,0.14554753718716507,0.32182253466105903,0.7373693446429401,0.04664141476121997,-0.4934210712320568
939796.0,0.9863905996463553,0.052819189704435,-0.8190651777525098,0.24584688164860924,0.6505426701791253,-0.2338402968589548,0.6734133783409226
939797.0,0.8768437973249097,-0.47775749184398175,-0.9491163030044241,0.9643198064165617,0.3065259350514238,0.2991383702830501,-0.0063260435455798625
939798.0,0.4047909120176971,0.24939902285760684,-0.6703363346583715,0.9306308639682768,-0.7847226855378353,-0.18170337552730365,0.021654199836286914
939799.0,0.3159562269781193,-0.25915685392241583,-0.849840773223209,0.16683656131164804,0.3432210966987961,0.32984214411122736,0.6309886147509876
939800.0,-0.6881792968609499,0.4110944716109919,-0.016735473587273786,0.2575603790898431,0.8384972975894673,-0.7766461412492367,-0.8018547071883313
939801.0,0.47213191872944127,-0.3218095178592366,0.9043616816228774,0.7410382549650798,0.16758307994270116,-0.6510280440324692,0.6244911817591023
939802.0,-0.37157830697505223,0.936681945667136,0.43842936475354954,0.4852140842816879,-0.8944261901635073,-0.9043720355712894,-0.990723925297246
939803.0,0.6703875437125302,-0.21395819532319993,-0.07355385580638862,-0.06324841557980809,-0.6924797689795543,-0.6465809978461539,0.874717006649361
939804.0,0.9141429779640005,-0.4457013632113014,0.9023979789307206,-0.2626879023419453,0.1971552707811861,-0.47735548905584047,-0.7781152711815038
939805.0,-0.03066869003993422,0.9787893914474837,-0.732130363242661,-0.1863735946800329,0.41199079041925635,-0.46358175293232695,-0.8978338571283992
939806.0,-0.31646788297331985,0.6240072341845018,0.7413809613637403,-0.42495051470806144,-2.565855888447821e-05,-0.871179842420889,0.486864199834002
939807.0,0.5073434251501385,-0.7573429488094234,-0.034501606404792495,0.602396329225571,-0.9832661148183484,0.395295227207203,-0.6805863802888237
939808.0,0.058438251921684614,-0.8558055700391101,0.6995851976115313,0.06965320526426377,0.008368438075686768,-0.25204011287303385,0.8130206001042102
939809.0,-0.4065763625668326,0.706884987945078,-0.8157461544033415,0.29445014585977103,0.8280964832372524,-0.8166019970059457,0.7291150129686559
939810.0,0.9488814168740185,0.6950794240745808,-0.5758362534851835,-0.4356029933136627,0.369642567938949,0.5003853999449399,0.4020296322049428
939811.0,-0.35609330389053273,0.8649571501629096,0.42040025512746815,-0.024096854277767754,0.689649222794186,-0.870137900093066,0.3870700661664819
939812.0,-0.6871615454668061,-0.8210685878807906,0.7793415504714807,0.5568868290902449,0.8838010477927456,-0.3951353335091359,-0.2164137605742542
939813.0,0.5804348286153567,0.9902977043121648,-0.4726277635919678,0.8935121190414335,-0.22119023846975638,0.0017495488869274656,-0.78657549511406
939814.0,0.07959837966341032,-0.5711557991908072,-0.7538323145857786,0.586052343448217,-0.806907581720915,0.46233114818667875,0.44959574253110324
939815.0,0.6983845121939014,0.780113340456571,0.0204586912729412,-0.9562411393198371,0.003406837670890228,0.34216724860729375,0.027028409773820705
939816.0,0.5772905625063256,0.3103844915157672,0.012633076173844904,-0.9432603242194784,0.508273905471845,-0.922948569802647,0.6451795626931862
939817.0,0.7116536914373583,0.08717200918374868,0.05398620868806914,0.7586205700927844,0.060263685828857216,0.6109897388072827,-0.3903304399543708
939818.0,0.6298614901130548,-0.45400356475881054,-0.9150123297607211,-0.4610457983129499,-0.9266064854540192,0.17677531710422034,-0.5685484946147472
939819.0,-0.8204103416671362,0.3757084050946333,-0.12923407640760232,0.7412381687513308,-0.6487452868196846,-0.6637958460279294,-0.23402953275622895
939820.0,0.41875016492913675,0.9745463870477005,-0.3628785910592278,0.4374185811783855,0.2476624060962065,-0.5689169231965037,-0.33267945658348896
939821.0,0.6251950119797538,-0.3285569198036795,0.2136162929458445,0.36282463798573183,0.8442491192718973,-0.44671554184255835,0.6532966755757945
939822.0,-0.07554620496304287,-0.29507055921563774,-0.556974648790056,0.41574161558526446,-0.4318038737047052,-0.14062782150497943,-0.7705592323461565
939823.0,-0.6799957175204059,-0.1588260258922567,0.8235776047825885,0.1630976763198606,-0.6523864953000762,0.37152637638712616,-0.15726238239164858
939824.0,-0.8562638568359311,-0.19669992327797448,0.17161952566751104,0.5918538869549084,-0.4531781775643553,0.6738735507393914,0.25035451210885884
939825.0,-0.8571718180077132,-0.5069249616797897,-0.7892801820276427,0.19751847259098332,-0.6455298910855354,-0.5969458945012376,-0.6130075520247624
939826.0,-0.4183122979654339,0.7130836246020829,0.04927450276191947,-0.8233748566096455,-0.5015521268853205,-0.9429220300743151,-0.8662764486276797
939827.0,0.628939815742158,0.16373751868082898,-0.3765471669132845,0.7699543874683339,0.7972540257868483,0.5791162320196583,0.6908844132097252
939828.0,0.7785741725626136,0.6110444668814006,-0.789192559361042,0.01538416954967703,-0.2358560877063356,-0.9952865260111736,0.31471212490675393
939829.0,-0.46387515738290364,-0.7546790368040972,0.6182049760103576,0.8543257183977975,0.7233566436964343,0.47444349750725334,-0.5955664988355718
939830.0,-0.6168987230943705,-0.25871764155509336,-0.6281056512078844,0.0102271321471481,-0.7565991982624283,-0.7538490038168406,-0.2384326680598685
939831.0,0.22270308546593998,-0.7490412799708455,0.02127979601437735,-0.6330410226494816,-0.01854017872109548,0.684105531714535,0.16580569282818125
939832.0,-0.6368367838048206,0.6009444350317108,-0.8167643417165322,-0.4809679443177548,0.8677475637696326,-0.33912275472513054,-0.1299675788380772
939833.0,-0.24973187650218032,0.1339827186628484,0.4872536706618713,-0.42022971187586333,0.19065694415661594,0.18368021326025086,-0.748870179320553
939834.0,-0.6091999157138235,0.308632285207304,0.4808722302377222,-0.8264250687937209,0.8400831724074163,0.2596585947304164,-0.10514668858638498
939835.0,0.05178278081445886,-0.7337273240761346,0.9827281101264584,0.5889015762554177,-0.44699759812421647,-0.1514599753670729,-0.2964065854723723
939836.0,0.7372458990737376,0.5028629859244995,-0.42965242889974253,-0.016559333942544274,-0.825925376288414,-0.6362510477687959,0.037007747828501136
939837.0,-0.19778849680385924,0.0694881068643316,0.4951348448275077,0.8461883496945295,0.5701031511737309,0.38402955634205616,0.04870164961465773
939838.0,0.391712659861873,0.757987041761973,0.25077724597233075,-0.4831666175371161,-0.8532804288240612,0.2367192432406504,-0.8015331005845447
939839.0,0.6829324844679361,-0.9089309084743464,-0.8636230583503468,-0.28863801085939245,-0.09145908287346183,0.06920324955983226,0.9679920818189636
939840.0,0.017700148995737797,0.9914528484899756,0.01222174370318907,-0.36397492487414573,0.4597156252213459,-0.9821819705751402,0.4947155152854681
939841.0,-0.7206612044250131,-0.588187763068978,0.5468470368949403,0.4215499993479672,0.8554562273230415,0.2054567024883731,0.40588415062442684
939842.0,-0.7694716133367017,0.012638428251673828,-0.7649526523591572,0.21808323853552292,0.39848491962496846,0.3280154288153152,-0.5459870263318698
939843.0,0.3860220323541481,0.05277394566328186,0.7135238826234522,0.9114980891936006,0.909163182471858,-0.6456876217936831,-0.5538023410027435
939844.0,-0.7918218394317735,0.30891039157438493,0.12736564196991762,0.08564293221402619,-0.314832092197755,-0.8241495906841372,-0.24746246083686962
939845.0,-0.18897480330183614,-0.1409472078336833,0.32842639802530305,0.542837724818378,-0.7888408969469125,-0.953872797419455,-0.18033286184246844
939846.0,0.590949952545377,-0.13540497247762784,0.04000877954716375,0.4569900898158592,-0.08167016659272597,-0.7308453556977099,0.12654185748098756
939847.0,0.5765635073579083,0.9719442272352152,-0.9732520488182723,0.38495980903492777,0.7635732987401418,0.12403561415441766,0.4076591638685034
939848.0,-0.04362744227450799,-0.46694778762924916,0.21666777407865312,0.7278850731707167,0.35100210948847277,-0.8507895758965036,-0.5810455892638435
939849.0,-0.7883789160191912,0.5200904268236883,0.1791176067319118,-0.2767953565150112,0.34361397389648207,0.3951142780606547,-0.8792191170472672
939850.0,-0.2372364694024578,-0.3535627435561861,0.8766662303874724,-0.5495292693954998,-0.9863459088720854,-0.42770689957898367,0.11849420263385646
939851.0,0.31239885907682674,-0.3422052873220185,-0.7631873306924468,-0.49282802146582316,0.5569468587172699,0.37278223113573383,0.6037145340923953
939852.0,0.23254494916942936,0.2844736829784855,-0.24440152113968727,0.436226859810946,-0.8525789822904632,0.447623171183843,-0.3760909105210557
939853.0,0.11547303175710466,-0.781936877037644,0.940309136024505,0.5793382852816371,0.8599500678563357,-0.35338407535523375,0.994032876548508
939854.0,0.3570013714139517,0.5817409949617196,0.8076377877787593,0.6519408921801546,-0.8020760865518646,-0.050174398569891476,0.8088232590556605
939855.0,0.4515906371873464,0.19631418854288452,-0.02980956038164706,-0.9834565800763599,-0.06756677083831941,0.4304116363606214,0.09420140818702016
939856.0,0.809000298916124,-0.23127297547182768,0.11539652152523239,0.9067046984301594,-0.04989380171490998,-0.10344892048064525,0.2929502924726042
939857.0,0.4883884741216713,-0.8336896133985701,0.9815413719788617,0.2149541623836917,-0.1299082746148843,0.19993403794479736,-0.0559217848874658
939858.0,0.6054829268342579,0.8308643506205768,-0.35645316594141496,0.7817255086760597,-0.23780030062429702,0.9948223361522712,0.7877984992333231
939859.0,0.08479402669433544,-0.28192612061135525,-0.9654905270384826,0.061523472347492225,0.6839358365594013,0.5985781109650876,0.8806658294504299
939860.0,0.04122240122165244,0.9161021654443418,-0.3739074845756154,0.9140661385374527,-0.3158708379339781,-0.3667537672502508,0.9792672033889342
939861.0,0.037277125895283536,-0.36730488894548063,-0.8348863403056987,0.2561980901848322,0.6081279398622146,-0.7114205871451247,-0.8328601722117905
939862.0,0.64824132063409,0.7288376930217833,0.815622230075282,-0.8958144570742486,-0.15675695864190486,0.05593488940115132,0.03395651843477854
939863.0,0.1711307729373044,0.12918873711850876,-0.8436117170489152,-0.42220473086970345,-0.3358139318606759,0.3523790412934089,0.4932361336462905
939864.0,-0.7288829082131953,-0.9521584271410646,-0.6538517443991072,0.31356943055234265,-0.18129659994598724,-0.5096339255662146,-0.5269746573689866
939865.0,0.2643769377696983,0.892060996101921,-0.4536687202773295,0.7253700914648578,0.0339410118753225,-0.6684610746263138,0.1008610354166124
939866.0,0.7939452287253559,0.9287521009951556,0.3077480369339416,-0.5314087609170841,-0.9043325387332801,0.3511497324466817,0.8451381154176243
939867.0,0.6710491971135237,-0.5918599102222195,0.10711173870257884,-0.2605853387208785,0.6114985346677846,-0.16792342349093214,-0.665246329529954
939868.0,-0.5849672106692745,0.48449095578164436,0.932352848465235,0.2697008556013558,-0.6706013636198676,0.5322733004256319,-0.8975668135114263
939869.0,-0.11232800762702944,-0.11992460411428407,-0.5049196186942473,0.6854072579844015,-0.4158993184642601,-0.6455794490571021,-0.6740305867311236
939870.0,0.6255263890145024,-0.38459919934581954,-0.9522101653741379,0.36825269509194314,0.5185127584904723,-0.16391445643140456,-0.18816325200279982
939871.0,0.9461427979942423,-0.3474060806966244,-0.1732649615286983,-0.8209879198352124,0.2906204292736527,0.12968986117933867,-0.10216614227675036
939872.0,0.9872806923935828,-0.7260641366481231,0.11189901227017862,-0.7974864535873989,0.05622848578561901,0.592711104066671,0.16537366982456536
939873.0,0.9112876937221177,0.4053597792005439,0.5683885453066853,0.9563908454067789,0.020326493728173745,-0.4441465295257503,0.30359364560878555
939874.0,0.3187627536492461,-0.45979358502933865,-0.32533284808801843,-0.19242683935866922,-0.9044204408945746,0.8841504898600738,0.8741160076148538
939875.0,-0.8490812998937631,-0.9642143866056461,-0.5990441655931091,-0.3594192566533083,0.8762929771158936,-0.11732260308830655,0.14751874849925817
939876.0,0.6925032333860237,-0.5213167418488354,-0.10722834253766078,-0.8324679347370034,0.2116648933660763,0.8831116093224289,0.43691100611662015
939877.0,0.041725827912569624,-0.4907414354583757,0.7852111066040031,-0.8562431843385097,0.36003962632045616,0.36964642731178965,0.10671691961891638
939878.0,0.13348960991954817,0.48838193977534816,-0.9573817065291408,-0.06536205489611313,-0.8918567399399597,-0.640075207352439,0.8863135083063995
939879.0,0.37500244789512327,0.754052789934454,0.10539376422283464,-0.7692266914962664,0.8235097884814633,-0.386858701338181,0.5982574701812866
939880.0,0.4504441857933592,-0.7706518859358162,0.17887873219987527,-0.22702938378239246,0.883442326602365,0.41673522904236826,0.9563661981331459
939881.0,-0.7512491630361982,0.1779777076854745,0.6716261246930684,0.3158988628719055,-0.4120488826389417,-0.45499526360636855,-0.8755517867542977
939882.0,-0.5146070348468521,0.6509883930508364,0.6503709180669046,-0.45713579414288064,-0.24856254072345663,-0.7517956042323763,0.8601567899510714
939883.0,0.7545602241861391,0.7007985526679497,0.32786544660274775,0.8446476524857796,0.42088709885073317,0.499142782844078,-0.9723024085018455
939884.0,-0.7192905796631155,-0.729907579898694,0.9573856001544163,-0.2371145512138495,-0.9509959292776475,-0.017489442288690427,-0.6871778965515514
939885.0,-0.01987764657435509,-0.18970691314188803,-0.18168029985199863,0.28405467069797985,0.9126626652824978,-0.4186974159586925,0.5979792011501339
939886.0,0.30655102105880716,0.9401269963415024,0.0284790625807958,-0.13537766092475811,0.501906596285626,-0.1451721039381877,-0.9004738807183963
939887.0,0.4395127135067083,-0.9320478181177447,0.5636902677250895,-0.1419087031614723,0.09776555499829942,-0.9412002474506946,0.5908543896927965
939888.0,0.7609886620774347,-0.46197671216144354,-0.6715553310622013,-0.796384636798487,0.02611387339419191,-0.8781765974892299,0.769574817877779
939889.0,-0.04935030871288726,-0.39636162075600745,-0.06613466422702263,0.4007544494066413,-0.14233395394454074,-0.8301025349430353,0.1464361029363055
939890.0,-0.13837410112198745,0.547876810024571,-0.42865546433674506,-0.39449071133318325,0.1988019983556626,-0.9161688509858354,-0.157571897262051
939891.0,0.1235393243054217,0.7624135590071126,-0.571281973392828,-0.4013084693528388,0.8559554292587357,0.7685655149474806,0.2669133475406589
939892.0,0.666195684119177,0.7827662435153213,-0.9172447642344872,0.5340593993231404,-0.8207898374274221,0.8448283790986795,-0.016203995960468287
939893.0,-0.7922821373507349,-0.5021245297097034,0.7821230020888532,0.7685678950786348,0.6175116535997582,-0.1820249215496681,0.13521461281761082
939894.0,0.2516753224872432,0.03440056287588633,-0.19046328125173528,0.8700388858359243,0.979340337197742,0.18785141284102513,-0.08394534813980403
939895.0,0.4120614905570623,-0.6459521334753817,0.9395245399226337,0.29985974750589417,0.03605884553770444,-0.3116448997356336,-0.34480025443461026
939896.0,-0.9579332557916092,-0.7089179003028683,-0.052127456443189946,0.910998025970035,0.1649487275940349,0.8278925412770146,-0.06628343321222618
939897.0,-0.3586586840029251,-0.5454901725848742,0.9514678579975246,0.8765966160829386,-0.3277828030618819,0.9402329624202046,0.8685267429775752
939898.0,-0.7898539328339409,-0.41856289002566016,0.45157378177054297,0.9339391071994032,0.9873296011490158,0.20106434668697726,0.026589141070120226
939899.0,0.6454959961705939,0.8562604987308873,0.36679912269167114,-0.09371695237895472,0.7060267577662671,-0.011845379407720458,0.07127979968751985
939900.0,-0.7712087357053303,-0.11310243669525755,-0.07526865311489428,-0.12532498916480495,0.18611991643928016,-0.5097076708329793,0.9983722755941962
939901.0,0.9063364501851146,-0.5796162266747533,-0.15490451082202772,-0.7169884537773492,-0.2159418682021157,0.47946852601165757,0.29510819056145965
939902.0,0.9351376319743083,0.9814699253999395,-0.2754624362839919,0.34532231472926034,-0.08546487875930797,-0.015405101869775395,0.19637973477063597
939903.0,-0.1794475009602381,-0.04424078989757585,-0.6484817135605163,0.7339341492317786,-0.6662246523224118,0.09974323373523886,0.8498608645913239
939904.0,0.6861103464563032,-0.7156844734749568,0.8354754179991208,-0.11303176521717484,0.822488214975617,0.7702064858755682,0.980658542492761
939905.0,-0.2769797057218104,0.035915264940566516,-0.13100756147853776,-0.6090046399646545,0.12172137807027439,-0.2838990624511031,0.16493229119873365
939906.0,0.8026923415853529,0.38486052763121936,0.6490092712317312,0.4947778827636289,0.20970005707314043,0.4853716191737252,0.5889060996324091
939907.0,0.996011024390407,0.43096162627117107,0.9048655564109698,0.8343400382651305,-0.37442836284271475,-0.7024177502916686,0.8726665924769046
939908.0,-0.14262304519991575,-0.06300186402121355,0.4385213061291642,0.7062764658785019,0.4309752622510541,0.09679003371215122,-0.01891692463109318
939909.0,-0.9353173964800432,-0.29490571954056133,0.3720698838733021,0.2533681753654986,-0.5315586184112766,0.6008817184528736,-0.3878632328912732
939910.0,0.7030592243567553,-0.9250313282534264,0.07434937806891617,0.1310006414096121,-0.218721769777815,-0.17278138298476753,-0.2392453751535466
939911.0,-0.5399006702622389,-0.7399593344292852,-0.5663292760101191,0.5133389930091006,-0.5501463651139589,0.14628570126547147,-0.10083842238043728
939912.0,-0.9346050835955029,-0.8402825962482234,0.8962189047173927,0.0889107800403599,-0.39429605284154934,0.044529207890471545,0.7213939465481463
939913.0,-0.2929311249977258,-0.8405135549994205,-0.9322373630470853,-0.8471760706274707,0.6289338218680101,0.9603592182182925,-0.6486107279323043
939914.0,-0.07725863406183175,0.48443637613038604,-0.9052568408499935,-0.9942751020455591,0.3640321927117698,0.6419104477189854,0.13685608907253988
939915.0,0.765070340354447,-0.20829212907831463,-0.6377157510226741,0.3637111112564726,0.6647877604145676,0.8716408151313415,0.03459405489404821
939916.0,-0.5968466311086154,-0.9028744850378414,0.7871922706699335,-0.3381839617241904,-0.10342777353331667,-0.07918644965475141,-0.94993350921235
939917.0,0.20355219024755034,0.31856295211189534,-0.2528246544359656,-0.5102239786685183,-0.003137255068653255,0.8316438635653343,-0.12270120951123653
939918.0,-0.6876097340803373,0.7327434048297989,0.0627616227849046,-0.6142101717153827,-0.8189913857475337,0.8974182321304527,-0.6438088482912472
939919.0,0.6475504829148024,-0.377448632928546,0.9165410958640754,0.2425350585857513,-0.9539081540271626,-0.3440162749113711,0.4786008122307166
939920.0,-0.6509321518353832,-0.6421799835699744,-0.6756211951743889,0.1502804284867152,-0.7253204539631712,0.1579486142777511,0.007214058612294627
939921.0,0.47125661676961417,0.9125429454692799,-0.9141368444451099,0.8103758844077413,-0.6022846294924284,-0.5836104007822174,-0.5990905670487343
939922.0,0.1692745722611142,0.29958515193409196,0.3628198060848886,0.012506806429359418,0.39275546916273063,-0.9649383069278319,-0.20200882993016211
939923.0,0.5005151453214451,-0.990357549632235,0.3912983093909188,0.011865396819132457,0.14773498967391951,-0.22180315854005772,0.7962152395690052
939924.0,0.7595157284418039,0.16961020139486904,-0.9434805455071726,0.20005756049227807,0.04547415039629832,-0.46592334654964795,-0.13263835239364474
939925.0,-0.0036990771538747413,-0.9434720067040341,0.828443158803521,-0.34693918225737996,-0.6830541047032423,-0.35253201455693106,0.7940546667228934
939926.0,0.8190205405648685,0.9716243310493742,-0.2860668698273301,0.5662496707771318,-0.1311934003039672,-0.08969786623026943,-0.8832095015714025
939927.0,-0.6587488743552858,-0.3750913739547359,0.007476002939115434,0.6336163369975651,-0.9548846699128681,-0.6502208270379943,0.7676324446025835
939928.0,0.09968795705731814,-0.864020223938017,-0.4845206098874635,0.0306080195841425,-0.22469599538862917,0.2660487407660481,-0.991737921748328
939929.0,-0.6909021113045328,-0.6509340632639369,-0.08294573028116514,0.26558291174144855,0.6485660477529427,0.605592746762782,-0.38896773215921066
939930.0,0.3274472720003483,-0.7769496605535544,-0.4680070478849123,0.7862377516002181,0.8484205604748665,-0.27239722374193653,-0.7685326853326868
939931.0,-0.9042336183351998,-0.5471233254297196,0.7864096742093485,0.32255863835822374,-0.20321998184034307,-0.8943204719592834,0.19436402329077618
939932.0,-0.7778501071225026,0.4507111259305061,-0.31420373895243636,-0.12476397243924553,0.42076771195253304,-0.991910292224127,-0.6511348856746824
939933.0,-0.6353603203683602,-0.20859635393471132,0.055489469915663836,-0.06707808390145131,-0.17205778031007735,0.7406050728061073,0.5768388930300241
939934.0,-0.09655850664877819,0.30341156851109097,0.1532207795826077,-0.2587804263690543,-0.7841036137674335,-0.7125320585155024,-0.743384866828668
939935.0,0.16050171662738832,-0.21438074058994472,-0.5628507226012731,-0.05204840032760183,-0.006671621833012731,0.990587318384688,0.37198260233753033
939936.0,-0.9663987101513634,0.15653498625653883,-0.39505570418859604,-0.03925775519687691,-0.8874961789962668,0.9290117007028149,0.9639999131440644
939937.0,0.1488277460450138,0.20612228359419427,0.29000272479548794,0.5703971053569732,-0.7019100838636461,-0.9715196679886124,-0.755791444857199
939938.0,0.7805341667575694,0.8023847743839729,0.7964813785366287,-0.5534019602999263,0.8624398085828318,0.8958270719906285,0.13672000798360817
939939.0,-0.9311728973244997,0.03111849712727377,-0.6368224728494862,-0.7616654793767919,-0.6070189053505519,0.5515828545373136,0.5811115199335559
939940.0,-0.8463427457949593,0.0746274007074792,0.7360887817714123,-0.8140696874306597,-0.7601467602640695,-0.7262540852678887,0.6056343798360169
939941.0,-0.025404613910098517,-0.6868880204405348,-0.3034773030651865,-0.05569958199162506,0.31742280889282437,-0.9351214368967431,0.1893930042245906
939942.0,-0.15663564777681427,0.005528628281581849,-0.1530848913954892,-0.5806414196113607,0.05616378174203884,-0.1717224527649499,-0.1588712511649184
939943.0,-0.4610678005149009,-0.9360698644835734,-0.3372039363278092,-0.11833230653272397,0.6999207687660141,-0.052658510857183316,0.6341551085536083
939944.0,0.8450493321266013,-0.43238176012129603,0.5721318359283325,0.021933647882402596,-0.5473030819567293,0.5865606310481595,0.2848288801456851
939945.0,0.9479933847717441,-0.08473378808937371,-0.7448245853627813,0.5547011843601353,0.7731674925868097,0.5225631052972868,-0.8390132175356202
939946.0,0.5677572450851684,0.7375388668271048,0.17154483660769548,-0.5298223505765001,-0.39887266396468823,-0.47855087887725944,-0.881121707300045
939947.0,-0.3611843737695386,-0.5913061780966198,0.06330531122042649,-0.33594262050669,-0.017836729639806315,-0.9158444234936727,0.7900758448049956
939948.0,-0.1450771872372889,-0.2969460731447131,-0.09856982247445267,0.3165202613698912,-0.5704189385411529,0.46455244522083583,0.08978112633510515
939949.0,-0.9328832586598497,-0.3049660361538058,0.841492134263714,-0.4989748458718588,0.9031557802378887,-0.11653915709866425,0.7661257940533048
939950.0,-0.6929645033533409,0.12624695842456135,-0.02057481152832019,-0.7726610982754758,0.5644551454965578,-0.31422552606451437,0.6999438361424142
939951.0,-0.2502015152442292,-0.6135216501823921,-0.5908281301909284,-0.804185315697233,0.3406659882343779,0.21390119941635755,0.32719701150404323
939952.0,0.12270607328610583,0.29553113044035806,0.5243751976355306,0.9865323668945274,-0.754452907839966,0.20101019837572442,0.8957570487820403
939953.0,-0.8303956268686803,-0.7554254028080263,-0.4757703219679208,-0.8056165103765285,0.1686769811831217,-0.816800511371119,0.14665039137271574
939954.0,-0.0007591317186639301,0.9885693740440165,0.27999603114920735,0.5983174824066058,0.2036080631318249,-0.13647647191324408,0.850023935808107
939955.0,0.6444370446469729,0.14849360801432732,0.7239899369893761,0.8130878458905022,0.6551476129028684,0.7284788023824738,0.3363292653037788
939956.0,0.8593673811819638,0.27685305770611923,-0.5816904471412865,-0.050776114036187314,-0.8954303901575154,-0.04039586635999837,0.8741297097817213
939957.0,0.49217695852323917,-0.36288567759546897,-0.9016963307216661,0.8579961824119169,0.8309725102819403,0.7830064973771973,0.11658294628798016
939958.0,-0.6984132164766401,-0.7022502200005283,-0.5172871735707334,-0.5090003714768441,0.14271112484608506,-0.33063327490021566,0.6502153974212492
939959.0,-0.9929857264718309,0.5166608739156779,0.4927562065021025,-0.3374583942888725,-0.5942479361447901,-0.2360030922625247,-0.5971929144672083
939960.0,-0.06877087714680852,0.5746682050779983,0.05041565660477798,-0.27136893909157034,0.01817289314686632,0.8167844875412456,0.3420091302010546
939961.0,-0.8077478018869613,0.6421400502791543,0.10028506335233489,-0.7150302993659652,-0.2536931777009228,0.8728506571275627,0.07746075357883453
939962.0,0.20644263923208706,-0.7523708407693042,-0.5528419553012085,0.6381166889605612,-0.3389743679637185,0.9632170598602272,0.3756993420439607
939963.0,0.22476545515002155,-0.7958888359065448,-0.7396351206370668,0.26389523457112607,0.6023596331199363,0.6589122379355401,0.031565050091321156
939964.0,0.4603964943418297,0.36343366169410074,-0.10520335577203688,0.07920671662983048,0.9925960603620279,0.3254368148814677,0.7688183517011185
939965.0,0.30942571040640665,-0.8486843626907221,-0.46747427965315547,0.8236044474533608,0.4549087783706083,0.2381714139743596,-0.48738857512630296
939966.0,-0.8751952889655308,-0.13834216515856013,-0.038978081289865685,-0.7407446579517885,-0.6440079395700378,-0.0993670552626349,0.9313209142043604
939967.0,-0.026126744787992928,-0.4071352767640508,-0.9208704205385523,-0.6599359377044707,-0.09555557950427551,0.5365269531987562,0.8556493589593559
939968.0,-0.704674908199453,-0.5633310783601173,-0.42124342638315015,-0.0049147022882849445,-0.48640980471337714,-0.6451161192417141,0.1158405321021383
939969.0,0.9232004004696264,0.48495053560031987,0.6917126888701519,-0.5524815533043796,0.20575769896629148,0.7677899156426116,-0.769869895368835
939970.0,0.065282796904639,0.05582170231984196,0.8295568896804426,0.700663667741543,0.9119325420041413,-0.7720232819370765,-0.010537622995659301
939971.0,-0.6004252859955093,-0.9134456236092103,-0.26969262785711257,0.23359249775166324,-0.7467853755468044,-0.27361144162572293,-0.38493045377737456
939972.0,0.26456060839915363,0.0693558270557717,0.17293912927280553,-0.7509575922382095,-0.813068049054734,0.8785191821368432,0.46729620089263535
939973.0,-0.0951667821729083,-0.7606352347303662,0.8455050031303128,-0.5211923977887247,-0.08561866014066388,0.7019403754441305,-0.46408971009986266
939974.0,0.3010697505686002,-0.5323389007319581,-0.6570636725268708,-0.04765508757797732,0.7999244959547409,0.9418493465375255,-0.9501887536766891
939975.0,-0.16340970219785,0.8917402021748653,-0.3901418559307954,0.781331056657748,0.04975666707971782,0.18189136892790558,-0.891138585621043
939976.0,0.06255204565253836,-0.7304813490126296,0.8820787547685272,0.6573832917979381,-0.35268786877971126,0.8772501245750974,-0.42018636850051494
939977.0,-0.4128072129796736,-0.9995354565264096,0.965562452469833,-0.04520671025546141,0.9250247813681611,0.6644002261010016,-0.8137652408174376
939978.0,0.48925053406829666,-0.3739858811131016,-0.08844623820002107,-0.930022702677133,0.14076115997394822,0.48146816113506796,-0.8243675702391984
939979.0,0.8804906048849679,0.47103320150696937,-0.4530322096205519,0.5158643957197075,-0.22862017873501883,-0.42785094699942716,-0.30762818982561924
939980.0,-0.6359597939598463,0.8754431529173201,-0.4807095078021695,-0.04837204872902778,-0.4541767848369074,0.2986372242443305,-0.7264376964138219
939981.0,0.36237560527146373,-0.4128987415894616,-0.0984198366338187,0.16943226015474888,-0.9773935451142601,0.7423891314999371,0.2188617045986696
939982.0,-0.8932048470111875,0.12096653611299568,0.6552811335070194,-0.5997552773381214,0.0333324114599467,-0.1223277845876618,0.46069183366365585
939983.0,-0.8403777050613426,-0.7718450614131274,-0.04266115159568984,-0.7220100573511483,0.17105043307133094,-0.0035926331293838487,-0.5713227664904379
939984.0,0.5135995120523613,0.5160613153126536,0.3346805441492977,-0.0327966201307357,-0.07860161961832346,0.2324416696842,0.6193413602129383
939985.0,-0.9243287380999214,0.639242546416203,-0.3094813755986774,0.8800773313049579,-0.6843672299926689,0.9605664170844586,-0.4289086289879003
939986.0,0.019528606721629815,0.775723373080115,-0.4321750433697247,-0.8317301214788702,0.9639778800561798,-0.7477050253040687,0.7042239680299298
939987.0,0.7877302074326438,0.1305517664346456,0.9134758310050151,0.6826232505436356,-0.4971006537973406,-0.8281912349346825,-0.8900310324110439
939988.0,-0.49234906926814404,0.07336219894776086,0.9429032491576506,-0.08437360846876629,0.3687554886242599,0.8892498764868839,0.6852780344632117
939989.0,-0.09410595872614835,0.7094057653435288,-0.4452972763006129,0.538993705723315,-0.0780526644029822,-0.8158852263260505,0.03568683119434368
939990.0,-0.47774914387179734,0.14679142475060747,-0.4307861025694719,0.7531626774611337,0.5041444334974456,-0.16544850735972538,-0.39704705541227936
939991.0,0.005782085316219154,-0.0085456964124766,-0.3333434421943111,0.6620505554742824,0.2740602864003392,-0.6658065955966499,0.12290805179940012
939992.0,-0.327292297711145,0.1725701348003672,-0.8992895474023916,-0.8013487727999631,-0.6128293973239198,-0.29099500796136724,-0.6071229106370708
939993.0,0.7295802433525449,0.7363197057820441,0.8729635705580692,0.9835070397871744,0.8660653754920122,0.8902485611408084,-0.961426053337965
939994.0,-0.2536216231980337,-0.14596389487512185,-0.5327122095787096,-0.15340270628366093,-0.8600778594699012,0.6486075927193131,0.32092081603299016
939995.0,-0.4459053324439719,-0.21555901227464824,-0.9660509941907154,-0.8955217948687952,-0.6776010455711579,-0.7304274893881699,0.43112291440777284
939996.0,0.007660995052349628,-0.6661692643224577,0.7043652329784844,0.9829845615291675,0.4776862320849493,0.6762778011696999,0.14476054047421938
939997.0,0.7747728107937155,-0.5383072095169972,-0.029066565854467097,0.6706421415981938,0.5915980680957491,0.8995616576129875,0.039231358427675334
939998.0,0.6219026356445629,0.5004754403072171,0.38018140943708345,0.8398481239012214,-0.18106142006714876,-0.7565781933641176,0.12264652410750165
939999.0,-0.659391936195526,-0.5404553334269335,0.22981330957963997,-0.7435208117378627,-0.29112659411248565,-0.9560118297686009,-0.7885464363497332
